Kmeans with centroids: 100
Index distance: 61092.2
PQ distance: 10395.9
result for recall@ 1
0.08966 0.10189 0.10976 0.11741 0.12571 0.13193 0.13822 0.14571 0.15106 0.15635 
0.47 0.6 0.64 0.64 0.65 0.66 0.67 0.67 0.67 0.67 
result for recall@ 10
0.08966 0.10189 0.10976 0.11741 0.12571 0.13193 0.13822 0.14571 0.15106 0.15635 
0.497 0.632 0.675 0.697 0.713 0.721 0.731 0.735 0.737 0.74 
result for recall@ 100
0.08966 0.10189 0.10976 0.11741 0.12571 0.13193 0.13822 0.14571 0.15106 0.15635 
0.3549 0.5226 0.6181 0.6749 0.706 0.7311 0.7495 0.7651 0.7737 0.7798 
Kmeans with centroids: 150
Index distance: 57874
