Kmeans with centroids: 100
Index distance: 61092.2
PQ distance: 10395.9
result for recall@ 1
2.36016 3.74848 5.23445 7.0385 8.54847 10.4005 11.82 13.8693 15.5876 16.7861 
0.47 0.55 0.55 0.53 0.54 0.56 0.56 0.56 0.57 0.57 
result for recall@ 10
2.36016 3.74848 5.23445 7.0385 8.54847 10.4005 11.82 13.8693 15.5876 16.7861 
0.497 0.555 0.563 0.558 0.561 0.564 0.57 0.567 0.568 0.572 
result for recall@ 100
2.36016 3.74848 5.23445 7.0385 8.54847 10.4005 11.82 13.8693 15.5876 16.7861 
0.3549 0.5002 0.5623 0.5963 0.6061 0.6169 0.6248 0.6299 0.6311 0.6353 
Kmeans with centroids: 150
