Kmeans with centroids: 10
result for recall@ 1
476 5571 6074 6655 7364 7694 8279 8605 9333 10000 
0.01 0.19 0.21 0.2 0.2 0.2 0.21 0.22 0.22 0.23 
result for recall@ 10
480.76 5626.71 6134.74 6721.55 7437.64 7770.94 8361.79 8691.05 9426.33 10100 
0.04101 0.29319 0.29521 0.3142 0.3162 0.3142 0.31921 0.31722 0.31922 0.32823 
result for recall@ 100
480.808 5627.27 6135.35 6722.22 7438.38 7771.71 8362.62 8691.91 9427.26 10101 
0.039841 0.377193 0.389895 0.412214 0.429816 0.426514 0.434619 0.431617 0.436319 0.452428 
Kmeans with centroids: 11
result for recall@ 1
475 3137 3642 4224 4934 5260 5842 6166 6899 7564 10000 
0.02 0.14 0.15 0.16 0.16 0.15 0.14 0.15 0.15 0.15 0.17 
result for recall@ 10
479.75 3168.37 3678.42 4266.24 4983.34 5312.6 5900.42 6227.66 6967.99 7639.64 10100 
0.03702 0.19014 0.18915 0.20616 0.20816 0.20715 0.21514 0.21415 0.21415 0.22515 0.24917 
result for recall@ 100
479.797 3168.68 3678.78 4266.66 4983.83 5313.13 5901 6228.28 6968.68 7640.4 10101 
0.039737 0.25509 0.264489 0.286706 0.304808 0.299007 0.305515 0.300114 0.303414 0.320825 0.377449 
Kmeans with centroids: 12
result for recall@ 1
479 3037 3549 4131 4833 5161 5744 6068 6797 7462 8721 10000 
0.02 0.16 0.17 0.17 0.16 0.16 0.16 0.17 0.17 0.17 0.21 0.21 
result for recall@ 10
483.79 3067.37 3584.49 4172.31 4881.33 5212.61 5801.44 6128.68 6864.97 7536.62 8808.21 10100 
0.04002 0.17916 0.18017 0.19617 0.19916 0.19416 0.19916 0.20217 0.20117 0.21517 0.26321 0.27121 
result for recall@ 100
483.838 3067.67 3584.84 4172.72 4881.81 5213.13 5802.01 6129.29 6865.65 7537.37 8809.08 10101 
0.03964 0.236379 0.24888 0.271996 0.288699 0.283394 0.292199 0.289302 0.293101 0.311215 0.367663 0.388871 
Kmeans with centroids: 13
