Kmeans with centroids: 100
Index distance: 61092.2
PQ distance: 10395.9
result for recall@ 1
3.06777 3.71426 4.45646 5.34904 6.34269 7.13026 7.78272 8.89374 9.98405 10.7098 
0.47 0.55 0.55 0.53 0.54 0.56 0.56 0.56 0.57 0.57 
result for recall@ 10
3.06777 3.71426 4.45646 5.34904 6.34269 7.13026 7.78272 8.89374 9.98405 10.7098 
0.497 0.555 0.563 0.558 0.561 0.564 0.57 0.567 0.568 0.572 
result for recall@ 100
3.06777 3.71426 4.45646 5.34904 6.34269 7.13026 7.78272 8.89374 9.98405 10.7098 
0.3549 0.5002 0.5623 0.5963 0.6061 0.6169 0.6248 0.6299 0.6311 0.6353 
Kmeans with centroids: 150
