Kmeans with centroids: 10
result for recall@ 1
476 5571 6074 6655 7364 7694 8279 8605 9333 10000 
0.01 0.19 0.21 0.2 0.2 0.2 0.21 0.22 0.22 0.23 
result for recall@ 10
480.76 5626.71 6134.74 6721.55 7437.64 7770.94 8361.79 8691.05 9426.33 10100 
0.04101 0.29319 0.29521 0.3142 0.3162 0.3142 0.31921 0.31722 0.31922 0.32823 
result for recall@ 100
480.808 5627.27 6135.35 6722.22 7438.38 7771.71 8362.62 8691.91 9427.26 10101 
0.039841 0.377193 0.389895 0.412214 0.429816 0.426514 0.434619 0.431617 0.436319 0.452428 
Kmeans with centroids: 11
result for recall@ 1
475 3137 3642 4224 4934 5260 5842 6166 6899 7564 10000 
0.02 0.14 0.15 0.16 0.16 0.15 0.14 0.15 0.15 0.15 0.17 
result for recall@ 10
479.75 3168.37 3678.42 4266.24 4983.34 5312.6 5900.42 6227.66 6967.99 7639.64 10100 
0.03702 0.19014 0.18915 0.20616 0.20816 0.20715 0.21514 0.21415 0.21415 0.22515 0.24917 
result for recall@ 100
479.797 3168.68 3678.78 4266.66 4983.83 5313.13 5901 6228.28 6968.68 7640.4 10101 
0.039737 0.25509 0.264489 0.286706 0.304808 0.299007 0.305515 0.300114 0.303414 0.320825 0.377449 
Kmeans with centroids: 12
result for recall@ 1
479 3037 3549 4131 4833 5161 5744 6068 6797 7462 8721 10000 
0.02 0.16 0.17 0.17 0.16 0.16 0.16 0.17 0.17 0.17 0.21 0.21 
result for recall@ 10
483.79 3067.37 3584.49 4172.31 4881.33 5212.61 5801.44 6128.68 6864.97 7536.62 8808.21 10100 
0.04002 0.17916 0.18017 0.19617 0.19916 0.19416 0.19916 0.20217 0.20117 0.21517 0.26321 0.27121 
result for recall@ 100
483.838 3067.67 3584.84 4172.72 4881.81 5213.13 5802.01 6129.29 6865.65 7537.37 8809.08 10101 
0.03964 0.236379 0.24888 0.271996 0.288699 0.283394 0.292199 0.289302 0.293101 0.311215 0.367663 0.388871 
Kmeans with centroids: 13
result for recall@ 1
389 2947 3466 4045 4607 4935 5533 5846 6528 6920 8179 9458 10000 
0.02 0.15 0.16 0.18 0.18 0.17 0.16 0.17 0.17 0.17 0.25 0.26 0.25 
result for recall@ 10
392.89 2976.47 3500.66 4085.45 4653.07 4984.35 5588.33 5904.46 6593.28 6989.2 8260.79 9552.58 10100 
0.04102 0.16615 0.17316 0.18618 0.18918 0.18917 0.18916 0.18917 0.18617 0.18917 0.23825 0.26226 0.26525 
result for recall@ 100
392.929 2976.76 3501.01 4085.85 4653.53 4984.84 5588.88 5905.04 6593.93 6989.89 8261.61 9553.53 10101 
0.036341 0.233066 0.250773 0.272386 0.289189 0.287189 0.294789 0.290689 0.289986 0.291889 0.353338 0.372062 0.384565 
Kmeans with centroids: 14
result for recall@ 1
379 1589 2107 2684 3244 3571 4169 4483 5166 5562 6639 7716 8263 10000 
0.02 0.07 0.07 0.09 0.09 0.08 0.09 0.1 0.1 0.11 0.16 0.18 0.17 0.2 
result for recall@ 10
382.79 1604.89 2128.07 2710.84 3276.44 3606.71 4210.69 4527.83 5217.66 5617.62 6705.39 7793.16 8345.63 10100 
0.03902 0.08807 0.08607 0.10609 0.11009 0.10508 0.10909 0.1101 0.1091 0.11411 0.16716 0.21218 0.22617 0.2792 
result for recall@ 100
382.828 1605.05 2128.28 2711.11 3276.76 3607.07 4211.11 4528.28 5218.18 5618.18 6706.05 7793.93 8346.46 10101 
0.036139 0.0963881 0.115486 0.135006 0.14941 0.145505 0.155209 0.15071 0.150509 0.152314 0.227467 0.283912 0.297826 0.369979 
Kmeans with centroids: 15
result for recall@ 1
387 1385 1903 2482 3041 3366 3968 4281 4953 5344 6088 7592 8145 9085 10000 
0.02 0.05 0.05 0.06 0.06 0.06 0.07 0.09 0.08 0.09 0.12 0.16 0.15 0.17 0.17 
result for recall@ 10
390.87 1398.85 1922.03 2506.82 3071.41 3399.66 4007.68 4323.81 5002.53 5397.44 6148.88 7667.92 8226.45 9175.85 10100 
0.03802 0.08205 0.08405 0.10306 0.10606 0.09506 0.10107 0.09909 0.09608 0.09809 0.15412 0.20716 0.21615 0.22617 0.24417 
result for recall@ 100
390.909 1398.99 1922.22 2507.07 3071.71 3400 4008.08 4324.24 5003.03 5397.97 6149.49 7668.68 8227.26 9176.76 10101 
0.036538 0.087382 0.105084 0.126303 0.141506 0.137295 0.146401 0.142599 0.141496 0.142798 0.207554 0.306607 0.319216 0.328926 0.355744 
Kmeans with centroids: 16
result for recall@ 1
387 1108 1623 2198 2768 3094 3691 4004 4687 5078 5773 6951 7493 8263 9154 10000 
0.02 0.1 0.11 0.12 0.12 0.12 0.12 0.14 0.14 0.16 0.21 0.22 0.22 0.2 0.2 0.19 
result for recall@ 10
390.87 1119.08 1639.23 2219.98 2795.68 3124.94 3727.91 4044.04 4733.87 5128.78 5830.73 7020.51 7567.93 8345.63 9245.54 10100 
0.03702 0.1121 0.11811 0.13512 0.14112 0.13612 0.14412 0.14214 0.14114 0.14616 0.20221 0.23222 0.23822 0.2322 0.2392 0.24019 
result for recall@ 100
390.909 1119.19 1639.39 2220.2 2795.96 3125.25 3728.28 4044.44 4734.34 5129.29 5831.31 7021.21 7568.68 8346.46 9246.46 10101 
0.035737 0.0954121 0.112918 0.133835 0.148741 0.144336 0.153044 0.149042 0.148641 0.150946 0.215502 0.300732 0.312838 0.320432 0.340839 0.34074 
Kmeans with centroids: 17
result for recall@ 1
380 1116 1636 2214 2777 3103 3704 4017 4697 5089 5652 6271 6816 7604 8191 8966 10000 
0.02 0.07 0.08 0.09 0.08 0.08 0.08 0.08 0.08 0.1 0.13 0.14 0.13 0.13 0.12 0.11 0.11 
result for recall@ 10
383.8 1127.16 1652.36 2236.14 2804.77 3134.03 3741.04 4057.17 4743.97 5139.89 5708.52 6333.71 6884.16 7680.04 8272.91 9055.66 10100 
0.04102 0.12207 0.12708 0.14109 0.14208 0.13408 0.14408 0.13808 0.13508 0.1381 0.16313 0.16714 0.17713 0.19213 0.19912 0.20011 0.21111 
result for recall@ 100
383.838 1127.27 1652.52 2236.36 2805.05 3134.34 3741.41 4057.57 4744.44 5140.4 5709.08 6334.34 6884.84 7680.8 8273.73 9056.56 10101 
0.036041 0.106822 0.124427 0.146841 0.160042 0.156034 0.163744 0.160338 0.160835 0.163038 0.209563 0.230867 0.242477 0.266692 0.290099 0.2967 0.333011 
Kmeans with centroids: 18
result for recall@ 1
392 1108 1640 2213 2775 3103 3689 3989 4665 5056 5625 6209 6767 7433 7943 8375 9355 10000 
0.01 0.07 0.08 0.09 0.09 0.09 0.1 0.11 0.11 0.12 0.15 0.14 0.14 0.15 0.14 0.14 0.16 0.16 
result for recall@ 10
395.92 1119.08 1656.4 2235.13 2802.75 3134.03 3725.89 4028.89 4711.65 5106.56 5681.25 6271.09 6834.67 7507.33 8022.43 8458.75 9448.55 10100 
0.03601 0.10507 0.10608 0.12609 0.12409 0.11909 0.1241 0.11911 0.11911 0.12212 0.15215 0.15914 0.16914 0.18615 0.19214 0.19814 0.20716 0.21516 
result for recall@ 100
395.959 1119.19 1656.56 2235.35 2803.03 3134.34 3726.26 4029.29 4712.12 5107.07 5681.81 6271.71 6835.35 7508.07 8023.22 8459.59 9449.49 10101 
0.036536 0.104405 0.123106 0.146126 0.159724 0.154119 0.160924 0.155919 0.156819 0.159822 0.208152 0.228859 0.239269 0.263986 0.278092 0.275898 0.310407 0.311115 
Kmeans with centroids: 19
result for recall@ 1
366 1078 1591 2155 2639 2942 3484 3793 4331 4666 5233 5823 6345 7011 7521 7954 8931 9578 10000 
0.02 0.08 0.08 0.1 0.09 0.09 0.1 0.1 0.1 0.11 0.16 0.13 0.12 0.13 0.14 0.15 0.16 0.16 0.16 
result for recall@ 10
369.66 1088.78 1606.91 2176.55 2665.39 2971.42 3518.84 3830.93 4374.31 4712.66 5285.33 5881.23 6408.45 7081.11 7596.21 8033.54 9020.31 9673.78 10100 
0.03702 0.10508 0.11108 0.1261 0.12909 0.12309 0.1351 0.1301 0.1251 0.12811 0.16516 0.17013 0.17812 0.19613 0.19814 0.20515 0.21116 0.21316 0.20416 
result for recall@ 100
369.697 1088.89 1607.07 2176.77 2665.65 2971.71 3519.19 3831.31 4374.74 4713.13 5285.85 5881.81 6409.08 7081.81 7596.96 8034.33 9021.2 9674.74 10101 
0.033837 0.101705 0.122111 0.144426 0.156429 0.151823 0.158835 0.15333 0.152825 0.155828 0.205065 0.22647 0.237178 0.261696 0.277198 0.275605 0.312311 0.310613 0.309704 
Kmeans with centroids: 20
result for recall@ 1
356 1068 1487 2010 2469 2816 3321 3566 4045 4381 4948 5542 6044 6706 7215 7648 8625 9272 9643 10000 
0.02 0.06 0.06 0.08 0.09 0.08 0.08 0.08 0.08 0.08 0.14 0.14 0.13 0.1 0.1 0.13 0.13 0.12 0.12 0.12 
result for recall@ 10
359.56 1078.68 1501.87 2030.1 2493.69 2844.16 3354.21 3601.66 4085.45 4424.81 4997.48 5597.42 6104.44 6773.06 7287.15 7724.48 8711.25 9364.72 9739.43 10100 
0.03902 0.10306 0.10606 0.11808 0.12509 0.12008 0.12108 0.11808 0.11708 0.12108 0.14714 0.15914 0.16513 0.1881 0.1931 0.18913 0.19513 0.20212 0.19412 0.19512 
result for recall@ 100
359.596 1078.79 1502.02 2030.3 2493.94 2844.44 3354.54 3602.02 4085.85 4425.25 4997.98 5597.97 6105.04 6773.73 7287.87 7725.25 8712.11 9365.65 9740.39 10101 
0.034139 0.101403 0.114306 0.137318 0.149425 0.14382 0.150121 0.145918 0.147917 0.151321 0.200447 0.219759 0.229565 0.253188 0.269093 0.270389 0.307395 0.306802 0.305994 0.304795 
Kmeans with centroids: 21
result for recall@ 1
345 1054 1495 1903 2333 2612 3094 3352 3876 4203 4770 5359 5856 6520 7030 7465 8450 9093 9486 9718 10000 
0.02 0.07 0.08 0.09 0.09 0.09 0.09 0.09 0.08 0.1 0.13 0.13 0.14 0.16 0.16 0.19 0.18 0.15 0.15 0.15 0.15 
result for recall@ 10
348.45 1064.54 1509.95 1922.03 2356.33 2638.12 3124.94 3385.52 3914.76 4245.03 4817.7 5412.59 5914.56 6585.2 7100.3 7539.65 8534.5 9183.93 9580.86 9815.18 10100 
0.03202 0.09807 0.10208 0.11909 0.12709 0.12009 0.12709 0.12709 0.12408 0.1251 0.14913 0.16713 0.17414 0.19816 0.19816 0.20519 0.21618 0.21615 0.21215 0.21215 0.21115 
result for recall@ 100
348.484 1064.65 1510.1 1922.22 2356.56 2638.38 3125.25 3385.85 3915.15 4245.45 4818.18 5413.13 5915.15 6585.85 7101 7540.4 8535.34 9184.84 9581.81 9816.15 10101 
0.034532 0.102098 0.115202 0.135419 0.151027 0.14652 0.153727 0.148227 0.150424 0.152525 0.201849 0.222267 0.233674 0.257098 0.273598 0.274105 0.309616 0.309916 0.310912 0.309012 0.305611 
Kmeans with centroids: 22
result for recall@ 1
363 1071 1476 1919 2350 2570 3019 3261 3718 4028 4598 5186 5682 6360 6871 7301 8281 8918 9285 9465 9775 10000 
0.01 0.05 0.05 0.06 0.06 0.06 0.08 0.08 0.08 0.09 0.13 0.12 0.13 0.13 0.13 0.16 0.18 0.17 0.17 0.16 0.16 0.16 
result for recall@ 10
366.63 1081.71 1490.76 1938.19 2373.5 2595.7 3049.19 3293.61 3755.18 4068.28 4643.98 5237.86 5738.82 6423.6 6939.71 7374.01 8363.81 9007.18 9377.85 9559.65 9872.75 10100 
0.02901 0.09905 0.10505 0.12106 0.12206 0.11906 0.12508 0.12308 0.12408 0.12509 0.15113 0.16412 0.17713 0.19913 0.20113 0.20316 0.21218 0.21117 0.20917 0.20616 0.20416 0.20316 
result for recall@ 100
366.666 1081.82 1490.91 1938.38 2373.74 2595.96 3049.49 3293.94 3755.55 4068.68 4644.44 5238.38 5739.39 6424.24 6940.4 7374.74 8364.64 9008.07 9378.78 9560.6 9873.73 10101 
0.033629 0.101599 0.113405 0.135521 0.148922 0.144219 0.152725 0.147823 0.149724 0.152725 0.200951 0.220864 0.232677 0.258899 0.274301 0.273403 0.308012 0.306711 0.306909 0.305606 0.304004 0.302203 
Kmeans with centroids: 23
result for recall@ 1
363 955 1355 1798 2231 2450 2904 3147 3606 3917 4489 4918 5410 5939 6409 6922 7730 8339 8703 8884 9195 9420 10000 
0.01 0.04 0.04 0.05 0.06 0.06 0.07 0.07 0.06 0.07 0.1 0.1 0.09 0.11 0.1 0.1 0.11 0.12 0.12 0.12 0.12 0.12 0.15 
result for recall@ 10
366.63 964.55 1368.55 1815.98 2253.31 2474.5 2933.04 3178.47 3642.06 3956.17 4533.89 4967.18 5464.1 5998.39 6473.09 6991.22 7807.3 8422.39 8790.03 8972.84 9286.95 9514.2 10100 
0.03001 0.08404 0.08804 0.09805 0.10506 0.10506 0.11207 0.11207 0.11406 0.11407 0.1421 0.1421 0.15309 0.16911 0.1741 0.1771 0.18611 0.19312 0.19112 0.18912 0.18812 0.18812 0.20115 
result for recall@ 100
366.666 964.645 1368.69 1816.16 2253.53 2474.75 2933.33 3178.78 3642.42 3956.56 4534.34 4967.67 5464.64 5998.98 6473.73 6991.91 7808.07 8423.22 8790.9 8973.73 9287.87 9515.14 10101 
0.03413 0.097984 0.108988 0.131998 0.144305 0.140605 0.147712 0.144712 0.147014 0.149514 0.184942 0.197842 0.211453 0.232669 0.246074 0.249877 0.280086 0.287093 0.286891 0.284389 0.284488 0.281188 0.299501 
Kmeans with centroids: 24
result for recall@ 1
361 689 1092 1534 1966 2183 2635 2877 3332 3644 4211 4814 5311 5812 6249 6830 7542 7999 8368 8549 8859 9085 9570 10000 
0.01 0.05 0.05 0.06 0.06 0.06 0.08 0.08 0.08 0.08 0.1 0.11 0.12 0.13 0.14 0.15 0.16 0.2 0.2 0.19 0.19 0.19 0.22 0.22 
result for recall@ 10
364.61 695.89 1102.92 1549.34 1985.66 2204.83 2661.35 2905.77 3365.32 3680.44 4253.11 4862.14 5364.11 5870.12 6311.49 6898.3 7617.42 8078.99 8451.68 8634.49 8947.59 9175.85 9665.7 10100 
0.03001 0.05905 0.06505 0.07806 0.08106 0.07306 0.08708 0.08808 0.08908 0.08808 0.1201 0.15211 0.16212 0.18813 0.18614 0.19115 0.19816 0.2072 0.2012 0.19619 0.19419 0.19419 0.20822 0.21122 
result for recall@ 100
364.646 695.959 1103.03 1549.49 1985.86 2205.05 2661.61 2906.06 3365.65 3680.8 4253.53 4862.62 5364.64 5870.7 6312.12 6898.98 7618.17 8079.79 8452.52 8635.34 8948.48 9176.76 9666.66 10101 
0.03373 0.0560591 0.0672651 0.0865781 0.0976811 0.0964731 0.103187 0.0998881 0.103789 0.108888 0.15142 0.199552 0.211662 0.233888 0.247186 0.252691 0.273198 0.279007 0.277401 0.275696 0.273094 0.270794 0.286808 0.287111 
Kmeans with centroids: 25
result for recall@ 1
363 786 1186 1629 2063 2282 2736 2979 3438 3749 4253 4719 5211 5697 6122 6673 7303 7747 8112 8291 8603 8828 9291 9685 10000 
0.01 0.04 0.06 0.07 0.07 0.07 0.08 0.07 0.08 0.09 0.11 0.14 0.14 0.14 0.13 0.14 0.15 0.17 0.17 0.17 0.17 0.17 0.18 0.18 0.21 
result for recall@ 10
366.63 793.86 1197.86 1645.29 2083.63 2304.82 2763.36 3008.79 3472.38 3786.49 4295.53 4766.19 5263.11 5753.97 6183.22 6739.73 7376.03 7824.47 8193.12 8373.91 8689.03 8916.28 9383.91 9781.85 10100 
0.03101 0.06504 0.07006 0.08507 0.08907 0.08507 0.09908 0.09607 0.09308 0.09409 0.11011 0.13714 0.14914 0.17014 0.16713 0.16814 0.17515 0.18917 0.18617 0.18017 0.17817 0.17717 0.19218 0.19118 0.19921 
result for recall@ 100
366.666 793.939 1197.98 1645.45 2083.84 2305.05 2763.63 3009.09 3472.72 3786.86 4295.96 4766.66 5263.63 5754.54 6183.83 6740.4 7376.76 7825.25 8193.93 8374.74 8689.89 8917.16 9384.84 9782.82 10101 
0.033631 0.069865 0.0805701 0.103085 0.116289 0.112485 0.119999 0.116396 0.118993 0.122194 0.15121 0.201637 0.212649 0.23087 0.246767 0.249668 0.266975 0.272989 0.273486 0.27108 0.270578 0.267177 0.280692 0.281691 0.282799 
Kmeans with centroids: 26
result for recall@ 1
357 758 1159 1604 2037 2257 2712 2955 3416 3720 3988 4411 4906 5354 5783 6322 6881 7294 7666 7844 8153 8379 8823 9203 9712 10000 
0.02 0.06 0.06 0.07 0.08 0.08 0.08 0.08 0.08 0.08 0.12 0.13 0.12 0.14 0.16 0.16 0.18 0.19 0.19 0.19 0.19 0.17 0.2 0.2 0.2 0.22 
