Kmeans with centroids: 100
Distance computation
62106.4 11321.5
61368.3 10698.7
61125.3 10497.6
61005.2 10398.8
60930.6 10342.8
60905.3 10300
60897 10276
60894.6 10260.4
60893.3 10251.3
60892.8 10245.1
result for recall@ 1
115.79 1206 2290.6 3349.4 4273.97 5128.86 5993.85 6888.62 7836.67 8879.4 10000 
0.53 0.74 0.74 0.74 0.74 0.74 0.74 0.74 0.74 0.74 0.74 
result for recall@ 10
231.58 2412 4581.2 6698.8 8547.94 10257.7 11987.7 13777.2 15673.3 17758.8 20000 
0.58 0.822 0.826 0.826 0.826 0.826 0.826 0.826 0.826 0.826 0.826 
result for recall@ 100
347.37 3618 6871.8 10048.2 12821.9 15386.6 17981.6 20665.9 23510 26638.2 30000 
0.4157 0.87 0.8875 0.8891 0.8892 0.8892 0.8892 0.8892 0.8892 0.8892 0.8892 
Kmeans with centroids: 110
Distance computation
61553.2 11278.6
60764.1 10657.8
60480.7 10453.3
60384 10347.5
60319.2 10289.9
60270.2 10252.6
60253.9 10223.1
60243.8 10205.3
60234.2 10192.5
60222.7 10183.8
result for recall@ 1
103.56 1046.6 1948.6 2830.53 3694.48 4506.09 5253.63 6048.09 6916.89 7820.82 8812.83 10000 
0.48 0.67 0.67 0.67 0.67 0.67 0.67 0.67 0.67 0.67 0.67 0.67 
result for recall@ 10
207.12 2093.2 3897.2 5661.06 7388.96 9012.18 10507.3 12096.2 13833.8 15641.6 17625.7 20000 
0.533 0.803 0.806 0.806 0.806 0.806 0.806 0.806 0.806 0.806 0.806 0.806 
result for recall@ 100
310.68 3139.8 5845.8 8491.59 11083.4 13518.3 15760.9 18144.3 20750.7 23462.5 26438.5 30000 
0.3757 0.8638 0.8836 0.887 0.8872 0.8872 0.8872 0.8872 0.8872 0.8872 0.8872 0.8872 
Kmeans with centroids: 120
Distance computation
60808.5 11143
60043.6 10499.5
59848.7 10295.9
59716.9 10210.5
59659.8 10152.3
59639.5 10122.3
59626.7 10105
59619 10096.2
59617 10088.6
59616.2 10084.8
result for recall@ 1
102.65 1022.96 1924.73 2796.02 3640.58 4395.55 5120.54 5812.89 6529.85 7305.5 8125.36 8996.95 10000 
0.55 0.71 0.71 0.71 0.71 0.71 0.71 0.71 0.71 0.71 0.71 0.71 0.71 
result for recall@ 10
205.3 2045.92 3849.46 5592.04 7281.16 8791.1 10241.1 11625.8 13059.7 14611 16250.7 17993.9 20000 
0.562 0.83 0.834 0.835 0.835 0.835 0.835 0.835 0.835 0.835 0.835 0.835 0.835 
result for recall@ 100
307.95 3068.88 5774.19 8388.06 10921.7 13186.7 15361.6 17438.7 19589.6 21916.5 24376.1 26990.8 30000 
0.3847 0.8635 0.8852 0.8881 0.8888 0.8889 0.8889 0.8889 0.8889 0.8889 0.8889 0.8889 0.8889 
Kmeans with centroids: 130
Distance computation
60052.3 11204.7
59363.3 10568
59203.5 10364.4
59086.4 10270.3
59031.6 10213.9
58997.5 10169.2
58973.6 10136
58961.4 10114.9
58957.1 10099.5
58955.9 10090
result for recall@ 1
87.29 893.12 1665.31 2413.31 3147.48 3847.11 4473.13 5069.74 5769.31 6499.28 7292.94 8121.6 8998.36 10000 
0.5 0.73 0.73 0.73 0.73 0.73 0.73 0.73 0.73 0.73 0.73 0.73 0.73 0.73 
result for recall@ 10
174.58 1786.24 3330.62 4826.62 6294.96 7694.22 8946.26 10139.5 11538.6 12998.6 14585.9 16243.2 17996.7 20000 
0.521 0.803 0.808 0.81 0.81 0.81 0.81 0.81 0.81 0.81 0.81 0.81 0.81 0.81 
result for recall@ 100
261.87 2679.36 4995.93 7239.93 9442.44 11541.3 13419.4 15209.2 17307.9 19497.8 21878.8 24364.8 26995.1 30000 
0.3561 0.8557 0.8843 0.8889 0.8895 0.8898 0.8899 0.8899 0.8899 0.8899 0.8899 0.8899 0.8899 0.8899 
Kmeans with centroids: 140
Distance computation
59694.4 11208.8
58975.3 10595.3
58814.2 10388.1
58741.1 10294.2
58680.6 10232.3
58640.1 10193.6
58631.1 10166.2
58622.2 10151.6
58615.5 10137
58613.6 10123.3
result for recall@ 1
93.01 908.66 1694.16 2473.72 3220.89 3914.31 4573.49 5161.58 5738.62 6336.37 6982.33 7636.65 8333.71 9078.79 10000 
0.48 0.71 0.71 0.71 0.71 0.71 0.71 0.71 0.71 0.71 0.71 0.71 0.71 0.71 0.71 
result for recall@ 10
186.02 1817.32 3388.32 4947.44 6441.78 7828.62 9146.98 10323.2 11477.2 12672.7 13964.7 15273.3 16667.4 18157.6 20000 
0.536 0.806 0.814 0.816 0.816 0.816 0.816 0.816 0.816 0.816 0.816 0.816 0.816 0.816 0.816 
result for recall@ 100
279.03 2725.98 5082.48 7421.16 9662.67 11742.9 13720.5 15484.7 17215.9 19009.1 20947 22909.9 25001.1 27236.4 30000 
0.3611 0.8511 0.883 0.8877 0.8881 0.8883 0.8883 0.8883 0.8883 0.8883 0.8883 0.8883 0.8883 0.8883 0.8883 
Kmeans with centroids: 150
Distance computation
59084.6 11153.3
58422.2 10514.5
58213.9 10323.3
58147.1 10227
58114.6 10165.2
58084.4 10129
58066 10107.7
58057.7 10089.4
58049.7 10074.5
58043.4 10066.9
result for recall@ 1
75.99 787.85 1471.42 2140.81 2797.46 3440.91 4060.29 4614.31 5137.11 5703.51 6305.38 6946.96 7622.38 8351.03 9100.01 10000 
0.51 0.74 0.74 0.74 0.74 0.74 0.74 0.74 0.74 0.74 0.74 0.74 0.74 0.74 0.74 0.74 
result for recall@ 10
151.98 1575.7 2942.84 4281.62 5594.92 6881.82 8120.58 9228.62 10274.2 11407 12610.8 13893.9 15244.8 16702.1 18200 20000 
0.516 0.822 0.823 0.824 0.824 0.824 0.824 0.824 0.824 0.824 0.824 0.824 0.824 0.824 0.824 0.824 
result for recall@ 100
227.97 2363.55 4414.26 6422.43 8392.38 10322.7 12180.9 13842.9 15411.3 17110.5 18916.1 20840.9 22867.1 25053.1 27300 30000 
0.3325 0.8535 0.885 0.8889 0.8899 0.8907 0.8907 0.8907 0.8907 0.8907 0.8907 0.8907 0.8907 0.8907 0.8907 0.8907 
Kmeans with centroids: 160
Distance computation
58411.4 11097.5
57781.3 10498.6
57571.2 10298.2
57506.9 10202.8
57479.9 10152.8
57468.1 10121.2
57462.2 10102.6
57459.7 10088.2
57459.7 10077.4
57459.2 10068.3
result for recall@ 1
72.3 735.63 1369.9 1999.29 2608.16 3219.18 3798.33 4351.63 4912.76 5460.1 6008.68 6577.51 7166.82 7799.59 8485.07 9198.63 10000 
0.54 0.68 0.68 0.69 0.69 0.69 0.69 0.69 0.69 0.69 0.69 0.69 0.69 0.69 0.69 0.69 0.69 
result for recall@ 10
144.6 1471.26 2739.8 3998.58 5216.32 6438.36 7596.66 8703.26 9825.52 10920.2 12017.4 13155 14333.6 15599.2 16970.1 18397.3 20000 
0.523 0.817 0.824 0.826 0.826 0.826 0.826 0.826 0.826 0.826 0.826 0.826 0.826 0.826 0.826 0.826 0.826 
result for recall@ 100
216.9 2206.89 4109.7 5997.87 7824.48 9657.54 11395 13054.9 14738.3 16380.3 18026 19732.5 21500.5 23398.8 25455.2 27595.9 30000 
0.3333 0.8482 0.8814 0.8897 0.8914 0.8915 0.8916 0.8916 0.8916 0.8916 0.8916 0.8916 0.8916 0.8916 0.8916 0.8916 0.8916 
Kmeans with centroids: 170
Distance computation
57991.4 11093.1
57345.7 10446.2
57159.8 10259.9
57090.4 10163.1
57032.8 10101.1
56975.5 10063.5
56924.4 10028
56891.2 10002.3
56874.4 9981.35
56866.9 9964.64
result for recall@ 1
76.06 731.99 1344.93 1947.94 2543.12 3126.13 3683.84 4203.42 4742.11 5251.14 5757.41 6294.48 6842.9 7411.22 7995 8612.04 9229.35 10000 
0.49 0.7 0.71 0.71 0.71 0.71 0.71 0.71 0.71 0.71 0.71 0.71 0.71 0.71 0.71 0.71 0.71 0.71 
result for recall@ 10
152.12 1463.98 2689.86 3895.88 5086.24 6252.26 7367.68 8406.84 9484.22 10502.3 11514.8 12589 13685.8 14822.4 15990 17224.1 18458.7 20000 
0.518 0.813 0.818 0.82 0.82 0.82 0.82 0.82 0.82 0.82 0.82 0.82 0.82 0.82 0.82 0.82 0.82 0.82 
result for recall@ 100
228.18 2195.97 4034.79 5843.82 7629.36 9378.39 11051.5 12610.3 14226.3 15753.4 17272.2 18883.4 20528.7 22233.7 23985 25836.1 27688.1 30000 
0.3359 0.8507 0.8842 0.8907 0.8913 0.8911 0.8909 0.8909 0.8909 0.8909 0.8909 0.8909 0.8909 0.8909 0.8909 0.8909 0.8909 0.8909 
Kmeans with centroids: 180
Distance computation
57567.9 11145.5
56946 10483.3
56799.8 10276.8
56734.2 10184.3
56709 10129
56703.6 10095.6
56701.7 10069.8
56701.5 10056.2
56700.4 10045.9
56698.6 10036.7
result for recall@ 1
69.52 676.45 1258.71 1829.34 2394.55 2945.45 3455.49 3944.55 4431.24 4866.23 5326.48 5810.06 6325.21 6867.87 7423.99 7994.31 8592.39 9266.45 10000 
0.47 0.69 0.69 0.69 0.69 0.69 0.69 0.69 0.69 0.69 0.69 0.69 0.69 0.69 0.69 0.69 0.69 0.69 0.69 
result for recall@ 10
139.04 1352.9 2517.42 3658.68 4789.1 5890.9 6910.98 7889.1 8862.48 9732.46 10653 11620.1 12650.4 13735.7 14848 15988.6 17184.8 18532.9 20000 
0.503 0.806 0.82 0.82 0.82 0.82 0.82 0.82 0.82 0.82 0.82 0.82 0.82 0.82 0.82 0.82 0.82 0.82 0.82 
result for recall@ 100
208.56 2029.35 3776.13 5488.02 7183.65 8836.35 10366.5 11833.7 13293.7 14598.7 15979.4 17430.2 18975.6 20603.6 22272 23982.9 25777.2 27799.3 30000 
0.3082 0.8339 0.8793 0.8849 0.8868 0.8877 0.8877 0.8879 0.888 0.888 0.888 0.888 0.888 0.888 0.888 0.888 0.888 0.888 0.888 
Kmeans with centroids: 190
Distance computation
57044.6 11046.1
56287.2 10410.7
56142.3 10211.9
56087.4 10122
56050.8 10071
56020.8 10035.5
56007.3 10009
55983.1 9986.5
55958.1 9960.09
55950.2 9940.45
result for recall@ 1
64.87 668.81 1219.5 1764.45 2291.04 2815.51 3332.46 3827.06 4312.99 4789.2 5238.36 5672.99 6142.94 6613.37 7106.43 7626.7 8152.67 8712.42 9309.82 10000 
0.45 0.71 0.71 0.71 0.71 0.71 0.71 0.71 0.71 0.71 0.71 0.71 0.71 0.71 0.71 0.71 0.71 0.71 0.71 0.71 
result for recall@ 10
129.74 1337.62 2439 3528.9 4582.08 5631.02 6664.92 7654.12 8625.98 9578.4 10476.7 11346 12285.9 13226.7 14212.9 15253.4 16305.3 17424.8 18619.6 20000 
0.458 0.821 0.837 0.84 0.842 0.842 0.842 0.842 0.842 0.842 0.842 0.842 0.842 0.842 0.842 0.842 0.842 0.842 0.842 0.842 
result for recall@ 100
194.61 2006.43 3658.5 5293.35 6873.12 8446.53 9997.38 11481.2 12939 14367.6 15715.1 17019 18428.8 19840.1 21319.3 22880.1 24458 26137.3 27929.5 30000 
0.2987 0.8396 0.8819 0.891 0.8934 0.894 0.8941 0.8941 0.8941 0.8941 0.8941 0.8941 0.8941 0.8941 0.8941 0.8941 0.8941 0.8941 0.8941 0.8941 
Kmeans with centroids: 200
Distance computation
56525.7 11102.6
55954.2 10431
55823.8 10212.3
55786.8 10110.2
55773.4 10056.6
55766.2 10021.8
55765 10001
55764.6 9981.14
55764.4 9965.58
55764.5 9953.08
result for recall@ 1
60.92 643.89 1182.38 1713.95 2220.98 2737.63 3234 3718.46 4169.46 4585.49 5022.8 5437.85 5842.7 6275.47 6732.51 7206.13 7701.18 8203.42 8723.85 9326.89 10000 
0.5 0.7 0.71 0.71 0.71 0.71 0.71 0.71 0.71 0.71 0.71 0.71 0.71 0.71 0.71 0.71 0.71 0.71 0.71 0.71 0.71 
result for recall@ 10
121.84 1287.78 2364.76 3427.9 4441.96 5475.26 6468 7436.92 8338.92 9170.98 10045.6 10875.7 11685.4 12550.9 13465 14412.3 15402.4 16406.8 17447.7 18653.8 20000 
0.471 0.815 0.827 0.831 0.832 0.832 0.832 0.832 0.832 0.832 0.832 0.832 0.832 0.832 0.832 0.832 0.832 0.832 0.832 0.832 0.832 
result for recall@ 100
182.76 1931.67 3547.14 5141.85 6662.94 8212.89 9702 11155.4 12508.4 13756.5 15068.4 16313.5 17528.1 18826.4 20197.5 21618.4 23103.5 24610.3 26171.6 27980.7 30000 
0.2926 0.8398 0.8809 0.888 0.8901 0.8903 0.8906 0.8906 0.8906 0.8906 0.8906 0.8906 0.8906 0.8906 0.8906 0.8906 0.8906 0.8906 0.8906 0.8906 0.8906 
