Kmeans with centroids: 10
Distance computation
83143 12219.4
81370.6 11527.5
80811.9 11293.6
80630.8 11139.6
80582 11048.6
80563.4 10982.8
80553.2 10933.4
80547.2 10896.3
80539.7 10874.5
80534.9 10856.3
result for recall@ 1
1000 2197 3603 4209 5570 6878 7666 8696 9261 10000 
0.03 0.1 0.26 0.35 0.43 0.48 0.53 0.57 0.63 0.68 
result for recall@ 10
1010 2218.97 3639.03 4251.09 5625.7 6946.78 7742.66 8782.96 9353.61 10100 
0.07103 0.1701 0.35226 0.43935 0.51343 0.56948 0.62653 0.65457 0.69363 0.75568 
result for recall@ 100
1010.1 2219.19 3639.39 4251.51 5626.26 6947.47 7743.43 8783.83 9354.54 10101 
0.086171 0.18587 0.389752 0.493039 0.582813 0.639369 0.680527 0.707055 0.731994 0.805156 
Kmeans with centroids: 11
Distance computation
80942.7 12389.2
79581.4 11585.3
79184.3 11309.4
79002.9 11172
78912.1 11088.4
78863.8 11018.1
78845 10965.9
78835.9 10929.5
78833.1 10901.6
78832.3 10881.1
result for recall@ 1
704 1626 2580 3392 4177 5578 6585 7173 8010 9194 10000 
0.05 0.09 0.14 0.27 0.3 0.34 0.38 0.39 0.44 0.55 0.67 
result for recall@ 10
711.04 1642.26 2605.8 3425.92 4218.77 5633.78 6650.85 7244.73 8090.1 9285.94 10100 
0.04705 0.10609 0.17514 0.28127 0.2963 0.35934 0.42938 0.49339 0.54444 0.67555 0.74467 
result for recall@ 100
711.11 1642.42 2606.06 3426.26 4219.19 5634.34 6651.51 7245.45 8090.9 9286.86 10101 
0.0475471 0.105906 0.175875 0.301581 0.318796 0.396259 0.462229 0.538193 0.588844 0.753875 0.803545 
Kmeans with centroids: 12
Distance computation
79220.4 12360.8
78341.5 11595
78227 11321.3
78191.2 11174.3
78182.8 11083.2
78178.4 11024.9
78174.8 10988.4
78172.2 10967.4
78169.9 10948.3
78168.1 10935.2
result for recall@ 1
783 1562 2882 3541 4063 5021 5840 6657 7641 8756 9426 10000 
0.03 0.15 0.21 0.24 0.35 0.4 0.43 0.46 0.52 0.64 0.67 0.71 
result for recall@ 10
790.83 1577.62 2910.82 3576.41 4103.63 5071.21 5898.4 6723.57 7717.41 8843.56 9520.26 10100 
0.05303 0.14615 0.21721 0.25724 0.34735 0.4024 0.41443 0.46446 0.53152 0.66464 0.70867 0.76171 
result for recall@ 100
790.908 1577.78 2911.11 3576.76 4104.04 5071.71 5898.98 6724.24 7718.17 8844.44 9521.2 10101 
0.055853 0.139246 0.232817 0.273357 0.368847 0.418002 0.428914 0.479164 0.546032 0.707365 0.742309 0.803362 
Kmeans with centroids: 13
Distance computation
81087.1 12335.5
79625.4 11553.5
79074.2 11294.2
78808.7 11140.6
78678.5 11039
78615.3 10977.4
78571.3 10932.9
78540.9 10893.9
78515.8 10865.2
78506.3 10843.5
result for recall@ 1
684 1259 2258 3413 5188 5820 6787 7421 7940 8500 9070 9582 10000 
0.06 0.14 0.19 0.25 0.32 0.37 0.43 0.47 0.52 0.53 0.59 0.67 0.72 
result for recall@ 10
690.84 1271.59 2280.58 3447.13 5239.88 5878.2 6854.87 7495.21 8019.4 8585 9160.7 9677.82 10100 
0.07806 0.14714 0.21319 0.27025 0.33932 0.37137 0.43643 0.50747 0.55652 0.57453 0.64159 0.71767 0.75472 
result for recall@ 100
690.908 1271.72 2280.81 3447.47 5240.4 5878.78 6855.55 7495.95 8020.19 8585.85 9161.61 9678.78 10101 
0.101578 0.167047 0.233913 0.29117 0.376839 0.415571 0.480436 0.559907 0.620557 0.638375 0.690742 0.779518 0.805755 
Kmeans with centroids: 14
Distance computation
78460.5 12442.7
77570.6 11617.1
77243.2 11345.7
77117.9 11190.8
77054.6 11077.6
77019.2 11009
76995.1 10962
76974.7 10933.6
76960.2 10911
76947.1 10893.1
result for recall@ 1
386 1234 2107 2871 3393 4022 4731 5462 6172 6573 7215 7780 8837 10000 
0.02 0.06 0.11 0.18 0.28 0.3 0.41 0.43 0.47 0.48 0.51 0.54 0.55 0.67 
result for recall@ 10
389.86 1246.34 2128.07 2899.71 3426.93 4062.22 4778.31 5516.62 6233.72 6638.73 7287.15 7857.8 8925.37 10100 
0.00802 0.04606 0.10511 0.16818 0.25228 0.3023 0.38441 0.42743 0.47647 0.48148 0.52051 0.57254 0.60855 0.73467 
result for recall@ 100
389.899 1246.46 2128.28 2900 3427.27 4062.62 4778.78 5517.17 6234.34 6639.39 7287.87 7858.58 8926.25 10101 
0.00790802 0.0616461 0.125805 0.194268 0.291552 0.338002 0.410484 0.450827 0.500576 0.503281 0.53942 0.610573 0.658709 0.802335 
Kmeans with centroids: 15
Distance computation
77870.9 12357.9
77141.7 11497.4
77002.6 11227.3
76940.4 11086.6
76899.2 10992.7
76862.4 10947
76839.5 10904.6
76824.1 10871.8
76811.1 10853.7
76797.8 10835.3
result for recall@ 1
606 1007 1658 3097 3742 4108 4526 5481 6077 7316 7736 8309 9130 9607 10000 
0.01 0.03 0.07 0.22 0.25 0.29 0.3 0.42 0.42 0.52 0.5 0.53 0.55 0.54 0.59 
result for recall@ 10
612.06 1017.07 1674.58 3127.97 3779.42 4149.08 4571.26 5535.81 6137.77 7389.16 7813.36 8392.09 9221.3 9703.07 10100 
0.05401 0.07503 0.12107 0.32122 0.37825 0.39529 0.3953 0.51142 0.51742 0.59352 0.6015 0.65253 0.69455 0.70654 0.74059 
result for recall@ 100
612.121 1017.17 1674.75 3128.28 3779.79 4149.49 4571.71 5536.36 6138.38 7389.89 7814.13 8392.92 9222.21 9704.03 10101 
0.061754 0.080175 0.137021 0.354121 0.425378 0.440195 0.444895 0.572111 0.588817 0.667894 0.682401 0.729953 0.763894 0.776107 0.803541 
Kmeans with centroids: 16
Distance computation
77741.5 12442
76361 11612.7
76114.9 11318.8
75999.5 11150.2
75922.5 11048.4
75822.4 10991.6
75763.5 10953.7
75721.6 10914.7
75691.3 10888.2
75674 10867.1
result for recall@ 1
579 1288 1768 2775 3375 3947 4252 5035 5725 6176 6748 7273 7754 8636 9290 10000 
0.07 0.09 0.11 0.2 0.24 0.28 0.31 0.38 0.41 0.47 0.52 0.53 0.53 0.63 0.63 0.68 
result for recall@ 10
584.79 1300.88 1785.68 2802.75 3408.75 3986.47 4294.52 5085.35 5782.25 6237.76 6815.48 7345.73 7831.54 8722.36 9382.9 10100 
0.08107 0.12209 0.13911 0.2572 0.31124 0.33828 0.38031 0.45638 0.51541 0.56047 0.61052 0.62953 0.63453 0.72763 0.73163 0.76368 
result for recall@ 100
584.848 1301.01 1785.86 2803.03 3409.09 3986.86 4294.94 5085.85 5782.82 6238.38 6816.15 7346.46 7832.31 8723.22 9383.83 10101 
0.100781 0.152322 0.168539 0.311757 0.362711 0.394538 0.42898 0.503456 0.581915 0.61436 0.667611 0.687429 0.691235 0.770528 0.783532 0.807864 
Kmeans with centroids: 17
Distance computation
76349.8 12357.2
75422 11556.1
75292.1 11264.1
75249.1 11106.1
75233.5 11018.9
75222.2 10969.1
75216.9 10925.4
75214.3 10897.1
75212.7 10881.3
75211.6 10872.9
result for recall@ 1
690 1048 1641 1952 2312 3065 4036 4736 5634 6214 6986 7553 8113 8392 9039 9576 10000 
0.09 0.09 0.11 0.17 0.18 0.23 0.31 0.32 0.37 0.4 0.51 0.53 0.56 0.58 0.6 0.61 0.64 
result for recall@ 10
696.9 1058.48 1657.41 1971.52 2335.12 3095.65 4076.36 4783.36 5690.34 6276.14 7055.86 7628.53 8194.13 8475.92 9129.39 9671.76 10100 
0.08509 0.09009 0.15811 0.20217 0.22018 0.26223 0.36231 0.38832 0.46837 0.5134 0.60751 0.63253 0.67756 0.68558 0.7026 0.71561 0.72964 
result for recall@ 100
696.969 1058.58 1657.57 1971.72 2335.35 3095.96 4076.76 4783.83 5690.9 6276.76 7056.56 7629.29 8194.94 8476.76 9130.29 9672.72 10101 
0.0786851 0.0856901 0.163658 0.201002 0.21402 0.260362 0.389062 0.422788 0.505468 0.560113 0.664908 0.702733 0.748878 0.752086 0.777403 0.792916 0.80893 
Kmeans with centroids: 18
Distance computation
78555.8 12268.5
77212.8 11540.4
76790 11260.7
76606.5 11092.6
76546.6 10996.2
76517.1 10930
76504.7 10874
76498.3 10840
76492.1 10825.1
76487.1 10812.3
result for recall@ 1
367 772 1226 1741 3580 3992 5177 6129 6485 6814 7156 7507 7782 8141 8464 8840 9757 10000 
0.05 0.1 0.16 0.19 0.27 0.27 0.31 0.37 0.41 0.42 0.45 0.48 0.49 0.53 0.52 0.55 0.58 0.63 
result for recall@ 10
370.67 779.72 1238.26 1758.41 3615.8 4031.92 5228.77 6190.29 6549.85 6882.14 7227.56 7582.07 7859.82 8222.41 8548.64 8928.4 9854.57 10100 
0.06005 0.1161 0.20016 0.24419 0.33127 0.35427 0.40331 0.46637 0.48741 0.50942 0.53545 0.57748 0.59349 0.63553 0.65652 0.67355 0.71958 0.75063 
result for recall@ 100
370.707 779.797 1238.38 1758.58 3616.16 4032.32 5229.29 6190.9 6550.5 6882.82 7228.28 7582.82 7860.6 8223.22 8549.49 8929.28 9855.55 10101 
0.07756 0.124016 0.2224 0.286344 0.392431 0.416554 0.470503 0.541866 0.559587 0.585809 0.608135 0.657178 0.671394 0.702436 0.724257 0.743474 0.78562 0.801451 
Kmeans with centroids: 19
Distance computation
76324.1 12302.9
74702.2 11571.7
74363.4 11293.5
74210.6 11133.4
74112.3 11054.5
74036.9 10991.3
73995.6 10938.5
73958.8 10893.3
73939.6 10856.5
73927.7 10827.4
result for recall@ 1
623 1022 1488 1966 2454 2921 3300 3949 4473 5420 5933 6316 6953 7474 7888 8551 8901 9457 10000 
0.08 0.1 0.12 0.12 0.2 0.21 0.21 0.26 0.28 0.39 0.39 0.43 0.47 0.47 0.52 0.52 0.58 0.59 0.63 
result for recall@ 10
629.23 1032.22 1502.88 1985.66 2478.54 2950.21 3333 3988.49 4517.73 5474.2 5992.33 6379.16 7022.53 7548.74 7966.88 8636.51 8990.01 9551.57 10100 
0.07308 0.0991 0.15612 0.16712 0.2412 0.26421 0.26621 0.32326 0.35028 0.47239 0.49439 0.52843 0.55247 0.56747 0.59152 0.63952 0.67858 0.69159 0.73763 
result for recall@ 100
629.292 1032.32 1503.03 1985.86 2478.79 2950.5 3333.33 3988.89 4518.18 5474.74 5992.92 6379.79 7023.23 7549.49 7967.67 8637.37 8990.9 9552.52 10101 
0.0711731 0.0915991 0.159056 0.173967 0.265341 0.288964 0.293766 0.356023 0.38755 0.547872 0.578394 0.608228 0.636752 0.657467 0.678991 0.71774 0.739979 0.757792 0.804438 
Kmeans with centroids: 20
Distance computation
75198.2 12372.8
74044 11595.5
73760.9 11300.6
73651.2 11143.1
73603.3 11033.6
73574.4 10968.5
73555 10920.9
73536.5 10890.8
73524.4 10860.5
73513.4 10843.4
result for recall@ 1
557 1048 1520 1999 2554 3071 3727 4060 4798 5129 5710 6198 6772 7314 7629 7988 8711 9071 9565 10000 
0.07 0.1 0.14 0.23 0.26 0.33 0.38 0.44 0.46 0.47 0.48 0.52 0.58 0.62 0.62 0.63 0.7 0.74 0.74 0.75 
result for recall@ 10
562.57 1058.48 1535.2 2018.99 2579.54 3101.71 3764.27 4100.6 4845.98 5180.29 5767.1 6259.98 6839.72 7387.14 7705.29 8067.88 8798.11 9161.71 9660.65 10100 
0.06807 0.0941 0.12114 0.20123 0.22626 0.28333 0.34038 0.37444 0.41346 0.41647 0.42248 0.46752 0.54658 0.60162 0.60362 0.62063 0.6917 0.72474 0.72974 0.73975 
result for recall@ 100
562.626 1058.58 1535.35 2019.19 2579.8 3102.02 3764.64 4101.01 4846.46 5180.8 5767.67 6260.6 6840.4 7387.87 7706.05 8068.68 8798.98 9162.62 9661.61 10101 
0.0620681 0.0871941 0.110021 0.204601 0.238926 0.292483 0.35494 0.387274 0.437113 0.442516 0.460522 0.505868 0.574247 0.638402 0.639604 0.655921 0.756692 0.772725 0.78283 0.80434 
Kmeans with centroids: 21
Distance computation
74483.7 12405.3
73356.3 11564.2
73153.3 11263
73094.8 11115.6
73074.2 11029.1
73065.3 10972.4
73059.6 10933.1
73055.2 10906.9
73051.7 10884.7
73049.4 10867.8
result for recall@ 1
321 1080 1593 1976 2554 2904 3486 4173 4720 5181 5753 6122 6631 7145 7486 7877 8196 8480 8945 9420 10000 
0.07 0.14 0.18 0.2 0.23 0.23 0.32 0.34 0.36 0.39 0.39 0.44 0.45 0.49 0.53 0.54 0.54 0.57 0.58 0.65 0.64 
result for recall@ 10
324.21 1090.8 1608.93 1995.76 2579.54 2933.04 3520.86 4214.73 4767.2 5232.81 5810.53 6183.22 6697.31 7216.45 7560.86 7955.77 8277.96 8564.8 9034.45 9514.2 10100 
0.05407 0.15614 0.18518 0.1982 0.22623 0.23023 0.30732 0.34334 0.39436 0.44039 0.47339 0.52644 0.54945 0.59649 0.61953 0.62954 0.63254 0.66857 0.68458 0.74165 0.74664 
result for recall@ 100
324.242 1090.91 1609.09 1995.96 2579.8 2933.33 3521.21 4215.15 4767.67 5233.33 5811.1 6183.83 6697.97 7217.16 7561.61 7956.56 8278.78 8565.65 9035.34 9515.14 10101 
0.0386541 0.187456 0.214885 0.229398 0.262826 0.26883 0.325007 0.374143 0.422194 0.48384 0.518273 0.570126 0.593049 0.639896 0.65712 0.66773 0.670133 0.695869 0.716185 0.788642 0.803047 
Kmeans with centroids: 22
Distance computation
75202.8 12387
73685.8 11578.9
73281.4 11292.1
73116.9 11132
73019.6 11035.3
72938.3 10973.7
72887.3 10915.9
72853.9 10875.8
72834.3 10840.6
72819.5 10813.6
result for recall@ 1
296 374 840 1123 1757 2394 2840 3449 3838 4489 4881 5154 5471 6029 6411 6962 7587 8244 8608 9081 9523 10000 
0.01 0.01 0.04 0.09 0.16 0.19 0.26 0.25 0.26 0.34 0.36 0.41 0.47 0.48 0.51 0.52 0.56 0.57 0.6 0.6 0.66 0.72 
result for recall@ 10
298.96 377.74 848.4 1134.23 1774.57 2417.94 2868.4 3483.49 3876.38 4533.89 4929.81 5205.54 5525.71 6089.29 6475.11 7031.62 7662.87 8326.44 8694.08 9171.81 9618.23 10100 
0.01301 0.01301 0.03904 0.08709 0.13416 0.18319 0.23126 0.25425 0.28026 0.35234 0.36536 0.38941 0.42347 0.47048 0.51651 0.53452 0.58456 0.59757 0.6316 0.6356 0.69466 0.74272 
result for recall@ 100
298.99 377.777 848.484 1134.34 1774.75 2418.18 2868.68 3483.83 3876.76 4534.34 4930.3 5206.06 5526.26 6089.89 6475.75 7032.32 7663.63 8327.26 8694.94 9172.72 9619.18 10101 
0.016713 0.017713 0.053139 0.0877871 0.132534 0.193583 0.240431 0.264154 0.29868 0.417152 0.431065 0.450489 0.477923 0.517071 0.571617 0.599535 0.647985 0.669098 0.701132 0.704536 0.775195 0.802243 
Kmeans with centroids: 23
Distance computation
74952.5 12431.6
73593.7 11563.2
73303.5 11250.2
73161 11096.9
73031.9 11006.9
72945.3 10941.8
72900.3 10882.3
72857.5 10837.5
72821.6 10806
72801.5 10782.2
result for recall@ 1
384 737 1132 1484 1825 2284 2597 2805 3604 4298 4650 5040 5465 6063 6551 7254 7579 8157 8459 8791 9004 9716 10000 
0.04 0.05 0.09 0.12 0.17 0.23 0.25 0.3 0.33 0.35 0.35 0.4 0.41 0.41 0.46 0.46 0.51 0.54 0.55 0.57 0.56 0.62 0.63 
result for recall@ 10
387.84 744.37 1143.32 1498.84 1843.25 2306.84 2622.97 2833.05 3640.04 4340.98 4696.5 5090.4 5519.65 6123.63 6616.51 7326.54 7654.79 8238.57 8543.59 8878.91 9094.04 9813.16 10100 
0.05304 0.07605 0.12709 0.16612 0.23017 0.30523 0.31825 0.3503 0.39933 0.42735 0.43735 0.4794 0.48341 0.50841 0.55446 0.55546 0.58951 0.63454 0.65055 0.66957 0.67356 0.72362 0.73463 
result for recall@ 100
387.878 744.444 1143.43 1498.99 1843.43 2307.07 2623.23 2833.33 3640.4 4341.41 4696.96 5090.9 5520.2 6124.24 6617.17 7327.27 7655.55 8239.39 8544.44 8879.79 9094.94 9814.13 10101 
0.061353 0.089276 0.139827 0.173466 0.24843 0.335005 0.352318 0.37665 0.434799 0.467627 0.484237 0.522579 0.528683 0.553308 0.616054 0.627755 0.651389 0.698135 0.716751 0.73347 0.740474 0.795424 0.808035 
Kmeans with centroids: 24
Distance computation
73893.8 12315.4
72693.4 11477.8
72420 11188.9
72293.9 11034.2
72201.4 10947.3
72098.1 10894.3
71985 10857.2
71936.9 10831.1
71917.5 10804.7
71906.5 10790.2
result for recall@ 1
392 790 1142 1381 1828 2294 2819 3088 3345 3896 4389 4842 5138 5463 5949 6244 6971 7404 7896 8322 8647 9201 9629 10000 
0.01 0.01 0.04 0.1 0.11 0.13 0.17 0.22 0.23 0.29 0.31 0.35 0.37 0.41 0.41 0.41 0.48 0.51 0.53 0.57 0.58 0.66 0.66 0.67 
result for recall@ 10
395.92 797.9 1153.42 1394.81 1846.28 2316.94 2847.19 3118.88 3378.45 3934.96 4432.89 4890.42 5189.38 5517.63 6008.49 6306.44 7040.71 7478.04 7974.96 8405.22 8733.47 9293.01 9725.29 10100 
0.00901 0.03501 0.05904 0.0991 0.11311 0.17413 0.22317 0.26722 0.26923 0.33029 0.37331 0.40035 0.40537 0.42641 0.45641 0.45641 0.55248 0.57951 0.60753 0.66857 0.68358 0.73066 0.74066 0.74867 
result for recall@ 100
395.959 797.979 1153.53 1394.95 1846.46 2317.17 2847.47 3119.19 3378.78 3935.35 4433.33 4890.9 5189.89 5518.18 6009.08 6307.06 7041.41 7478.78 7975.75 8406.05 8734.33 9293.93 9726.25 10101 
0.012109 0.040535 0.074159 0.106199 0.132313 0.202974 0.251923 0.284367 0.286569 0.34603 0.394973 0.4256 0.432405 0.453626 0.483056 0.486856 0.609953 0.63048 0.657907 0.728169 0.743084 0.776131 0.795841 0.804549 
Kmeans with centroids: 25
Distance computation
73997.5 12314.4
72770.9 11491.4
72493.3 11208.7
72378.3 11069.1
72308.4 10978
72265 10916
72217.3 10881.4
72161.6 10852.3
72101.6 10828.4
72063.2 10800.7
result for recall@ 1
574 1127 1453 1892 2703 3249 3543 3804 4175 4609 4821 5408 5694 6260 6466 6754 6941 7282 7510 8042 8410 8817 9147 9435 10000 
0.11 0.16 0.17 0.17 0.26 0.27 0.28 0.29 0.31 0.35 0.36 0.37 0.37 0.42 0.43 0.44 0.47 0.47 0.5 0.58 0.64 0.66 0.68 0.69 0.72 
result for recall@ 10
579.74 1138.27 1467.53 1910.92 2730.03 3281.49 3578.43 3842.04 4216.75 4655.09 4869.21 5462.08 5750.94 6322.6 6530.66 6821.54 7010.41 7354.82 7585.1 8122.42 8494.1 8905.17 9238.47 9529.35 10100 
0.08111 0.14416 0.15817 0.16917 0.26226 0.28127 0.28428 0.28929 0.31531 0.35935 0.36136 0.39037 0.39137 0.42942 0.43443 0.44344 0.47247 0.48247 0.5065 0.57858 0.61664 0.64866 0.66668 0.67769 0.72872 
result for recall@ 100
579.797 1138.38 1467.68 1911.11 2730.3 3281.81 3578.78 3842.42 4217.17 4655.55 4869.69 5462.62 5751.51 6323.23 6531.31 6822.21 7011.1 7355.55 7585.85 8123.22 8494.94 8906.05 9239.38 9530.29 10101 
0.0687811 0.131144 0.147658 0.160069 0.293362 0.331381 0.336384 0.341989 0.383515 0.425359 0.430561 0.45729 0.465291 0.500829 0.508634 0.517143 0.541372 0.553683 0.574207 0.662779 0.684217 0.722349 0.735267 0.744278 0.802329 
Kmeans with centroids: 26
Distance computation
72909.3 12350.1
71859.7 11520.8
71522.6 11250.3
71373.1 11097.3
71299.1 10996.4
71266.9 10930
71241.1 10882.4
71217.1 10853.3
71202.5 10826.5
71184.1 10802.3
result for recall@ 1
309 570 858 1125 1501 1845 2270 2683 3078 3546 3862 4116 4497 4825 5257 5832 6099 6604 7092 7776 8140 8481 8916 9302 9683 10000 
0 0 0.01 0.02 0.02 0.03 0.07 0.12 0.19 0.21 0.21 0.27 0.31 0.36 0.39 0.39 0.45 0.49 0.49 0.57 0.61 0.62 0.67 0.68 0.68 0.68 
result for recall@ 10
312.09 575.7 866.58 1136.25 1516.01 1863.45 2292.7 2709.83 3108.78 3581.46 3900.62 4157.16 4541.97 4873.25 5309.57 5890.32 6159.99 6670.04 7162.92 7853.76 8221.4 8565.81 9005.16 9395.02 9779.83 10100 
0.005 0.01 0.01301 0.02102 0.03402 0.05803 0.09907 0.17012 0.23119 0.27521 0.28421 0.31927 0.33731 0.37036 0.41339 0.44739 0.48645 0.52949 0.53649 0.61657 0.65561 0.66262 0.70767 0.71768 0.73268 0.74068 
result for recall@ 100
312.121 575.757 866.666 1136.36 1516.16 1863.63 2292.93 2710.1 3109.09 3581.81 3901.01 4157.57 4542.42 4873.73 5310.1 5890.9 6160.6 6670.7 7163.63 7854.54 8222.21 8566.66 9006.05 9395.95 9780.8 10101 
0.011605 0.01791 0.023113 0.030121 0.050634 0.072658 0.114899 0.19927 0.252731 0.307075 0.315884 0.342319 0.371937 0.39917 0.445813 0.481847 0.512286 0.55893 0.568537 0.674517 0.725156 0.730763 0.761808 0.777018 0.801433 0.804941 
Kmeans with centroids: 27
Distance computation
73255.2 12343.8
72080.5 11528.5
71634.2 11216.7
71412.5 11060
71326.6 10950.7
71256 10890.3
71169.1 10838.4
71087.7 10799.9
71042 10763
71017.7 10735.5
result for recall@ 1
360 892 1227 1611 1915 2303 2510 2939 3173 3515 3949 4316 4607 5135 5373 5592 5817 6236 6607 7211 7734 8084 8401 8752 9052 9439 10000 
0.01 0.02 0.03 0.04 0.05 0.12 0.13 0.14 0.2 0.23 0.24 0.28 0.29 0.33 0.37 0.37 0.43 0.48 0.5 0.55 0.58 0.59 0.6 0.65 0.69 0.7 0.71 
result for recall@ 10
363.6 900.92 1239.27 1627.11 1934.15 2326.03 2535.1 2968.39 3204.73 3550.15 3988.49 4359.16 4653.07 5186.35 5426.73 5647.92 5875.17 6298.36 6673.07 7283.11 7811.34 8164.84 8485.01 8839.52 9142.52 9533.39 10100 
0.01201 0.05502 0.07103 0.07404 0.09205 0.14612 0.15813 0.17114 0.2192 0.27523 0.28324 0.31328 0.32329 0.37233 0.38937 0.39737 0.43543 0.49648 0.5385 0.58655 0.61758 0.63759 0.6466 0.67665 0.70869 0.7357 0.74671 
result for recall@ 100
363.636 901.009 1239.39 1627.27 1934.34 2326.26 2535.35 2968.68 3205.05 3550.5 3988.89 4359.59 4653.53 5186.86 5427.27 5648.48 5875.75 6298.98 6673.73 7283.83 7812.11 8165.65 8485.85 8840.39 9143.42 9534.33 10101 
0.015812 0.068355 0.091071 0.097474 0.111992 0.165446 0.178158 0.195671 0.232319 0.290875 0.303383 0.335413 0.342823 0.389472 0.403389 0.413097 0.439635 0.512396 0.567138 0.656386 0.698718 0.720738 0.727047 0.753477 0.770609 0.791236 0.807647 
Kmeans with centroids: 28
Distance computation
73751.6 12408.2
72694.2 11548.2
72361.3 11242.6
72155.6 11084.7
72023.4 10990.3
71953.2 10920.4
71907.1 10870.6
71883.2 10836.9
71872 10809.2
71861.8 10790.9
result for recall@ 1
970 1197 1410 1590 1822 2149 2324 2972 3243 3594 3869 4418 4680 4928 5563 6157 6441 6780 7066 7475 7601 7885 8190 8581 8763 8929 9630 10000 
0.05 0.08 0.1 0.12 0.14 0.14 0.18 0.2 0.24 0.26 0.28 0.31 0.32 0.36 0.4 0.42 0.46 0.48 0.53 0.53 0.53 0.59 0.61 0.61 0.62 0.67 0.72 0.76 
result for recall@ 10
979.7 1208.97 1424.1 1605.9 1840.22 2170.49 2347.24 3001.72 3275.43 3629.94 3907.69 4462.18 4726.8 4977.28 5618.63 6218.57 6505.41 6847.8 7136.66 7549.75 7677.01 7963.85 8271.9 8666.81 8850.63 9018.29 9726.3 10100 
0.06105 0.07908 0.0951 0.10812 0.12514 0.14514 0.17118 0.2002 0.24124 0.28626 0.30128 0.34431 0.36532 0.39736 0.4464 0.45442 0.47246 0.52248 0.56953 0.57053 0.57353 0.60559 0.62761 0.62961 0.63462 0.65967 0.71972 0.74976 
result for recall@ 100
979.797 1209.09 1424.24 1606.06 1840.4 2170.71 2347.47 3002.02 3275.75 3630.3 3908.08 4462.62 4727.27 4977.77 5619.19 6219.19 6506.05 6848.48 7137.37 7550.5 7677.77 7964.64 8272.72 8667.67 8851.51 9019.18 9727.26 10101 
0.080961 0.104479 0.118195 0.129708 0.153425 0.180445 0.200671 0.2273 0.281541 0.336986 0.353801 0.395244 0.417065 0.440197 0.489046 0.500654 0.521972 0.585122 0.61947 0.623971 0.627174 0.653906 0.674328 0.67633 0.681635 0.70046 0.75592 0.80245 
Kmeans with centroids: 29
Distance computation
72856.6 12393.6
71556.2 11531.4
71146.9 11232.1
70924.8 11065.3
70736.6 10983.6
70635.4 10922.5
70563.5 10883.3
70497.3 10839.3
70449.5 10796.6
70420.9 10763.8
result for recall@ 1
298 638 948 1362 1677 1992 2572 2782 3087 3460 3697 3953 4253 4793 5193 5513 5799 6204 6562 6796 7178 7660 8010 8350 8679 9200 9539 9924 10000 
0 0.03 0.03 0.03 0.06 0.09 0.18 0.24 0.27 0.31 0.32 0.32 0.34 0.38 0.42 0.43 0.44 0.45 0.44 0.5 0.55 0.58 0.64 0.65 0.66 0.69 0.69 0.74 0.74 
result for recall@ 10
300.98 644.38 957.48 1375.62 1693.77 2011.92 2597.72 2809.82 3117.87 3494.6 3733.97 3992.53 4295.53 4840.93 5244.93 5568.13 5856.99 6266.04 6627.62 6863.96 7249.78 7736.6 8090.1 8433.5 8765.79 9292 9634.39 10023.2 10100 
0.006 0.03103 0.06203 0.07203 0.09606 0.13609 0.20918 0.24924 0.27127 0.32331 0.33532 0.34232 0.35834 0.40738 0.45842 0.45943 0.47344 0.49445 0.50844 0.5525 0.59255 0.62558 0.66364 0.66965 0.67566 0.72669 0.72469 0.74574 0.74574 
result for recall@ 100
301.01 644.444 957.575 1375.76 1693.94 2012.12 2597.98 2810.1 3118.18 3494.95 3734.34 3992.93 4295.96 4841.41 5245.45 5568.68 5857.57 6266.66 6628.28 6864.64 7250.5 7737.37 8090.9 8434.33 8766.66 9292.92 9635.34 10024.2 10101 
0.005906 0.040631 0.074862 0.088372 0.113096 0.162336 0.265309 0.293849 0.312071 0.377523 0.391935 0.403642 0.418858 0.466307 0.507558 0.510159 0.525873 0.543694 0.565208 0.593853 0.637293 0.682026 0.713964 0.72367 0.729976 0.779627 0.783225 0.804746 0.805146 
Kmeans with centroids: 30
Distance computation
72687.8 12380
71730.3 11460.9
71452.2 11155.4
71272.9 11020.1
71177.4 10941.8
71097.5 10883.3
71043.6 10839.8
71013.8 10801.6
70989.9 10773.5
70971 10742.3
result for recall@ 1
180 368 813 1338 1606 2066 2541 2651 3229 3554 3876 4051 4456 5052 5122 5415 5624 6343 6660 6920 7185 7450 7605 8241 8550 8827 9118 9370 9830 10000 
0.02 0.04 0.06 0.09 0.12 0.14 0.15 0.15 0.2 0.23 0.26 0.3 0.33 0.34 0.34 0.36 0.37 0.38 0.4 0.4 0.46 0.49 0.5 0.54 0.58 0.65 0.65 0.66 0.7 0.71 
result for recall@ 10
181.8 371.68 821.13 1351.38 1622.06 2086.66 2566.41 2677.51 3261.29 3589.54 3914.76 4091.51 4500.56 5102.52 5173.22 5469.15 5680.24 6406.43 6726.6 6989.2 7256.85 7524.5 7681.05 8323.41 8635.5 8915.27 9209.18 9463.7 9928.3 10100 
0.01602 0.04904 0.07606 0.10609 0.13012 0.14614 0.15015 0.15415 0.2042 0.24623 0.30026 0.3233 0.37633 0.40834 0.40834 0.42436 0.43837 0.44738 0.4684 0.4824 0.52446 0.55249 0.5605 0.61554 0.66158 0.70065 0.71065 0.71466 0.7487 0.75471 
result for recall@ 100
181.818 371.717 821.211 1351.51 1622.22 2086.87 2566.66 2677.77 3261.61 3589.9 3915.15 4091.92 4501.01 5103.02 5173.73 5469.69 5680.8 6407.06 6727.27 6989.89 7257.57 7525.25 7681.81 8324.23 8636.36 8916.15 9210.09 9464.64 9929.28 10101 
0.015016 0.051849 0.0755761 0.107706 0.12983 0.149046 0.15475 0.158154 0.206404 0.260246 0.3125 0.333523 0.420176 0.457608 0.458508 0.482024 0.492938 0.509547 0.533768 0.550082 0.596724 0.619852 0.627761 0.685916 0.715062 0.748501 0.761311 0.767015 0.798349 0.800555 
