Kmeans with centroids: 10
Distance computation
82541.7 13069.3
80556.5 11951.9
80131.4 11576.7
80015.8 11350.7
79980.7 11219.8
79961.6 11139.4
79945.9 11087.1
79930.3 11045.3
79912.6 11015.9
79891.1 10993
result for recall@ 1
706 1500 2371 3263 3988 5413 6384 8043 8960 10000 
0.08 0.11 0.16 0.21 0.28 0.34 0.4 0.64 0.69 0.72 
result for recall@ 10
713.06 1515 2394.71 3295.63 4027.88 5467.13 6447.84 8123.43 9049.6 10100 
0.09608 0.11511 0.16616 0.22421 0.29128 0.36234 0.4564 0.64664 0.70769 0.74872 
result for recall@ 100
713.131 1515.15 2394.95 3295.96 4028.28 5467.67 6448.48 8124.23 9050.5 10101 
0.111496 0.130115 0.182966 0.237924 0.293191 0.376362 0.489856 0.702447 0.765308 0.799549 
Kmeans with centroids: 11
Distance computation
83510.1 13158.1
80947.8 12195.5
80066.9 11751.5
79588.8 11517.9
79379.7 11346.2
79219.1 11225.5
79055.7 11147
78945.3 11087.8
78894.6 11043.7
78867.8 11002.2
result for recall@ 1
600 1439 2716 3706 4607 5467 6415 7259 8447 9193 10000 
0.02 0.07 0.14 0.19 0.24 0.38 0.44 0.46 0.59 0.62 0.7 
result for recall@ 10
606 1453.39 2743.16 3743.06 4653.07 5521.67 6479.15 7331.59 8531.47 9284.93 10100 
0.06502 0.11307 0.17914 0.25419 0.31224 0.42338 0.46144 0.47446 0.63159 0.66762 0.7437 
result for recall@ 100
606.06 1453.53 2743.43 3743.43 4653.53 5522.22 6479.79 7332.32 8532.32 9285.85 10101 
0.079565 0.133413 0.224279 0.301854 0.367112 0.486823 0.526861 0.537674 0.713332 0.752868 0.804144 
Kmeans with centroids: 12
Distance computation
82092.9 13232.6
79836.5 12103.1
79266.4 11676.3
79087.5 11418
79018.1 11268.1
78991 11165.7
78975.1 11095.2
78959.2 11051.8
78950.6 11012.4
78945.9 10976.8
result for recall@ 1
873 2323 3862 4251 5005 5672 6390 7424 7951 8580 9068 10000 
0.06 0.1 0.16 0.21 0.25 0.31 0.4 0.45 0.46 0.58 0.6 0.67 
result for recall@ 10
881.73 2346.23 3900.62 4293.51 5055.05 5728.72 6453.9 7498.24 8030.51 8665.8 9158.68 10100 
0.05106 0.1471 0.18316 0.21821 0.29325 0.33431 0.4194 0.48245 0.51946 0.60958 0.6626 0.73867 
result for recall@ 100
881.817 2346.46 3901.01 4293.94 5055.55 5729.29 6454.54 7498.98 8031.31 8666.66 9159.59 10101 
0.0546511 0.162347 0.204483 0.236518 0.311993 0.350334 0.423019 0.492382 0.535019 0.63141 0.692063 0.808739 
Kmeans with centroids: 13
Distance computation
81010.8 13134.3
78568 12118.8
78106.8 11674.9
77847.6 11429.2
77709.9 11273.2
77627.2 11168.4
77564.4 11101.8
77527.3 11050.2
77505.4 11004.9
77488.3 10967.9
result for recall@ 1
1158 2011 2718 3366 4495 5219 5966 6512 7164 7769 8413 8998 10000 
0.07 0.14 0.19 0.21 0.36 0.46 0.59 0.62 0.66 0.69 0.69 0.73 0.72 
result for recall@ 10
1169.58 2031.11 2745.18 3399.66 4539.95 5271.19 6025.66 6577.12 7235.64 7846.69 8497.13 9087.98 10100 
0.07607 0.13514 0.19819 0.21121 0.34836 0.43246 0.51059 0.56062 0.61166 0.64069 0.68369 0.71673 0.73472 
result for recall@ 100
1169.7 2031.31 2745.45 3400 4540.4 5271.71 6026.26 6577.77 7236.36 7847.47 8497.97 9088.88 10101 
0.0864761 0.154535 0.216598 0.227611 0.403148 0.502232 0.568111 0.634661 0.684212 0.710141 0.747884 0.781417 0.806335 
Kmeans with centroids: 14
Distance computation
78755.8 13168
77450.2 12020.1
77205.8 11625.4
77076.3 11420
76985.9 11289.3
76932.3 11197.6
76895.8 11127.9
76872.2 11081.8
76852.2 11040
76837.8 11006.3
result for recall@ 1
675 1256 2092 2632 3421 4109 4745 5512 6107 6539 7499 8237 9238 10000 
0.07 0.09 0.13 0.18 0.23 0.25 0.26 0.29 0.37 0.42 0.45 0.5 0.63 0.71 
result for recall@ 10
681.75 1268.56 2112.92 2658.32 3455.21 4150.09 4792.45 5567.12 6168.07 6604.39 7573.99 8319.37 9330.38 10100 
0.05707 0.06909 0.12513 0.17018 0.24723 0.31025 0.33126 0.35929 0.43637 0.48142 0.51745 0.5685 0.68563 0.74471 
result for recall@ 100
681.818 1268.69 2113.13 2658.58 3455.55 4150.5 4792.92 5567.67 6168.68 6605.04 7574.74 8320.19 9331.3 10101 
0.0651571 0.0766691 0.138325 0.17457 0.240447 0.32301 0.349531 0.381459 0.479436 0.507281 0.559017 0.607969 0.754086 0.798345 
Kmeans with centroids: 15
Distance computation
79047.8 13019.6
77885.3 11922.7
77577.8 11551
77299.4 11379.2
77087.6 11269.2
76952.1 11176.4
76869.3 11109.9
76799.5 11058.8
76748.5 11011.1
76713.7 10976.1
result for recall@ 1
485 753 1706 2577 3882 4771 5210 5546 6044 6575 7130 7626 8504 9116 10000 
0.06 0.07 0.12 0.14 0.18 0.22 0.25 0.29 0.3 0.4 0.44 0.47 0.51 0.62 0.69 
result for recall@ 10
489.85 760.53 1723.06 2602.77 3920.82 4818.71 5262.1 5601.46 6104.44 6640.75 7201.3 7702.26 8589.04 9207.16 10100 
0.04706 0.06107 0.08612 0.14014 0.20518 0.25522 0.30425 0.33429 0.3713 0.4504 0.50444 0.53647 0.59651 0.66962 0.73269 
result for recall@ 100
489.899 760.605 1723.23 2603.03 3921.21 4819.19 5262.62 5602.02 6105.04 6641.41 7202.01 7703.02 8589.89 9208.07 10101 
0.0364471 0.0502611 0.0792861 0.13534 0.210205 0.260755 0.328304 0.353934 0.400471 0.48945 0.535704 0.579237 0.640496 0.69827 0.799433 
Kmeans with centroids: 16
Distance computation
79288 13277.4
77130.2 12087.6
76499.1 11678.7
76112.1 11448.9
75852.9 11295
75696.4 11177
75600.9 11093.6
75541.8 11029
75500.8 10990.4
75477.1 10954
result for recall@ 1
568 1233 1959 2647 3155 3732 4383 5195 6129 6852 7504 7994 8702 9046 9527 10000 
0.05 0.07 0.12 0.14 0.16 0.19 0.23 0.36 0.44 0.47 0.52 0.59 0.65 0.71 0.72 0.76 
result for recall@ 10
573.68 1245.33 1978.59 2673.47 3186.55 3769.32 4426.83 5246.95 6190.29 6920.52 7579.04 8073.94 8789.02 9136.46 9622.27 10100 
0.06205 0.10307 0.18712 0.21714 0.22316 0.25619 0.28923 0.37936 0.46144 0.47847 0.52852 0.59959 0.65865 0.69771 0.70872 0.73776 
result for recall@ 100
573.737 1245.45 1978.79 2673.73 3186.87 3769.69 4427.27 5247.47 6190.9 6921.21 7579.79 8074.74 8789.89 9137.37 9623.22 10101 
0.079662 0.124003 0.204787 0.247517 0.254023 0.288556 0.326089 0.405279 0.515861 0.541178 0.590129 0.675 0.735959 0.757598 0.768109 0.800338 
Kmeans with centroids: 17
Distance computation
77927.8 13119.7
76112.1 11980.2
75732.7 11573.8
75614.5 11363.8
75561 11223.5
75522.3 11127.8
75496.9 11061.2
75479.4 11006.8
75464.2 10964
75448.5 10934.6
result for recall@ 1
868 1233 1734 2063 2543 2858 3340 3920 4739 5154 5962 6722 7905 8298 8639 9223 10000 
0.06 0.06 0.11 0.15 0.23 0.28 0.35 0.34 0.41 0.43 0.46 0.49 0.5 0.52 0.59 0.64 0.68 
result for recall@ 10
876.68 1245.33 1751.34 2083.63 2568.43 2886.58 3373.4 3959.2 4786.39 5205.54 6021.62 6789.22 7984.05 8380.98 8725.39 9315.23 10100 
0.05206 0.07506 0.11811 0.13815 0.19623 0.22328 0.29135 0.32034 0.41841 0.46543 0.52146 0.53449 0.5735 0.59952 0.64159 0.69964 0.75268 
result for recall@ 100
876.767 1245.45 1751.51 2083.84 2568.68 2886.87 3373.73 3959.59 4786.86 5206.06 6022.22 6789.89 7984.84 8381.81 8726.25 9316.15 10101 
0.0545521 0.0830751 0.126318 0.147738 0.203096 0.226223 0.314091 0.35302 0.471918 0.526365 0.584221 0.598634 0.651073 0.6728 0.699642 0.7549 0.803953 
Kmeans with centroids: 18
Distance computation
77749.9 13141.5
75906.7 11993.2
75229.2 11606.5
74960.6 11379.2
74831 11227.1
74734.3 11126.6
74667.6 11046.8
74603.1 10998.5
74551.6 10968.4
74518.8 10945.4
result for recall@ 1
510 809 1443 1979 2503 3071 3418 3946 4428 4975 5645 6408 7204 7511 8254 8775 9123 10000 
0.03 0.08 0.12 0.14 0.19 0.27 0.27 0.3 0.37 0.38 0.39 0.46 0.5 0.52 0.57 0.58 0.62 0.64 
result for recall@ 10
515.1 817.09 1457.43 1998.79 2528.03 3101.71 3452.18 3985.46 4472.28 5024.75 5701.45 6472.08 7276.04 7586.11 8336.54 8862.75 9214.23 10100 
0.05703 0.10508 0.15212 0.17714 0.22419 0.28727 0.29027 0.3523 0.41737 0.45238 0.47939 0.56146 0.6055 0.60952 0.66057 0.69058 0.70762 0.73564 
result for recall@ 100
515.151 817.171 1457.57 1998.99 2528.28 3102.02 3452.52 3985.85 4472.72 5025.25 5702.01 6472.72 7276.76 7586.86 8337.37 8863.63 9215.14 10101 
0.073357 0.109405 0.158652 0.193477 0.238324 0.298787 0.30349 0.362552 0.440917 0.477752 0.507979 0.615361 0.662106 0.66451 0.720461 0.746991 0.762108 0.799536 
Kmeans with centroids: 19
Distance computation
77885.6 13253.1
75549.2 12063.1
75022.4 11630.9
74834 11409.6
74728.4 11271.1
74624.7 11189.8
74554.4 11106.9
74516.2 11043.2
74488.5 10994.1
74462.4 10954.3
result for recall@ 1
421 1441 1968 2693 3024 3418 3718 4052 4647 5353 5808 6244 6582 7197 7659 8115 8761 9206 10000 
0.01 0.12 0.13 0.18 0.21 0.26 0.27 0.28 0.33 0.39 0.4 0.4 0.41 0.51 0.53 0.56 0.63 0.65 0.68 
result for recall@ 10
425.21 1455.41 1987.68 2719.93 3054.24 3452.18 3755.18 4092.52 4693.47 5406.53 5866.08 6306.44 6647.82 7268.97 7735.59 8196.15 8848.61 9298.06 10100 
0.02001 0.16012 0.17313 0.24618 0.28321 0.33126 0.33827 0.34228 0.39233 0.41939 0.4394 0.4454 0.45141 0.54451 0.58653 0.60856 0.66363 0.68665 0.74268 
result for recall@ 100
425.252 1455.55 1987.88 2720.2 3054.54 3452.52 3755.55 4092.93 4693.93 5407.06 5866.66 6307.06 6648.48 7269.69 7736.36 8196.96 8849.49 9298.98 10101 
0.02472 0.20866 0.230473 0.315046 0.348983 0.397031 0.402938 0.407142 0.446792 0.474719 0.499039 0.511245 0.518051 0.626745 0.668986 0.688509 0.730564 0.758487 0.801043 
Kmeans with centroids: 20
Distance computation
76346 13190.3
74570.6 12013
74079.5 11582.2
73908.3 11344.2
73819.2 11198.3
73753.4 11098.5
73706.7 11021.1
73676.2 10962.9
73656.7 10921
73639.9 10888
result for recall@ 1
774 1370 1856 2262 2711 3133 3828 4231 4659 5214 5517 6039 6714 7277 7666 8077 8541 8781 9314 10000 
0.02 0.08 0.15 0.18 0.22 0.28 0.3 0.3 0.33 0.35 0.41 0.42 0.47 0.47 0.47 0.5 0.56 0.55 0.61 0.68 
result for recall@ 10
781.74 1383.7 1874.56 2284.62 2738.11 3164.33 3866.28 4273.31 4705.59 5266.14 5572.17 6099.39 6781.14 7349.77 7742.66 8157.77 8626.41 8868.81 9407.14 10100 
0.03002 0.10808 0.17115 0.22218 0.24222 0.30228 0.3303 0.3613 0.40033 0.42535 0.47141 0.47842 0.53047 0.54447 0.55847 0.5855 0.64656 0.65755 0.69461 0.74468 
result for recall@ 100
781.817 1383.84 1874.75 2284.85 2738.38 3164.64 3866.66 4273.73 4706.06 5266.66 5572.72 6099.99 6781.81 7350.5 7743.43 8158.58 8627.26 8869.69 9408.07 10101 
0.04013 0.149808 0.212771 0.273422 0.297342 0.346402 0.38043 0.410461 0.4499 0.483525 0.516671 0.522978 0.57153 0.588944 0.608458 0.632285 0.706247 0.718058 0.750395 0.804645 
Kmeans with centroids: 21
Distance computation
76507 13180.1
75022.9 12016.3
74547.3 11623.5
74244.6 11398
74056.9 11247.7
73953.3 11136.8
73886.2 11050.9
73846.4 10992.7
73823.6 10947.6
73807.3 10912.3
result for recall@ 1
515 892 1606 2011 2450 3331 3589 4403 4681 5133 5510 5927 6665 6979 7257 7678 8124 8377 8689 9298 10000 
0.05 0.06 0.1 0.12 0.13 0.17 0.2 0.27 0.32 0.34 0.4 0.45 0.48 0.48 0.55 0.59 0.64 0.66 0.66 0.68 0.7 
result for recall@ 10
520.15 900.92 1622.06 2031.11 2474.5 3364.31 3624.89 4447.03 4727.81 5184.33 5565.1 5986.27 6731.65 7048.79 7329.57 7754.78 8205.24 8460.77 8775.89 9390.98 10100 
0.06905 0.08906 0.1411 0.18012 0.18613 0.24117 0.2662 0.32727 0.35232 0.37934 0.4324 0.44845 0.49648 0.51048 0.55155 0.60459 0.65664 0.68566 0.70866 0.72268 0.7397 
result for recall@ 100
520.201 901.009 1622.22 2031.31 2474.75 3364.64 3625.25 4447.47 4728.28 5184.84 5565.65 5986.86 6732.32 7049.49 7330.3 7755.55 8206.05 8461.61 8776.76 9391.91 10101 
0.083769 0.108889 0.159841 0.19888 0.204186 0.273841 0.295766 0.363727 0.385152 0.422979 0.467032 0.486848 0.527396 0.54541 0.572952 0.632105 0.702457 0.739286 0.761509 0.779223 0.79664 
Kmeans with centroids: 22
Distance computation
75989.7 13227.9
74692.4 12038.5
74282.9 11630.5
74029.3 11400.7
73847.3 11243.2
73730.8 11146.6
73656 11068.7
73570.6 11007.1
73492.2 10972.2
73421.6 10942.1
result for recall@ 1
949 1561 1853 2090 2331 2637 3013 3576 4362 4630 4933 5347 5617 6036 6437 6995 7781 8345 8732 9019 9662 10000 
0.05 0.05 0.1 0.16 0.18 0.24 0.25 0.28 0.34 0.38 0.44 0.46 0.46 0.46 0.53 0.55 0.56 0.62 0.65 0.64 0.7 0.73 
result for recall@ 10
958.49 1576.61 1871.53 2110.9 2354.31 2663.37 3043.13 3611.76 4405.62 4676.3 4982.33 5400.47 5673.17 6096.36 6501.37 7064.95 7858.81 8428.45 8819.32 9109.19 9758.62 10100 
0.06505 0.08405 0.1221 0.16516 0.18418 0.21624 0.23925 0.28028 0.33834 0.36238 0.39044 0.43146 0.43446 0.48246 0.53353 0.54455 0.54956 0.60962 0.62565 0.64964 0.6987 0.74073 
result for recall@ 100
958.585 1576.77 1871.72 2111.11 2354.54 2663.63 3043.43 3612.12 4406.06 4676.76 4982.82 5401 5673.73 6096.96 6502.01 7065.65 7859.59 8429.28 8820.19 9110.09 9759.59 10101 
0.074665 0.101384 0.150122 0.178665 0.193784 0.229716 0.254339 0.29418 0.351738 0.373762 0.40889 0.462331 0.473834 0.513082 0.551134 0.559144 0.57665 0.65431 0.671826 0.69425 0.742499 0.799541 
Kmeans with centroids: 23
Distance computation
75681.2 13288.1
73463.5 12062.5
72917 11620.2
72728.5 11374.5
72637.1 11205.6
72587.8 11093.7
72554.8 11022.5
72535.6 10961.3
72526.1 10918.9
72515.1 10888.2
result for recall@ 1
311 812 1542 1923 2391 2712 3004 3230 3833 4129 4646 5091 5534 6013 6353 6799 7193 7539 8077 8581 9102 9667 10000 
0.03 0.13 0.21 0.22 0.23 0.24 0.25 0.26 0.34 0.39 0.43 0.45 0.45 0.47 0.49 0.52 0.52 0.52 0.54 0.57 0.63 0.68 0.68 
result for recall@ 10
314.11 820.12 1557.42 1942.23 2414.91 2739.12 3034.04 3262.3 3871.33 4170.29 4692.46 5141.91 5589.34 6073.13 6416.53 6866.99 7264.93 7614.39 8157.77 8666.81 9193.02 9763.67 10100 
0.02403 0.10613 0.19821 0.20122 0.24623 0.27124 0.27925 0.28526 0.36234 0.40239 0.44943 0.48445 0.48645 0.54247 0.55549 0.57552 0.58552 0.58952 0.61854 0.64857 0.69063 0.73768 0.74268 
result for recall@ 100
314.141 820.201 1557.57 1942.42 2415.15 2739.39 3034.34 3262.62 3871.71 4170.7 4692.92 5142.42 5589.89 6073.73 6417.17 6867.67 7265.65 7615.14 8158.58 8667.67 9193.93 9764.64 10101 
0.023424 0.120406 0.249698 0.255401 0.307546 0.328471 0.337679 0.342185 0.400862 0.437102 0.485249 0.531484 0.535786 0.596942 0.609855 0.631076 0.651085 0.65809 0.685119 0.711649 0.744291 0.792438 0.802443 
Kmeans with centroids: 24
Distance computation
75442.7 13292.8
73610.8 12066.1
73195.2 11623.1
72988 11392.5
72813 11233.9
72689.6 11124
72605.6 11045.9
72554.3 10985.1
72511.2 10937.3
72480 10901.9
result for recall@ 1
347 685 1010 1313 2032 2608 2791 3034 3480 3699 4181 4539 5337 5947 6503 6897 7144 7427 7919 8203 8759 9042 9454 10000 
0.02 0.03 0.03 0.03 0.09 0.14 0.15 0.15 0.2 0.2 0.25 0.25 0.36 0.46 0.51 0.56 0.56 0.6 0.61 0.63 0.67 0.67 0.67 0.74 
result for recall@ 10
350.47 691.85 1020.1 1326.13 2052.32 2634.08 2818.91 3064.34 3514.8 3735.99 4222.81 4584.39 5390.37 6006.47 6568.03 6965.97 7215.44 7501.27 7998.19 8285.03 8846.59 9132.42 9548.54 10100 
0.01302 0.04603 0.05403 0.05603 0.14609 0.16314 0.16415 0.16915 0.2202 0.2222 0.26925 0.29125 0.40336 0.46346 0.51551 0.54756 0.54756 0.5836 0.62961 0.64363 0.67267 0.67467 0.68667 0.75174 
result for recall@ 100
350.505 691.919 1020.2 1326.26 2052.52 2634.34 2819.19 3064.64 3515.15 3736.36 4223.23 4584.84 5390.9 6007.06 6568.68 6966.66 7216.15 7502.01 7998.98 8285.85 8847.47 9133.32 9549.49 10101 
0.013913 0.039246 0.052654 0.058556 0.158346 0.191263 0.193064 0.200969 0.24612 0.250322 0.295669 0.317291 0.438403 0.492063 0.549516 0.592248 0.594648 0.620584 0.67533 0.684244 0.706373 0.709175 0.723287 0.802552 
Kmeans with centroids: 25
Distance computation
74534.6 13263.5
73138.5 12017.2
72822.7 11579.9
72645.6 11349.2
72479.2 11223.1
72323.1 11142.9
72186.9 11073.3
72085.1 11014.5
72001.8 10959.8
71918.5 10932.7
result for recall@ 1
460 976 1364 1689 2424 2697 3219 3469 4000 4332 4774 5099 5307 5832 6266 6485 6700 7158 7214 7638 8067 8511 9053 9511 10000 
0.06 0.07 0.07 0.13 0.19 0.19 0.23 0.25 0.28 0.3 0.33 0.39 0.4 0.44 0.48 0.49 0.48 0.51 0.51 0.53 0.55 0.55 0.56 0.62 0.62 
result for recall@ 10
464.6 985.76 1377.64 1705.89 2448.24 2723.97 3251.19 3503.69 4040 4375.32 4821.74 5149.99 5360.07 5890.32 6328.66 6549.85 6767 7229.58 7286.14 7714.38 8147.67 8596.11 9143.53 9606.11 10100 
0.06906 0.11207 0.11907 0.16013 0.26819 0.27419 0.30023 0.31425 0.35928 0.3703 0.41333 0.46339 0.4664 0.50644 0.54848 0.55549 0.55848 0.58351 0.58351 0.59653 0.64755 0.65555 0.70056 0.74262 0.74662 
result for recall@ 100
464.646 985.858 1377.78 1706.06 2448.48 2724.24 3251.51 3504.04 4040.4 4375.75 4822.22 5150.5 5360.6 5890.9 6329.29 6550.5 6767.67 7230.3 7286.86 7715.14 8148.48 8596.96 9144.43 9607.06 10101 
0.0875691 0.127912 0.144219 0.18066 0.324368 0.331074 0.3637 0.381414 0.427759 0.43947 0.472213 0.500463 0.505066 0.542006 0.583948 0.586655 0.588858 0.621983 0.622383 0.642297 0.701348 0.711856 0.763401 0.789743 0.803347 
Kmeans with centroids: 26
Distance computation
73600.1 13356.7
72197.3 12110.1
71922 11657.5
71767 11413.4
71656.8 11261.1
