Kmeans with centroids: 10
Distance computation
84757.6 12189.1
83708.9 11523.6
83487.3 11272.5
83425.9 11124.1
83399.8 11034.4
83385.6 10979.2
83370.8 10943.6
83355.5 10922.1
83344.5 10906.6
83338 10887.9
result for recall@ 1
1265.54 10000 
0.59 0.67 
result for recall@ 10
2531.08 20000 
0.698 0.803 
result for recall@ 100
3796.62 30000 
0.7125 0.8829 
Kmeans with centroids: 11
Distance computation
81666.9 12418.5
80287.6 11577.8
80022.7 11252.2
79901.6 11089.2
79844.5 11000.4
79758.7 10959
79667.3 10944.9
79620.2 10919.8
79604.1 10893.4
79596.9 10871.2
result for recall@ 1
904.33 10000 
0.62 0.64 
result for recall@ 10
1808.66 20000 
0.665 0.8 
result for recall@ 100
2712.99 30000 
0.6806 0.8844 
Kmeans with centroids: 12
Distance computation
80685.2 12379.6
79287.8 11569.6
78876.2 11313.5
78608.6 11164.9
78443.7 11064.7
78368.6 10990.1
78337.6 10932.6
78304.2 10904.1
78279.1 10876.8
78250 10867.5
result for recall@ 1
905.64 10000 
0.57 0.74 
result for recall@ 10
1811.28 20000 
0.635 0.792 
result for recall@ 100
2716.92 30000 
0.6678 0.8846 
Kmeans with centroids: 13
Distance computation
79115.8 12405.5
78033.6 11559.4
77905.7 11268.4
77847.7 11121.5
77817 11026
77796.8 10971.5
77774 10938
77749.8 10910.5
77720.6 10896
77685.6 10884.3
result for recall@ 1
921.1 10000 
0.53 0.7 
result for recall@ 10
1842.2 20000 
0.655 0.815 
result for recall@ 100
2763.3 30000 
0.6879 0.8844 
Kmeans with centroids: 14
Distance computation
79154 12350.6
77981.2 11580.8
