Kmeans with centroids: 10
Distance computation
84018.6 12145.7
83106.6 11452.5
83004.4 11206.5
82964.6 11076.1
82943.3 11005.2
82927.8 10963.7
82914.7 10926
82895.6 10901.7
82884.6 10877.5
82880.5 10859.2
result for recall@ 1
2675 3320 3857 4486 5150 5862 8285 8903 9555 10000 
0.2 0.23 0.28 0.33 0.37 0.37 0.65 0.68 0.68 0.69 
result for recall@ 10
2701.75 3353.2 3895.57 4530.86 5201.5 5920.62 8367.85 8992.03 9650.55 10100 
0.2582 0.29223 0.34328 0.39233 0.42937 0.45237 0.68165 0.73168 0.73768 0.74069 
result for recall@ 100
2702.02 3353.53 3895.96 4531.31 5202.02 5921.21 8368.68 8992.92 9651.51 10101 
0.291758 0.328192 0.374943 0.429992 0.467329 0.500852 0.741882 0.791732 0.803838 0.806441 
Kmeans with centroids: 11
Distance computation
