Kmeans with centroids: 10
Distance computation
81645.4 11603.4
80704.7 11192.7
80638.6 11034.2
80510.6 10950.4
80186.7 10926.9
80049.3 10906.4
79949.2 10875.3
79915.2 10839.4
79895.4 10820.3
79888.1 10804.4
result for recall@ 1
1163.3 10000 
0.6 0.72 
result for recall@ 10
2326.6 20000 
0.695 0.818 
result for recall@ 100
3489.9 30000 
0.7295 0.8879 
Kmeans with centroids: 11
Distance computation
80449.6 11713.6
79052.6 11235.9
78877.3 11071.6
78850.5 10987.7
78838.1 10939.5
78832.1 10912.7
78830.6 10893.5
78830.6 10884.8
78830.6 10881
78830.5 10879.7
result for recall@ 1
924.89 10000 
0.5 0.64 
result for recall@ 10
1849.78 20000 
0.648 0.808 
result for recall@ 100
2774.67 30000 
0.6876 0.8856 
Kmeans with centroids: 12
Distance computation
79339.2 11678
78647.7 11186.9
78494.4 11020.7
78425.7 10939.1
78378.6 10888.6
78340 10858.4
78276 10856.4
78176.5 10830
78107.4 10804.3
78073.9 10781.4
result for recall@ 1
860.97 10000 
0.56 0.72 
result for recall@ 10
1721.94 20000 
0.666 0.813 
result for recall@ 100
2582.91 30000 
0.6919 0.8895 
Kmeans with centroids: 13
Distance computation
80840.8 11615.6
79300.9 11199.3
79123.4 11033.1
79051.9 10933.8
79024.9 10871.1
79021.6 10843.5
79019.6 10823.5
79018 10810.9
79016.4 10801
79015.5 10797.2
result for recall@ 1
1383.82 10000 
0.57 0.65 
result for recall@ 10
2767.64 20000 
0.692 0.811 
result for recall@ 100
4151.46 30000 
0.7256 0.8827 
Kmeans with centroids: 14
Distance computation
78251.2 11731.7
77278.8 11192.4
77103.8 11010.1
76923.9 10937.5
76855.6 10885.5
76820.5 10851.5
76803.3 10822.2
76791.9 10801.6
76788.1 10790
76784.9 10784.3
result for recall@ 1
777.83 10000 
0.56 0.68 
result for recall@ 10
1555.66 20000 
0.647 0.8 
result for recall@ 100
2333.49 30000 
0.6573 0.8897 
Kmeans with centroids: 15
Distance computation
77117.1 11709.2
76417.3 11166.9
76274.6 11013.7
76235.3 10949
76220.3 10900.4
76208.9 10860
76203 10841.7
76197.2 10829.4
76182.6 10827.8
76158.2 10820.9
result for recall@ 1
661.32 10000 
0.52 0.74 
result for recall@ 10
1322.64 20000 
0.6 0.806 
result for recall@ 100
1983.96 30000 
0.6396 0.8816 
Kmeans with centroids: 16
Distance computation
77039.6 11752.2
76294.2 11210.5
76067.6 11022.3
75869.5 10926.6
75827 10867.4
75804.9 10841.1
75798.1 10821.8
75794.3 10806.6
75792.6 10797
75792.3 10791.4
result for recall@ 1
651.95 10000 
0.58 0.72 
result for recall@ 10
1303.9 20000 
0.639 0.807 
result for recall@ 100
1955.85 30000 
0.6376 0.8852 
Kmeans with centroids: 17
Distance computation
81180.2 11568.5
80423 11104.6
80308.8 10946.5
80265.7 10857.4
80245.8 10806.1
80229.4 10774.6
80224.1 10750
80221.3 10738.9
80221.1 10733.3
80221.1 10729.3
result for recall@ 1
1803.59 10000 
0.62 0.64 
result for recall@ 10
3607.18 20000 
0.703 0.794 
result for recall@ 100
5410.77 30000 
0.72 0.8818 
Kmeans with centroids: 18
Distance computation
75806.6 11711.5
74946.4 11225.5
74816.7 11039.5
74711.7 10949.2
74629.1 10888.2
74581.2 10845.2
74545.1 10820.7
74515.2 10801.6
74498.7 10792.6
74487.3 10781.8
result for recall@ 1
584.7 10000 
0.47 0.62 
result for recall@ 10
1169.4 20000 
0.61 0.803 
result for recall@ 100
1754.1 30000 
0.6239 0.8833 
Kmeans with centroids: 19
Distance computation
75418.4 11684.8
74559.7 11169.3
74434.9 10982.5
74368.3 10902.1
74339.6 10856.1
74328.3 10823.3
74321.1 10803.9
74318.4 10791.4
74315.5 10778.5
74315 10770.2
result for recall@ 1
622.74 10000 
0.49 0.71 
result for recall@ 10
1245.48 20000 
0.612 0.804 
result for recall@ 100
1868.22 30000 
0.609 0.8816 
Kmeans with centroids: 20
Distance computation
74731.6 11723.7
74117.7 11148.1
73998.4 10980.1
73874.6 10896.8
73833.5 10839.3
73826.7 10800.1
73824.1 10779.3
73821.6 10766.9
73820.5 10758.8
73820.1 10754.7
result for recall@ 1
513.76 5156.31 10000 
0.59 0.76 0.76 
result for recall@ 10
1027.52 10312.6 20000 
0.624 0.805 0.805 
result for recall@ 100
1541.28 15468.9 30000 
0.6057 0.8844 0.8844 
