Kmeans with centroids: 10
Distance computation
81808.2 12381.7
80297 11616
80055.8 11306
79986.9 11154
79959.7 11056.5
79946.5 10995.4
79937.3 10953.2
79928.4 10922.7
79923.7 10899.5
79916.4 10890.6
result for recall@ 1
1148.34 10000 
0.59 0.72 
result for recall@ 10
2296.68 20000 
0.7 0.815 
result for recall@ 100
3445.02 30000 
0.7268 0.8849 
Kmeans with centroids: 11
Distance computation
80500.2 12309.8
79565.3 11525.4
79393.5 11257.6
79287.1 11117.3
79228.2 11021
79202.4 10961.1
79189.6 10912.3
79182.5 10880.5
79177.8 10860.7
79169.5 10844.2
result for recall@ 1
1099.13 10000 
0.57 0.67 
result for recall@ 10
2198.26 20000 
0.684 0.817 
result for recall@ 100
3297.39 30000 
0.7054 0.8853 
Kmeans with centroids: 12
Distance computation
83476 12249
82436.9 11492.4
82299.4 11238
82241.7 11112.3
82215.1 11034.1
82200.5 10977.9
82188.2 10940.6
82182.7 10910.9
82180.2 10889
82178.9 10876.5
result for recall@ 1
1171.36 10000 
0.58 0.66 
result for recall@ 10
2342.72 20000 
0.667 0.81 
result for recall@ 100
3514.08 30000 
0.6663 0.8835 
Kmeans with centroids: 13
Distance computation
79490.3 12445.8
78168.5 11562.8
77782.4 11282.4
77599.4 11133.1
77542.5 11028.2
77512.2 10960.6
77484.8 10925.8
77460.2 10905.2
77440.3 10886.8
77429.6 10863.9
result for recall@ 1
776.23 10000 
0.62 0.72 
result for recall@ 10
1552.46 20000 
0.687 0.818 
result for recall@ 100
2328.69 30000 
0.6636 0.8828 
Kmeans with centroids: 14
Distance computation
78514.7 12380.3
77589 11586.4
77249.2 11317.4
76974.5 11168.1
76809 11051.8
76730.8 10981.6
76701.2 10929.9
76685 10891.5
76676.6 10855.7
76673.2 10828.5
result for recall@ 1
797.64 10000 
0.58 0.7 
result for recall@ 10
1595.28 20000 
0.658 0.809 
result for recall@ 100
2392.92 30000 
0.6675 0.8862 
Kmeans with centroids: 15
Distance computation
81750.6 12304.4
80044.5 11593.3
79305.8 11362.4
78911.6 11193.2
78646.3 11078.9
78531.1 10984.6
78485.9 10908.5
78463.2 10857
78447.9 10828.1
78437.2 10805.5
result for recall@ 1
879.72 10000 
0.57 0.69 
result for recall@ 10
1759.44 20000 
0.678 0.807 
result for recall@ 100
2639.16 30000 
0.6764 0.8854 
Kmeans with centroids: 16
Distance computation
77173.9 12414.2
76061 11584.8
75831.9 11296.2
75698.7 11149.4
75628.3 11057.7
75581.3 10995.9
75565.6 10947
75560.1 10910
75549.9 10895.3
75537.3 10879.2
result for recall@ 1
642 10000 
0.58 0.66 
result for recall@ 10
1284 20000 
0.652 0.796 
result for recall@ 100
1926 30000 
0.6577 0.8805 
Kmeans with centroids: 17
Distance computation
76750 12393.9
75842.4 11569.4
75522.2 11288.9
75333.7 11126.1
75228.9 11022.3
75156 10956.6
75121.9 10904.6
75096 10869.7
75072.3 10860.9
75054.1 10845.2
result for recall@ 1
588.74 10000 
0.56 0.68 
result for recall@ 10
1177.48 20000 
0.635 0.819 
result for recall@ 100
1766.22 30000 
0.6358 0.8864 
Kmeans with centroids: 18
Distance computation
76519 12356
75601.9 11567
75452.1 11304.1
75331.9 11166.4
75133.9 11075.7
75011.9 11022.8
74939.3 10969.6
74901 10925.8
74877.9 10893.7
74865.5 10868
result for recall@ 1
634.48 10000 
0.53 0.73 
result for recall@ 10
1268.96 20000 
0.634 0.827 
result for recall@ 100
1903.44 30000 
0.6275 0.8878 
Kmeans with centroids: 19
Distance computation
75846.1 12429
74491.5 11599.3
74223.1 11292.5
74130 11134.3
74089.7 11040.1
74061.8 10978.1
74044.3 10934.2
74024.4 10903
73996.8 10876.2
73962.4 10857.5
result for recall@ 1
533.8 10000 
0.5 0.6 
result for recall@ 10
1067.6 20000 
0.615 0.802 
result for recall@ 100
1601.4 30000 
0.6212 0.8831 
Kmeans with centroids: 20
Distance computation
75353.2 12471.9
74339.6 11568.1
74087.9 11306.1
73969.5 11157.1
73840.6 11068.3
73742.8 11025.2
73663.7 10979.3
73602.4 10939.7
73553.1 10914.5
73519.6 10886.2
result for recall@ 1
506.53 5289.61 10000 
0.58 0.67 0.67 
result for recall@ 10
1013.06 10579.2 20000 
0.649 0.815 0.815 
result for recall@ 100
1519.59 15868.8 30000 
0.6228 0.8804 0.8804 
Kmeans with centroids: 21
Distance computation
75357.4 12354.2
74399.6 11523.4
74184.9 11234.5
74048.8 11094.3
73969.1 11016.1
73915.7 10968
73871.7 10925.9
73847.3 10883.8
73829.2 10857.3
73812.5 10842.1
result for recall@ 1
607.22 5496.62 10000 
0.52 0.71 0.71 
result for recall@ 10
1214.44 10993.2 20000 
0.644 0.826 0.826 
result for recall@ 100
1821.66 16489.9 30000 
0.6317 0.886 0.8861 
Kmeans with centroids: 22
Distance computation
75699.2 12477.9
73802.1 11625.2
73366.9 11308.7
73210 11139.3
73089.5 11038.2
73000 10968.3
72926.1 10913.4
72876 10876.4
72839.1 10841.3
72817.4 10808.6
result for recall@ 1
516.31 5160.12 10000 
0.51 0.73 0.73 
result for recall@ 10
1032.62 10320.2 20000 
0.607 0.819 0.819 
result for recall@ 100
1548.93 15480.4 30000 
0.585 0.8832 0.8832 
Kmeans with centroids: 23
Distance computation
74738.3 12316.7
73600.6 11510.9
73140.1 11246.5
72912.4 11109.8
72806.1 11013.4
72772 10951
72753.3 10909
72741.5 10880.3
72732.7 10862.6
72724.9 10845.5
result for recall@ 1
506.03 5045.52 10000 
0.55 0.64 0.64 
result for recall@ 10
1012.06 10091 20000 
0.642 0.804 0.804 
result for recall@ 100
1518.09 15136.6 30000 
0.6168 0.8838 0.8839 
Kmeans with centroids: 24
Distance computation
74196.4 12486.1
72966.7 11586.6
72531.9 11276.5
72276.6 11116.1
72174.6 11014.1
72107.7 10943.6
72075.5 10891.6
72057.5 10856.7
72047 10833.9
72042.3 10815.2
result for recall@ 1
423.27 4575.77 10000 
0.46 0.72 0.72 
result for recall@ 10
846.54 9151.54 20000 
0.56 0.815 0.815 
result for recall@ 100
1269.81 13727.3 30000 
0.5538 0.8865 0.8867 
Kmeans with centroids: 25
Distance computation
73528.1 12420.1
72293.9 11555.3
71968.7 11252.6
71856.8 11093.1
71781.7 11002
71716.9 10937.2
71672.8 10893.1
71631.8 10855.2
71604.9 10822.5
71583.8 10792.4
result for recall@ 1
401.61 4389.33 10000 
0.52 0.69 0.69 
result for recall@ 10
803.22 8778.66 20000 
0.604 0.806 0.806 
result for recall@ 100
1204.83 13168 30000 
0.5694 0.8827 0.8827 
Kmeans with centroids: 26
Distance computation
73386 12447.7
72234.7 11599.1
71923.9 11295.9
71767.3 11124.6
71646.6 11013.9
71547.9 10948.7
71485.8 10903.6
71440.6 10866.4
71410.9 10825.5
71397 10800.7
result for recall@ 1
421.52 4401.23 10000 
0.56 0.7 0.7 
result for recall@ 10
843.04 8802.46 20000 
0.606 0.83 0.83 
result for recall@ 100
1264.56 13203.7 30000 
0.5763 0.883 0.8831 
Kmeans with centroids: 27
Distance computation
72902.9 12347.3
71718 11559.6
71434.4 11268.6
71343.6 11091
71290.3 10994.6
71235.6 10940.9
71189.9 10898.4
71159.6 10858.9
71145.5 10835.1
71137.1 10815.7
result for recall@ 1
447.28 4610.39 10000 
0.54 0.67 0.67 
result for recall@ 10
894.56 9220.78 20000 
0.622 0.815 0.815 
result for recall@ 100
1341.84 13831.2 30000 
0.5884 0.8848 0.885 
Kmeans with centroids: 28
Distance computation
73011.5 12377.3
71875.1 11518.2
71592.5 11232.3
71434.4 11073.2
71325.9 10969.5
71230.9 10895.1
71146.8 10851.2
71088.5 10813.5
71047 10788.6
70996.2 10767.4
result for recall@ 1
406.82 4406.03 10000 
0.52 0.69 0.69 
result for recall@ 10
813.64 8812.06 20000 
0.59 0.811 0.811 
result for recall@ 100
1220.46 13218.1 30000 
0.5648 0.8832 0.8833 
Kmeans with centroids: 29
Distance computation
71942.5 12461.9
71018.4 11556.1
70762.2 11251.3
70599.6 11083.1
70498.2 10986.4
70447.3 10919.4
70415.5 10871.6
70387.9 10832.7
70372 10801.3
70354.2 10772.7
result for recall@ 1
363.17 3859.87 10000 
0.53 0.67 0.67 
result for recall@ 10
726.34 7719.74 20000 
0.6 0.817 0.817 
result for recall@ 100
1089.51 11579.6 30000 
0.556 0.8848 0.8849 
Kmeans with centroids: 30
Distance computation
72064.8 12333.5
71155.3 11477.7
70991.7 11201
70837.2 11059
70664.7 10984.8
70572.4 10904.4
70522 10852.8
70459.9 10801.8
70423 10763.2
70403.2 10739.6
result for recall@ 1
359.16 3755.75 6192.81 10000 
0.56 0.72 0.72 0.72 
result for recall@ 10
718.32 7511.5 12385.6 20000 
0.59 0.795 0.795 0.795 
result for recall@ 100
1077.48 11267.2 18578.4 30000 
0.5534 0.8843 0.8847 0.8847 
