Kmeans with centroids: 10
Base vector - centroid distance
86850.8 84327.8 83752.1 82759.9 82151.6 81794 81550.2 81376.8 81238.8 81155.5 81091.2 81048.2 81017.6 80997.4 80983.1 80973.9 80967.8 80964.3 80961.2 80959.5 80958 80957 80956.2 80955.6 80955.5 80955.1 80954.6 80954.4 80954.3 80954.3 80954.2 80953.9 80953.9 80953.7 80953.4 80953.4 80953.1 80952.9 80952.7 80952.7 80952.7 80952.3 80952.3 80952.3 80952.3 80952.3 80952.3 80952.3 80952.3 80952.3 
Compression Loss distance
13182 12297.2 11894.6 11668.1 11516 11411.5 11330.6 11266.8 11217.2 11177.8 11146.6 11120 11098 11079.3 11064.5 11051.5 11040.2 11030 11021.4 11014.3 11008.2 11002.1 10996.5 10992.4 10989.3 10986.4 10983.6 10980.8 10978.5 10976.6 10975.3 10974 10972.7 10971.6 10970.9 10970.3 10969.6 10969 10968.3 10967.8 10967.3 10966.7 10966 10965.4 10964.7 10964.1 10963.8 10963.6 10963.3 10963.1 
result for recall@ 1
795 10000 
0.05 0.64 
result for recall@ 10
1590 20000 
0.049 0.787 
result for recall@ 100
2385 30000 
0.0553 0.8814 
Kmeans with centroids: 11
Base vector - centroid distance
82986.8 80701.1 80121.2 79821 79620.5 79477.4 79372.3 79281.7 79215.6 79168 79126.5 79097.3 79079.2 79063.7 79049.1 79036.6 79029.1 79023.2 79017.9 79011.9 79005.9 79001.9 78998.5 78994.9 78989.7 78983.2 78976.9 78971.4 78967.2 78963.4 78960.9 78958.6 78956.6 78955 78954 78953.3 78952.5 78952 78951.7 78951.2 78950.9 78950.6 78950.5 78950.3 78950.3 78950.3 78950.3 78950.3 78950.3 78950.3 
Compression Loss distance
13102.4 12270.7 11879.7 11647.2 11496.5 11389.7 11310.2 11252.1 11206.6 11169 11137.9 11112.7 11091.1 11072.9 11058.5 11046.4 11036.8 11028.9 11022.1 11016.9 11011.9 11007.8 11004.4 11001.3 10998.5 10996.2 10994 10992.3 10990.8 10989.3 10988.1 10987.5 10986.9 10986.4 10986 10985.8 10985.5 10985.3 10985.2 10985 10984.9 10984.8 10984.7 10984.6 10984.5 10984.4 10984.3 10984.2 10984.2 10984.2 
result for recall@ 1
727 10000 
0.05 0.68 
result for recall@ 10
1454 20000 
0.055 0.805 
result for recall@ 100
2181 30000 
0.0569 0.8862 
Kmeans with centroids: 12
Base vector - centroid distance
87310.6 81162.7 80195.5 79771.9 79519.6 79332.2 79196.4 79090.4 79012.8 78961.6 78930.3 78912.1 78899.7 78890.2 78885.7 78882.4 78880.5 78879.1 78878.4 78877.3 78877 78876.4 78876 78875.8 78875.7 78875.6 78875.3 78875.2 78875.1 78875.1 78875.1 78875.1 78875.1 78875.1 78875.1 78875.1 78875.1 78875.1 78875.1 78875.1 78875.1 78875.1 78875.1 78875.1 78875.1 78875.1 78875.1 78875.1 78875.1 78875.1 
Compression Loss distance
13129.9 12293.1 11899.8 11670.6 11519.2 11411.3 11330.3 11268.8 11217.4 11176.8 11144.9 11118.5 11096.8 11078 11062.4 11048.6 11036.6 11026.7 11017.7 11009.3 11001.9 10995.7 10990.8 10987.2 10984.4 10981.9 10979.8 10978.3 10976.6 10975.2 10974.1 10973 10971.7 10970.6 10969.7 10968.9 10968.3 10967.8 10967.4 10967 10966.7 10966.4 10966.2 10966 10965.8 10965.6 10965.5 10965.4 10965.3 10965.2 
result for recall@ 1
407 10000 
0.06 0.65 
result for recall@ 10
814 20000 
0.039 0.825 
result for recall@ 100
1221 30000 
0.0364 0.8911 
Kmeans with centroids: 13
Base vector - centroid distance
82928 81035.5 80138.2 79612.7 79245.1 78942.1 78718.1 78552.7 78452.1 78393.6 78358.5 78330.5 78311.6 78300.8 78294.5 78287.6 78282 78279.3 78277.6 78276.6 78275.3 78274.6 78274 78273.7 78273.6 78273.7 78273.7 78273.7 78273.6 78273.6 78273.6 78273.6 78273.6 78273.6 78273.6 78273.6 78273.6 78273.6 78273.6 78273.6 78273.6 78273.6 78273.6 78273.6 78273.6 78273.6 78273.6 78273.6 78273.6 78273.6 
Compression Loss distance
13089.6 12254.7 11859.4 11623.5 11465.9 11357.7 11282.6 11226.1 11181.1 11145.4 11115.3 11090.8 11071.2 11055.7 11043.4 11033.3 11024.2 11015.8 11007.6 11000.2 10994.2 10988.7 10984.6 10980.8 10977.6 10974.6 10972 10969.7 10967.9 10966.1 10964.6 10963.2 10961.9 10960.9 10959.9 10959.1 10958.5 10957.9 10957.4 10956.8 10956 10955.7 10955.4 10955.1 10954.8 10954.5 10954.2 10954 10953.8 10953.7 
result for recall@ 1
950 10000 
0.05 0.71 
result for recall@ 10
1900 20000 
0.06 0.805 
result for recall@ 100
2850 30000 
0.0637 0.8863 
Kmeans with centroids: 14
Base vector - centroid distance
80765.3 79079.9 78469 78146.1 77939.6 77795.9 77695.2 77622.8 77552.5 77478.1 77435.1 77411.4 77395.6 77385 77375.2 77366.4 77358.2 77351.2 77343.5 77336.9 77332.4 77327.3 77321.4 77315.6 77312.1 77309.4 77304.8 77300.6 77296.1 77291.8 77285.4 77278.7 77273.4 77267.6 77263.9 77261.2 77259.4 77257.7 77255 77251.2 77247.3 77243.5 77240.8 77237.9 77234.9 77232 77230 77227.6 77225.9 77225.2 
Compression Loss distance
13062.2 12244.5 11865.2 11641.8 11489.5 11380.7 11303.3 11243.8 11196.5 11158.1 11126.7 11102.4 11082 11064.6 11050.4 11038.2 11027.1 11017.6 11009.8 11003.1 10997.7 10993.2 10989.1 10985.3 10982.1 10979.2 10976.8 10974.9 10973.2 10971.4 10969.9 10968.7 10967.6 10966.6 10965.5 10964.8 10964.3 10963.7 10963.3 10963 10962.8 10962.7 10962.6 10962.5 10962.4 10962.3 10962.2 10962.1 10962 10961.6 
result for recall@ 1
906 10000 
0.13 0.66 
result for recall@ 10
1812 20000 
0.13 0.792 
result for recall@ 100
2718 30000 
0.1447 0.8858 
Kmeans with centroids: 15
Base vector - centroid distance
80500.3 78300.4 77620.8 77109.2 76739.1 76542.3 76422.3 76353 76309 76287.3 76272.2 76262.2 76255.1 76248.5 76243.5 76239.7 76238 76236.5 76235.8 76235.1 76234.5 76234.1 76233.5 76233.3 76232.8 76232.5 76232.3 76232.3 76232.1 76231.6 76230.8 76230.2 76229.7 76229.1 76228.4 76227.8 76227.3 76226.1 76224.2 76221.7 76218 76212.8 76207.6 76202.1 76197 76190.8 76184 76177.6 76173.9 76170.2 
Compression Loss distance
13121.4 12272.2 11869.9 11632.7 11470.2 11359.9 11280.4 11221.9 11176.8 11141.1 11112.3 11090.1 11071.6 11055.7 11042.2 11030.6 11021.4 11013.4 11007.1 11001.8 10997.9 10994.8 10991.9 10989.4 10986.9 10985.1 10983.6 10982.2 10981 10979.8 10978.9 10977.9 10976.9 10976 10975.1 10974.6 10974.1 10973.6 10973.3 10972.9 10972.6 10972.4 10972.2 10971.9 10971.6 10971.2 10971 10970.7 10970.4 10970.2 
result for recall@ 1
647 10000 
0.03 0.66 
result for recall@ 10
1294 20000 
0.038 0.82 
result for recall@ 100
1941 30000 
0.0431 0.8876 
Kmeans with centroids: 16
Base vector - centroid distance
79497.4 77969.8 77444 77178.8 77035.2 76935.1 76842.1 76770.2 76695.9 76614.2 76486.4 76305.8 76160.5 76061.9 75999.6 75963.5 75942.6 75927.4 75914.6 75902.5 75892.9 75883 75874.4 75867.5 75862 75856.6 75848.8 75839.6 75832.4 75826.7 75822 75815.8 75808.3 75802.4 75795.6 75784.3 75767.8 75752.4 75739.2 75728.4 75719.2 75713.2 75708.5 75702.3 75696.9 75689.5 75682.6 75678.1 75674.6 75672.2 
Compression Loss distance
13082.5 12251.7 11859.3 11636.3 11489.4 11384.3 11309.8 11251.4 11205.7 11169.1 11138.3 11112 11091.1 11073.7 11059.1 11047.1 11036.5 11027.2 11019.2 11012.3 11006.8 11001.8 10997.2 10992.9 10989.2 10985.9 10982.9 10980.4 10978.5 10976.7 10975.2 10973.9 10972.6 10971.2 10970 10968.9 10968 10967 10966.3 10965.4 10964.4 10963.8 10963.4 10962.9 10962.5 10962 10961.6 10961.4 10961.2 10961.1 
result for recall@ 1
640 10000 
0.02 0.66 
result for recall@ 10
1280 20000 
0.017 0.819 
result for recall@ 100
1920 30000 
0.0149 0.8844 
Kmeans with centroids: 17
Base vector - centroid distance
79633.3 77829.9 77102.8 76729.5 76501.8 76310.1 76134 76000.3 75904.5 75831.5 75785.3 75754.5 75731.8 75713.6 75697.8 75679.2 75657.7 75636.5 75610.1 75589.8 75578.3 75568.8 75559.3 75555.1 75551.2 75546 75539.4 75531.5 75520.6 75508.4 75494.2 75475.6 75453.6 75433.1 75411.5 75392.1 75376.5 75365.1 75354 75343.9 75336.4 75330.6 75326.9 75323.2 75318.8 75313.6 75308.4 75305.5 75303.2 75301.6 
Compression Loss distance
13048.3 12226.5 11839.1 11615.6 11464.7 11358.7 11280 11221.4 11173.9 11137.6 11110.8 11087.6 11068.5 11052.2 11038.3 11026.9 11017.9 11010.4 11004.2 10998.7 10994.4 10991.1 10988 10985.5 10983 10980.6 10978.8 10977.3 10976 10974.5 10973.2 10971.8 10970.6 10969.6 10968.8 10968 10967.2 10966.5 10965.7 10964.7 10963.8 10963.3 10962.8 10962.3 10961.7 10961.4 10961.2 10961 10960.9 10960.7 
result for recall@ 1
462 10000 
0.02 0.61 
result for recall@ 10
924 20000 
0.03 0.798 
result for recall@ 100
1386 30000 
0.0415 0.8839 
Kmeans with centroids: 18
Base vector - centroid distance
78206.5 76260 75648.1 75339.9 75122.2 74927.1 74792.4 74705 74642.2 74595.2 74545.9 74504.9 74473.1 74447.7 74429.2 74416.6 74408.5 74402.9 74398.8 74395.2 74392.9 74391.6 74390.1 74387.6 74383.2 74379.4 74375.3 74372 74369.7 74367.2 74364.9 74363.5 74361.9 74360.3 74358.7 74356.9 74355.8 74355 74354.5 74353.9 74353.9 74353.9 74353.9 74353.9 74353.9 74353.9 74353.9 74353.9 74353.9 74353.9 
Compression Loss distance
13085.7 12278.4 11889.8 11659.2 11504.8 11394.4 11311.2 11247 11196.5 11156.8 11126.7 11104.1 11085.4 11069.4 11055.8 11043.1 11031.9 11022.9 11015.2 11009.4 11003.8 10999 10995.1 10991.7 10988.8 10986.2 10984 10982.1 10980.7 10979.3 10977.9 10976.7 10975.8 10974.9 10974.3 10973.8 10973.5 10973.1 10972.8 10972.5 10972.3 10972.2 10972.1 10972 10971.8 10971.6 10971.5 10971.3 10971.1 10970.9 
result for recall@ 1
477 10000 
0.01 0.65 
result for recall@ 10
954 20000 
0.005 0.81 
result for recall@ 100
1431 30000 
0.0084 0.8822 
Kmeans with centroids: 19
Base vector - centroid distance
79293.8 76593.5 75663.4 75153 74816.8 74602 74467.3 74383.3 74322.7 74273.2 74237.5 74213.4 74194.1 74174.7 74151.8 74125.3 74094.3 74067.5 74041.3 74021 74003.4 73989 73975.3 73960.1 73940 73923.9 73913.5 73904.2 73896.5 73890.7 73886.2 73883.3 73880.9 73879.9 73878.9 73878.3 73877.3 73876.7 73876.5 73876.3 73876 73875.4 73875 73874.9 73874.8 73874.8 73874.8 73874.8 73874.8 73874.8 
Compression Loss distance
13038.4 12202.4 11814.7 11590 11439.7 11333 11255.7 11196.3 11149.5 11111.4 11081.4 11056.7 11036.2 11020.8 11007.9 10997.1 10987.6 10979 10971.5 10965.5 10960.6 10956.1 10951.7 10947.8 10944.5 10941.8 10940.1 10938.8 10937.7 10936.7 10935.6 10934.6 10933.9 10933 10932.2 10931.4 10930.8 10930.3 10929.8 10929.4 10929.1 10928.8 10928.6 10928.5 10928.4 10928.3 10928.2 10928.2 10928.2 10928.2 
result for recall@ 1
436 10000 
0.03 0.66 
result for recall@ 10
872 20000 
0.055 0.799 
result for recall@ 100
1308 30000 
0.0726 0.8801 
Kmeans with centroids: 20
Base vector - centroid distance
78455.2 76617.9 75744.5 75300.4 75077.3 74935.3 74819.5 74727.1 74647.8 74578.8 74530.7 74493.8 74462.8 74433.2 74411.3 74395.3 74381.8 74369.6 74362.9 74358.8 74355.8 74353.1 74349.6 74346.7 74344.8 74342.8 74339.8 74336.2 74332.9 74329.6 74326.2 74322.1 74318.5 74314.9 74309.9 74305.6 74300.7 74293.6 74284.3 74277.1 74271.4 74265.6 74260 74256.4 74251.6 74247.7 74243.9 74237.6 74230.6 74227 
Compression Loss distance
12977.2 12145.9 11764.6 11540.6 11396.8 11299.5 11225.8 11168.8 11126.1 11091.4 11063.8 11040.6 11022.1 11007.2 10995.1 10984.9 10975.9 10967 10959.4 10953.6 10948.9 10944.6 10941.4 10939.2 10937.2 10935.5 10934.2 10932.8 10931.7 10930.8 10930 10929 10928.1 10927.2 10926.4 10925.8 10925.1 10924.5 10924 10923.5 10923 10922.5 10922.1 10921.6 10921.2 10921 10920.6 10920.4 10920.4 10920.3 
result for recall@ 1
650 5754 10000 
0.03 0.51 0.7 
result for recall@ 10
1300 11508 20000 
0.087 0.61 0.824 
result for recall@ 100
1950 17262 30000 
0.1292 0.6705 0.8829 
