Kmeans with centroids: 100
Base vector - centroid distance
65389.4 63442.4 62650.1 62223.4 61929.7 61712.3 61534.1 61426.2 61344 61284.2 61237.9 61203 61174.6 61151 61128.1 61107.7 61087 61067.8 61047.8 61030.8 61018 61009.6 61001.7 60992.1 60982 60971.4 60964.1 60958 60949.8 60942.4 60935.8 60930.2 60924.8 60921.8 60919.1 60916.8 60915.5 60915.1 60914.7 60914.5 60914.4 60914.4 60914.4 60914.4 60914.4 60914.4 60914.4 60914.4 60914.4 60914.4 
Compression Loss distance
12168.6 11458.3 11118.6 10919.8 10788.2 10696.6 10627.9 10576.2 10536.2 10505.4 10480.1 10458.9 10442.1 10427.5 10415.9 10406.3 10397.6 10390.1 10383.6 10378.1 10373.4 10369.1 10365.2 10361.8 10359.1 10356.8 10354.5 10352.6 10351 10349.7 10348.7 10347.7 10346.9 10346.3 10345.8 10345.3 10344.9 10344.4 10344.1 10343.7 10343.4 10343 10342.7 10342.6 10342.4 10342.2 10342 10341.7 10341.4 10341.1 
result for recall@ 1
100 1380 2376 3458 4560 5579 6345 7269 8195 9354 10000 
0 0.13 0.29 0.3 0.36 0.42 0.47 0.49 0.54 0.61 0.67 
result for recall@ 10
200 2760 4752 6916 9120 11158 12690 14538 16390 18708 20000 
0.002 0.156 0.296 0.374 0.438 0.508 0.561 0.622 0.674 0.78 0.825 
result for recall@ 100
300 4140 7128 10374 13680 16737 19035 21807 24585 28062 30000 
0.0031 0.1793 0.3089 0.4269 0.511 0.58 0.6364 0.7065 0.7529 0.8361 0.887 
Kmeans with centroids: 110
Base vector - centroid distance
64486.4 62346.3 61488.4 61050.4 60801.6 60663.1 60567 60492.8 60422.4 60372.2 60334.2 60301.5 60273.2 60247.9 60224.1 60203.3 60187.2 60171.5 60160.6 60150.9 60141.2 60131.1 60119.3 60105.5 60093.2 60083.8 60077.6 60073 60067.3 60062.8 60058.3 60056.2 60054.2 60053 60051.1 60050 60049.1 60048.1 60047.2 60046.8 60046.6 60046.6 60046.6 60046.6 60046.6 60046.6 60046.6 60046.6 60046.6 60046.6 
Compression Loss distance
12144.5 11416.5 11084.5 10891.4 10763.3 10671.1 10602.9 10551.2 10511.1 10479.7 10455.5 10435.6 10419.7 10406.4 10395 10385.1 10376 10368 10361.1 10355.3 10350.6 10345.7 10341 10337.6 10334.5 10331.6 10329.2 10327.1 10325.1 10323.6 10322.2 10321 10320 10319.1 10318.3 10317.8 10317.2 10316.8 10316.4 10316 10315.7 10315.5 10315.3 10315.2 10315 10314.9 10314.7 10314.5 10314.4 10314.2 
result for recall@ 1
81 1145 2024 2854 3760 4596 5539 6296 7233 8117 9058 10000 
0 0.08 0.16 0.27 0.35 0.42 0.47 0.48 0.55 0.61 0.67 0.68 
result for recall@ 10
162 2290 4048 5708 7520 9192 11078 12592 14466 16234 18116 20000 
0 0.111 0.219 0.349 0.439 0.493 0.557 0.57 0.656 0.706 0.761 0.81 
result for recall@ 100
243 3435 6072 8562 11280 13788 16617 18888 21699 24351 27174 30000 
0.0029 0.1287 0.2378 0.3636 0.4729 0.523 0.6015 0.6322 0.7242 0.7704 0.829 0.8862 
Kmeans with centroids: 120
Base vector - centroid distance
64003.9 62081.7 61278.3 60830.4 60558 60357.3 60203.5 60093.4 60005.5 59934 59870.9 59819.6 59777.3 59747.5 59723.7 59704.1 59690.8 59680.9 59671.6 59663.2 59655.3 59648.3 59642 59639.5 59638.1 59637.4 59637.1 59636.8 59636 59635.6 59635.2 59634.5 59634.1 59633.5 59633.2 59633 59633 59633 59633 59633 59633 59633 59633 59633 59633 59633 59633 59633 59633 59633 
Compression Loss distance
12075.4 11372.2 11040.7 10843 10713.1 10620.2 10551.6 10499.1 10457.8 10424.5 10399 10379.3 10364.2 10351.5 10340.8 10332.2 10324.1 10317.7 10311.8 10306.7 10302 10298 10294.3 10290.9 10288 10285.2 10282.9 10281.1 10279 10277 10275.3 10273.7 10272.2 10271.1 10270.2 10269.3 10268.5 10267.7 10267 10266.4 10265.7 10265.2 10264.9 10264.7 10264.5 10264.4 10264.2 10264.1 10264.1 10264 
result for recall@ 1
86 772 1773 2612 3472 4278 5107 6095 6937 7732 8442 9189 10000 
0 0.05 0.16 0.24 0.29 0.33 0.36 0.38 0.43 0.52 0.56 0.62 0.68 
result for recall@ 10
172 1544 3546 5224 6944 8556 10214 12190 13874 15464 16884 18378 20000 
0.001 0.08 0.193 0.256 0.312 0.404 0.446 0.513 0.567 0.655 0.693 0.761 0.831 
result for recall@ 100
258 2316 5319 7836 10416 12834 15321 18285 20811 23196 25326 27567 30000 
0.0007 0.072 0.19 0.2578 0.3516 0.4598 0.5148 0.6052 0.64 0.7069 0.7599 0.8292 0.8855 
Kmeans with centroids: 130
Base vector - centroid distance
63222 61328.2 60524.7 60084.4 59779.7 59566.6 59423.9 59325 59249.6 59189.3 59148.2 59109.4 59079.2 59055.4 59041.9 59030.7 59020.8 59014.7 59010.6 59008.4 59006.9 59005.9 59005.2 59004.9 59004.7 59003.3 59002.6 59002.5 59002.5 59002.5 59002.5 59002.5 59002.5 59002.5 59002.5 59002.5 59002.5 59002.5 59002.5 59002.5 59002.5 59002.5 59002.5 59002.5 59002.5 59002.5 59002.5 59002.5 59002.5 59002.5 
Compression Loss distance
11983.7 11293 10970.7 10779.6 10657.1 10569.1 10501.6 10450.5 10410.7 10379.6 10355.5 10335 10317.7 10303.3 10290.8 10280.5 10272 10264.5 10257.9 10252.2 10247.3 10243.2 10239.5 10236.2 10233.6 10231.1 10228.7 10226.9 10224.9 10222.9 10221.2 10219.9 10218.4 10217.1 10215.5 10214.1 10213 10211.8 10210.8 10209.7 10208.6 10207.8 10207 10206.3 10205.7 10205.2 10204.9 10204.6 10204.4 10204.2 
result for recall@ 1
92 788 1613 2526 3381 4102 4906 5739 6451 7224 8096 8906 9467 10000 
0.01 0.06 0.13 0.23 0.26 0.31 0.33 0.4 0.45 0.51 0.54 0.59 0.65 0.68 
result for recall@ 10
184 1576 3226 5052 6762 8204 9812 11478 12902 14448 16192 17812 18934 20000 
0.005 0.07 0.167 0.276 0.343 0.415 0.467 0.521 0.563 0.619 0.676 0.76 0.787 0.824 
result for recall@ 100
276 2364 4839 7578 10143 12306 14718 17217 19353 21672 24288 26718 28401 30000 
0.0059 0.0683 0.1761 0.2946 0.3801 0.4562 0.5281 0.5892 0.6344 0.7028 0.7636 0.8442 0.8635 0.8922 
Kmeans with centroids: 140
Base vector - centroid distance
63098.5 60888.7 60028.9 59597.3 59358.7 59190 59076.9 58991.4 58917.3 58858.4 58810.5 58774.2 58745.5 58722.3 58699.1 58684.2 58674.4 58667.9 58660.9 58653.7 58647.6 58643.1 58639.1 58637.6 58635.8 58634.4 58633 58631.5 58629.9 58628.9 58628.7 58628.4 58628 58627.5 58627.3 58627.3 58627.3 58627.3 58627.3 58627.3 58627.3 58627.3 58627.3 58627.3 58627.3 58627.3 58627.3 58627.3 58627.3 58627.3 
Compression Loss distance
11948.3 11250.7 10917.7 10722.9 10597.8 10510.2 10444.7 10395.3 10358.8 10329.9 10305.8 10285.4 10268.1 10254.2 10242.2 10232.2 10224.1 10216.8 10210.8 10206.2 10202 10198.3 10195 10191.9 10189.3 10186.9 10185 10182.9 10181.2 10179.5 10178.4 10177.4 10176.5 10175.8 10175 10174.4 10174 10173.6 10173.3 10172.9 10172.6 10172.3 10172.1 10172 10171.9 10171.8 10171.6 10171.5 10171.5 10171.4 
result for recall@ 1
78 797 1655 2342 3173 3789 4400 5027 5687 6436 7179 7863 8631 9441 10000 
0 0.09 0.14 0.17 0.26 0.3 0.37 0.4 0.46 0.53 0.59 0.64 0.68 0.71 0.74 
result for recall@ 10
156 1594 3310 4684 6346 7578 8800 10054 11374 12872 14358 15726 17262 18882 20000 
0 0.091 0.185 0.259 0.339 0.382 0.455 0.495 0.558 0.627 0.695 0.748 0.772 0.804 0.834 
result for recall@ 100
234 2391 4965 7026 9519 11367 13200 15081 17061 19308 21537 23589 25893 28323 30000 
0.0009 0.0935 0.2008 0.2827 0.3675 0.4152 0.4824 0.5314 0.5819 0.655 0.732 0.7878 0.8111 0.8544 0.892 
Kmeans with centroids: 150
Base vector - centroid distance
62596.3 60487.2 59653.7 59127.8 58795.4 58559.6 58428.4 58326 58257.9 58213.8 58171.8 58142.8 58117.6 58096.4 58071.7 58047.2 58030.1 58018.5 58010.3 58002.6 57998.1 57995.4 57993.3 57991.3 57990.8 57990.6 57989.9 57989.3 57988.7 57988 57984.6 57983 57981.7 57980.8 57979.9 57979.4 57979.1 57978.8 57978.8 57978.8 57978.8 57978.8 57978.8 57978.8 57978.8 57978.8 57978.8 57978.8 57978.8 57978.8 
Compression Loss distance
11928.6 11230.5 10903.8 10711.6 10583.4 10495 10426.2 10376.4 10339.3 10310.6 10286.1 10265.2 10249 10236.6 10226.4 10217.5 10210 10203.7 10198.1 10193.1 10188.5 10184.3 10180.4 10176.8 10173.7 10171.3 10168.9 10166.5 10164 10162.1 10160.6 10159.5 10158.5 10157.6 10156.9 10156.4 10156 10155.7 10155.3 10155 10154.6 10154.3 10154.1 10153.8 10153.5 10153.2 10152.9 10152.8 10152.6 10152.3 
result for recall@ 1
87 650 1266 1938 2786 3254 3954 4616 5190 5951 6685 7287 7966 8719 9488 10000 
0.02 0.07 0.1 0.12 0.19 0.23 0.34 0.38 0.4 0.44 0.49 0.54 0.56 0.61 0.69 0.73 
result for recall@ 10
174 1300 2532 3876 5572 6508 7908 9232 10380 11902 13370 14574 15932 17438 18976 20000 
0.017 0.086 0.165 0.221 0.297 0.341 0.441 0.48 0.509 0.553 0.604 0.661 0.701 0.744 0.8 0.822 
result for recall@ 100
261 1950 3798 5814 8358 9762 11862 13848 15570 17853 20055 21861 23898 26157 28464 30000 
0.0179 0.0892 0.1744 0.2361 0.3283 0.3613 0.4533 0.4962 0.5307 0.5961 0.6568 0.7198 0.7703 0.8144 0.871 0.8854 
Kmeans with centroids: 160
Base vector - centroid distance
61866.1 59957.4 59174.4 58656.7 58334.9 58134.7 57996.4 57882 57801.5 57734.1 57683.2 57637 57592.1 57559.2 57534.5 57518.2 57504.2 57495.6 57490.8 57487.1 57484.9 57482.2 57480.2 57478.8 57478.3 57478.2 57478.2 57478.2 57478.2 57478.2 57478.2 57478.2 57478.2 57478.2 57478.2 57478.2 57478.2 57478.2 57478.2 57478.2 57478.2 57478.2 57478.2 57478.2 57478.2 57478.2 57478.2 57478.2 57478.2 57478.2 
Compression Loss distance
11875.8 11182.2 10853.3 10659.5 10529.2 10438 10371.7 10320.6 10280.5 10249 10223.9 10203.1 10185.9 10171.5 10160 10150.3 10141.8 10134.1 10127.8 10122.3 10117.3 10113.3 10109.7 10106.6 10104.2 10102 10099.9 10098.2 10097 10096 10095.1 10094.2 10093.4 10092.8 10092.1 10091.4 10090.8 10090.4 10089.8 10089.3 10088.9 10088.7 10088.5 10088.4 10088.1 10087.9 10087.8 10087.7 10087.7 10087.6 
result for recall@ 1
70 768 1428 1939 2588 3304 4046 4725 5360 6052 6676 7258 7874 8395 8881 9420 10000 
0 0.04 0.1 0.11 0.16 0.21 0.27 0.35 0.39 0.43 0.46 0.51 0.54 0.58 0.6 0.66 0.69 
result for recall@ 10
140 1536 2856 3878 5176 6608 8092 9450 10720 12104 13352 14516 15748 16790 17762 18840 20000 
0.003 0.063 0.146 0.174 0.24 0.321 0.385 0.457 0.494 0.548 0.578 0.621 0.649 0.694 0.725 0.788 0.817 
result for recall@ 100
210 2304 4284 5817 7764 9912 12138 14175 16080 18156 20028 21774 23622 25185 26643 28260 30000 
0.0062 0.0727 0.1469 0.1759 0.2552 0.347 0.4443 0.5131 0.5732 0.6385 0.6745 0.7172 0.7476 0.7829 0.8176 0.8625 0.8896 
Kmeans with centroids: 170
Base vector - centroid distance
61345 59320.1 58537.3 58097.1 57819.7 57627.1 57495.8 57411.9 57349.7 57304.8 57264.5 57228.3 57197 57173.7 57153.8 57133.8 57117.9 57105.7 57097.7 57090.8 57083.6 57080.9 57079.2 57077.8 57076.6 57075.3 57074.7 57074.3 57073.9 57073.1 57072.8 57072.8 57072.8 57072.8 57072.8 57072.8 57072.8 57072.8 57072.8 57072.8 57072.8 57072.8 57072.8 57072.8 57072.8 57072.8 57072.8 57072.8 57072.8 57072.8 
Compression Loss distance
11799.4 11103.1 10776.6 10585.9 10461.1 10372.6 10306.9 10256.5 10217.3 10186.4 10160.9 10140.3 10122.7 10108.5 10096.7 10086.4 10078.1 10070.9 10065.2 10059.7 10055.2 10051.2 10047.4 10043.9 10041.3 10039.3 10037.9 10036.7 10035.5 10034.5 10033.6 10032.8 10032 10031.4 10030.9 10030.4 10030 10029.6 10029.3 10029 10028.8 10028.6 10028.5 10028.4 10028.3 10028.2 10028.2 10028.1 10028 10028 
result for recall@ 1
81 720 1385 1991 2566 3288 3749 4166 4814 5414 5979 6560 7027 7693 8293 8929 9485 10000 
0.01 0.09 0.12 0.17 0.2 0.24 0.29 0.34 0.35 0.38 0.49 0.5 0.52 0.56 0.62 0.67 0.71 0.73 
result for recall@ 10
162 1440 2770 3982 5132 6576 7498 8332 9628 10828 11958 13120 14054 15386 16586 17858 18970 20000 
0.014 0.089 0.149 0.219 0.266 0.323 0.382 0.42 0.446 0.492 0.556 0.594 0.625 0.687 0.74 0.783 0.816 0.841 
result for recall@ 100
243 2160 4155 5973 7698 9864 11247 12498 14442 16242 17937 19680 21081 23079 24879 26787 28455 30000 
0.0157 0.0915 0.1711 0.2391 0.2866 0.3814 0.4379 0.4694 0.5198 0.5835 0.6304 0.671 0.6999 0.7596 0.7999 0.8392 0.8725 0.8963 
Kmeans with centroids: 180
Base vector - centroid distance
60831 58874.2 58015.1 57562.6 57295 57126.9 56998.3 56916.1 56852.3 56799.2 56758 56727.7 56697.3 56674.9 56654.8 56641.8 56630.9 56619.1 56608.2 56601.4 56594.4 56588.8 56582.5 56577.1 56571.8 56567.5 56561.7 56557.6 56555.3 56552.5 56550.2 56546.9 56546.4 56546 56546 56546 56546 56546 56546 56546 56546 56546 56546 56546 56546 56546 56546 56546 56546 56546 
Compression Loss distance
11704.3 11024.8 10703 10511 10385.6 10300.3 10237.5 10189.4 10152.6 10124 10101.3 10083.5 10068.9 10057.1 10047.3 10039.8 10032.8 10026.5 10021.3 10017 10013.4 10010.2 10007.2 10004.3 10001.7 9999.36 9997.61 9995.91 9994.31 9992.88 9991.62 9990.52 9989.3 9988.35 9987.66 9987.12 9986.68 9986.21 9985.77 9985.4 9985.06 9984.63 9984.38 9984.16 9983.94 9983.63 9983.38 9983.15 9982.99 9982.87 
result for recall@ 1
72 604 1315 1904 2374 2948 3519 4012 4625 5115 5688 6273 6799 7400 7964 8448 9145 9609 10000 
0 0 0.05 0.08 0.12 0.15 0.18 0.2 0.27 0.29 0.34 0.39 0.45 0.49 0.53 0.58 0.66 0.67 0.71 
result for recall@ 10
144 1208 2630 3808 4748 5896 7038 8024 9250 10230 11376 12546 13598 14800 15928 16896 18290 19218 20000 
0.01 0.048 0.129 0.181 0.213 0.267 0.301 0.326 0.417 0.451 0.519 0.581 0.62 0.647 0.688 0.724 0.794 0.805 0.827 
result for recall@ 100
216 1812 3945 5712 7122 8844 10557 12036 13875 15345 17064 18819 20397 22200 23892 25344 27435 28827 30000 
0.0081 0.0534 0.1601 0.2316 0.2572 0.3159 0.3607 0.398 0.4939 0.5249 0.6007 0.658 0.7018 0.7425 0.7741 0.8056 0.8734 0.8827 0.8918 
Kmeans with centroids: 190
Base vector - centroid distance
60272.5 58314.2 57484.3 57047.1 56794.7 56619.7 56504 56414 56353 56298.7 56255.4 56217.3 56179.3 56150.3 56134.6 56122.5 56113.4 56106.3 56102 56098.7 56096.4 56093 56091.6 56090.4 56089.2 56088.4 56087.4 56086.5 56085.6 56084.4 56083 56081.2 56079.8 56079.3 56079.1 56079 56079 56079 56079 56079 56079 56079 56079 56079 56079 56079 56079 56079 56079 56079 
Compression Loss distance
11688.9 11006.9 10687.6 10497.4 10371.6 10282.6 10219.2 10170.4 10133.3 10102.9 10079 10060 10044.3 10031.1 10019 10008.1 9999.17 9991.32 9984.4 9978.28 9973.19 9968.8 9965.02 9961.57 9958.24 9955.68 9953.77 9952.15 9950.6 9949.25 9948.16 9947.29 9946.49 9945.71 9945.05 9944.33 9943.73 9943.24 9942.93 9942.7 9942.49 9942.23 9941.96 9941.69 9941.4 9941.09 9940.91 9940.77 9940.63 9940.46 
result for recall@ 1
20 494 1007 1622 2124 2750 3231 3772 4323 4758 5242 5890 6284 6719 7215 7746 8524 8984 9600 10000 
0 0.03 0.07 0.11 0.15 0.19 0.21 0.28 0.34 0.39 0.4 0.43 0.44 0.47 0.5 0.52 0.6 0.67 0.71 0.76 
result for recall@ 10
40 988 2014 3244 4248 5500 6462 7544 8646 9516 10484 11780 12568 13438 14430 15492 17048 17968 19200 20000 
0 0.034 0.071 0.153 0.194 0.233 0.276 0.326 0.406 0.459 0.494 0.546 0.557 0.613 0.663 0.673 0.735 0.78 0.81 0.833 
result for recall@ 100
60 1482 3021 4866 6372 8250 9693 11316 12969 14274 15726 17670 18852 20157 21645 23238 25572 26952 28800 30000 
0 0.0427 0.0846 0.1678 0.2184 0.2807 0.3327 0.3849 0.4542 0.4969 0.537 0.6097 0.628 0.6704 0.7133 0.725 0.7978 0.8368 0.8692 0.8959 
Kmeans with centroids: 200
Base vector - centroid distance
59941.4 57893.6 57125 56725.1 56450.1 56267.9 56157.8 56071.7 56010.2 55952.8 55911.9 55886.2 55862.7 55840.1 55820 55803.7 55791.5 55782.6 55777 55773.7 55771.6 55769.3 55767.3 55765.2 55764.9 55764.5 55764.5 55764.5 55764.5 55764.5 55764.5 55764.5 55764.5 55764.5 55764.5 55764.5 55764.5 55764.5 55764.5 55764.5 55764.5 55764.5 55764.5 55764.5 55764.5 55764.5 55764.5 55764.5 55764.5 55764.5 
Compression Loss distance
11699.4 11020.9 10692.7 10497.1 10370.1 10280.9 10213 10162.2 10122.9 10092.4 10066.8 10046.2 10029.9 10016.6 10005.2 9995.87 9987.6 9981.23 9975.71 9971.23 9967.23 9963.75 9960.82 9958.09 9955.68 9953.58 9951.58 9949.92 9948.67 9947.7 9946.93 9946.37 9945.75 9945.21 9944.7 9944.16 9943.79 9943.52 9943.24 9942.93 9942.65 9942.37 9942.15 9941.97 9941.85 9941.78 9941.68 9941.6 9941.56 9941.55 
result for recall@ 1
57 480 1094 1650 2148 2554 2979 3361 3742 4200 4771 5356 5934 6399 7012 7478 7934 8432 9073 9599 10000 
0.01 0.06 0.12 0.17 0.19 0.25 0.34 0.36 0.36 0.37 0.42 0.45 0.52 0.54 0.52 0.53 0.58 0.59 0.63 0.69 0.7 
result for recall@ 10
114 960 2188 3300 4296 5108 5958 6722 7484 8400 9542 10712 11868 12798 14024 14956 15868 16864 18146 19198 20000 
0.008 0.065 0.149 0.194 0.225 0.287 0.36 0.369 0.391 0.42 0.479 0.52 0.576 0.602 0.646 0.657 0.711 0.722 0.767 0.805 0.827 
result for recall@ 100
171 1440 3282 4950 6444 7662 8937 10083 11226 12600 14313 16068 17802 19197 21036 22434 23802 25296 27219 28797 30000 
0.0076 0.0549 0.1452 0.2011 0.2369 0.2857 0.3522 0.368 0.3886 0.4327 0.5077 0.5518 0.6155 0.6468 0.7089 0.7255 0.7844 0.7968 0.8468 0.8817 0.899 
