Kmeans with centroids: 10
Base vector - centroid distance
91757.4 87543.2 84777.3 84120.4 83861.4 83718.4 83603.6 83524.9 83478.6 83443.3 83411.1 83386.8 83371.8 83358.9 83350.7 83343.5 83336.2 83328.9 83322.3 83316.6 
Compression Loss distance 
13125 12296.7 11902.4 11671.4 11513.7 11401 11320.4 11261.3 11213.3 11175.1 11142.4 11115.9 11095.6 11078.3 11064.3 11052.9 11042 11032.6 11024.8 11018.5 
result for recall@ 1
543 1450 3859 4633 5156 5716 6320 8805 9454 10000 
0.04 0.15 0.29 0.32 0.34 0.38 0.46 0.55 0.67 0.69 
result for recall@ 10
548.43 1464.5 3897.59 4679.33 5207.56 5773.16 6383.2 8893.05 9548.54 10100 
0.03304 0.15115 0.30529 0.36432 0.39634 0.44738 0.51546 0.60255 0.67867 0.72369 
result for recall@ 100
548.484 1464.65 3897.98 4679.79 5208.08 5773.73 6383.83 8893.93 9549.49 10101 
0.042833 0.186951 0.358505 0.440464 0.467596 0.499847 0.551415 0.649803 0.739879 0.797924 
Kmeans with centroids: 11
Base vector - centroid distance
83638.7 80798.4 79977.6 79631.5 79438.5 79308.5 79214.3 79137.1 79071.7 79019.2 78989.3 78973.2 78964.8 78957.6 78951.1 78945.8 78941.9 78938.8 78936 78933.8 
Compression Loss distance
13194 12328.3 11922.3 11689.6 11532.1 11419 11338.5 11277.7 11230 11191 11161.3 11137.4 11117.2 11099.9 11084.3 11070.2 11058.3 11047.7 11039.2 11032 
result for recall@ 1
610 1418 2715 3502 4553 5336 6329 7282 8225 9264 10000 
0.02 0.15 0.32 0.38 0.44 0.45 0.46 0.59 0.6 0.64 0.69 
result for recall@ 10
616.1 1432.18 2742.15 3537.02 4598.53 5389.36 6392.29 7354.82 8307.25 9356.64 10100 
0.01602 0.11515 0.27732 0.34038 0.39344 0.43845 0.50946 0.61059 0.6496 0.67864 0.72669 
result for recall@ 100
616.161 1432.32 2742.42 3537.37 4598.99 5389.89 6392.92 7355.55 8308.07 9357.57 10101 
0.011916 0.101715 0.296477 0.36814 0.420193 0.465738 0.549609 0.664911 0.71505 0.757579 0.806427 
Kmeans with centroids: 12
Base vector - centroid distance
81583.2 80084.9 79384.1 79037.2 78832.2 78662.7 78526.9 78419.1 78340.7 78288.1 78251.1 78226.3 78207.4 78190.8 78177.8 78166.4 78159.1 78153.9 78150.3 78146.8 
Compression Loss distance
13136 12306.4 11918.7 11686.2 11531.5 11421.8 11343.4 11283.5 11237 11200.2 11170.7 11147.8 11128.6 11111.9 11097.1 11084.6 11073.5 11063.3 11055.3 11048.3 
result for recall@ 1
637 1204 1925 2721 3319 4119 5173 5902 7219 8207 9008 10000 
0.03 0.07 0.11 0.23 0.34 0.36 0.48 0.5 0.55 0.6 0.65 0.72 
result for recall@ 10
643.37 1216.04 1944.25 2748.21 3352.19 4160.19 5224.73 5961.02 7291.19 8289.07 9098.08 10100 
0.04103 0.09907 0.18211 0.28523 0.37334 0.38936 0.49148 0.5165 0.57555 0.6256 0.67765 0.74472 
result for recall@ 100
643.434 1216.16 1944.44 2748.48 3352.52 4160.6 5225.25 5961.61 7291.91 8289.89 9098.98 10101 
0.041741 0.118799 0.194882 0.276685 0.373473 0.391489 0.522592 0.545816 0.633276 0.682626 0.731678 0.799945 
Kmeans with centroids: 13
Base vector - centroid distance
85989.4 81370.7 79606.4 78818.5 78439.5 78181.5 78002.7 77890.6 77820.9 77777 77749.4 77728.4 77711.4 77694.4 77676 77659.9 77647.8 77634.5 77625 77619.2 
Compression Loss distance
13171.1 12314.2 11907 11660.3 11501 11390.8 11313.9 11254.5 11204.7 11166.1 11136.4 11113 11095 11081.3 11068.1 11056.4 11046.4 11038 11030.2 11023.3 
result for recall@ 1
728 1704 3080 3858 4811 5372 6186 7092 7485 8187 8851 9457 10000 
0.02 0.08 0.11 0.14 0.19 0.27 0.31 0.4 0.46 0.54 0.61 0.63 0.66 
result for recall@ 10
735.28 1721.04 3110.8 3896.58 4859.11 5425.72 6247.86 7162.92 7559.85 8268.87 8939.51 9551.57 10100 
0.04502 0.10608 0.16911 0.18114 0.24619 0.32327 0.37131 0.4854 0.52446 0.60954 0.67161 0.72363 0.74466 
result for recall@ 100
735.353 1721.21 3111.11 3896.97 4859.59 5426.26 6248.48 7163.63 7560.6 8269.69 8940.39 9552.52 10101 
0.056045 0.118006 0.204169 0.213881 0.280346 0.378923 0.429071 0.558785 0.585724 0.66961 0.723472 0.788724 0.804945 
Kmeans with centroids: 14
Base vector - centroid distance
80064.9 78395.6 77731.9 77412.1 77249.2 77157.3 77091.1 77036.6 76993 76963.9 76944.9 76929.7 76914.3 76896.1 76874.7 76852.2 76828.4 76803.9 76784.6 76770.4 
Compression Loss distance
13001 12193.6 11819.6 11596.8 11451.1 11346.3 11267.4 11208.5 11163.2 11128.1 11099.9 11076.2 11055.8 11037 11020.7 11007.1 10996.3 10987.2 10979.5 10973.5 
result for recall@ 1
941 1300 1940 2609 3352 3868 4467 5304 5857 6579 7416 8261 8868 10000 
0.05 0.12 0.16 0.23 0.26 0.3 0.37 0.45 0.48 0.51 0.53 0.6 0.67 0.68 
result for recall@ 10
950.41 1313 1959.4 2635.09 3385.52 3906.68 4511.67 5357.04 5915.57 6644.79 7490.16 8343.61 8956.68 10100 
0.06205 0.11412 0.16016 0.25623 0.26826 0.3133 0.38137 0.46845 0.52748 0.57751 0.62253 0.6806 0.73167 0.75968 
result for recall@ 100
950.504 1313.13 1959.59 2635.35 3385.85 3907.07 4512.12 5357.57 5916.16 6645.45 7490.9 8344.44 8957.57 10101 
0.065662 0.106314 0.14886 0.232556 0.245168 0.286313 0.373181 0.504868 0.570527 0.620578 0.659923 0.719181 0.758432 0.80206 
Kmeans with centroids: 15
Base vector - centroid distance
80180.6 78109.4 77562.1 77289.6 77138 77046.7 76961.8 76873.7 76799.4 76726.8 76675 76639.2 76608.1 76583.7 76559.7 76539.4 76525 76511.7 76501.8 76494.3 
Compression Loss distance
13062.5 12231.1 11843 11613.1 11464.3 11358.9 11282.9 11225.2 11181.4 11148.4 11121.8 11100 11080.9 11063.1 11047.9 11035 11023.8 11014.9 11006.7 10998.9 
result for recall@ 1
882 1651 2245 2962 3269 4013 4666 5463 5961 6288 6668 7143 8430 8934 10000 
0.06 0.1 0.14 0.21 0.22 0.23 0.25 0.37 0.39 0.39 0.4 0.45 0.58 0.63 0.71 
result for recall@ 10
890.82 1667.51 2267.45 2991.62 3301.69 4053.13 4712.66 5517.63 6020.61 6350.88 6734.68 7214.43 8514.3 9023.34 10100 
0.07806 0.1361 0.19914 0.25521 0.25922 0.27923 0.29625 0.40137 0.42939 0.43239 0.4444 0.48145 0.60158 0.64763 0.72271 
result for recall@ 100
890.908 1667.68 2267.67 2991.92 3302.02 4053.53 4713.13 5518.18 6021.21 6351.51 6735.35 7215.14 8515.14 9024.23 10101 
0.0851781 0.147336 0.224999 0.288355 0.293659 0.326079 0.349696 0.473301 0.506429 0.510932 0.516344 0.546981 0.709302 0.754348 0.802223 
Kmeans with centroids: 16
Base vector - centroid distance
79325.2 77675.3 77056.2 76674.4 76404.9 76228.7 76129.5 76070.7 76023.2 75977.8 75933 75889.8 75851 75816 75783 75748 75717.5 75687 75659.2 75637.4 
Compression Loss distance
13099 12272 11892.1 11666.6 11518.2 11416.5 11342.1 11284.2 11239.3 11201.2 11168.1 11142.1 11121.8 11105.4 11091.4 11078.9 11068.1 11058.5 11049.8 11042.6 
result for recall@ 1
633 1135 1953 2982 3689 4019 4747 5320 5754 6352 6846 7378 8144 8808 9297 10000 
0.01 0.03 0.04 0.09 0.18 0.23 0.28 0.3 0.36 0.4 0.42 0.46 0.56 0.61 0.64 0.65 
result for recall@ 10
639.33 1146.35 1972.53 3011.82 3725.89 4059.19 4794.47 5373.2 5811.54 6415.52 6914.46 7451.78 8225.44 8896.08 9389.97 10100 
0.02701 0.07303 0.10104 0.14309 0.23418 0.27623 0.32928 0.3593 0.42336 0.4844 0.49042 0.53046 0.61456 0.66461 0.71164 0.73865 
result for recall@ 100
639.393 1146.46 1972.73 3012.12 3726.26 4059.59 4794.94 5373.73 5812.12 6416.15 6915.15 7452.52 8226.25 8896.96 9390.9 10101 
0.033927 0.085473 0.121201 0.182443 0.275034 0.308476 0.359129 0.399159 0.472423 0.533084 0.53599 0.56903 0.670815 0.723665 0.779112 0.804639 
Kmeans with centroids: 17
Base vector - centroid distance
79112.8 76963.1 76249.2 75843.8 75560.5 75432.1 75369.7 75319 75271 75227.9 75193.6 75165.1 75142.3 75124.6 75107.3 75092.1 75080.4 75071.7 75066.1 75062.2 
Compression Loss distance
13071.5 12249.3 11862.5 11629.4 11474.8 11367.4 11290.3 11230.6 11184.8 11148.2 11117.7 11092.3 11070.9 11054.4 11041 11030.8 11022.3 11015.5 11009.2 11003.5 
result for recall@ 1
578 1225 1824 2535 3406 4037 4766 5152 5510 6156 6910 7292 7941 8486 9013 9371 10000 
0.06 0.12 0.13 0.16 0.27 0.3 0.32 0.37 0.38 0.43 0.47 0.48 0.6 0.62 0.63 0.67 0.71 
result for recall@ 10
583.78 1237.25 1842.24 2560.35 3440.06 4077.37 4813.66 5203.52 5565.1 6217.56 6979.1 7364.92 8020.41 8570.86 9103.13 9464.71 10100 
0.05206 0.12012 0.14313 0.19316 0.29327 0.3393 0.38532 0.41637 0.41838 0.47243 0.49647 0.50148 0.5906 0.64162 0.65263 0.68467 0.73271 
result for recall@ 100
583.838 1237.37 1842.42 2560.6 3440.4 4077.77 4814.14 5204.04 5565.65 6218.18 6979.79 7365.65 8021.2 8571.71 9104.03 9465.65 10101 
0.0621521 0.12122 0.150643 0.200293 0.351993 0.400039 0.446285 0.469816 0.474018 0.520372 0.557796 0.560701 0.662091 0.726242 0.736453 0.763985 0.799633 
Kmeans with centroids: 18
Base vector - centroid distance
78848.3 76489 75925.9 75662.7 75490.7 75398.3 75346.5 75302.3 75256.2 75223.3 75198.1 75170.4 75149.5 75132.8 75116.9 75094.1 75072.1 75055 75046.7 75038.4 
Compression Loss distance
13009.4 12193.3 11809.7 11580.4 11431.7 11325.4 11245.9 11189.2 11145.2 11111.5 11084.3 11061 11040.9 11023.9 11009 10996.5 10986 10977.4 10970.2 10964.6 
result for recall@ 1
270 628 1054 1581 2419 2804 3414 4136 4587 5290 6415 7090 7492 7929 8332 9230 9661 10000 
0.01 0.06 0.13 0.18 0.25 0.25 0.26 0.31 0.34 0.35 0.39 0.44 0.47 0.55 0.57 0.62 0.65 0.68 
result for recall@ 10
272.7 634.28 1064.54 1596.81 2443.19 2832.04 3448.14 4177.36 4632.87 5342.9 6479.15 7160.9 7566.92 8008.29 8415.32 9322.3 9757.61 10100 
0.01501 0.06606 0.11413 0.18018 0.24725 0.26825 0.31326 0.36431 0.41834 0.42535 0.47139 0.53244 0.57647 0.64755 0.67057 0.70662 0.73465 0.74768 
result for recall@ 100
272.727 634.343 1064.65 1596.97 2443.43 2832.32 3448.48 4177.77 4633.33 5343.43 6479.79 7161.61 7567.67 8009.08 8416.15 9323.22 9758.58 10101 
0.014415 0.0645661 0.107414 0.18238 0.253547 0.280368 0.320813 0.371764 0.417218 0.428725 0.489571 0.578032 0.625676 0.709748 0.726571 0.764407 0.791735 0.804848 
Kmeans with centroids: 19
Base vector - centroid distance
80498.9 78060.3 77130.1 76629.2 76291.4 76046.6 75902.6 75804 75724.9 75671.6 75633.1 75599.6 75565.2 75530.1 75504.1 75483.5 75466.1 75455.7 75446.7 75435.6 
Compression Loss distance
13024.8 12202.7 11802.8 11565.7 11415.1 11311.3 11235.5 11176.6 11129.3 11091.7 11060.7 11036.1 11016.3 11000.7 10989.1 10978.6 10969.5 10962.1 10956.1 10950.9 
result for recall@ 1
391 1406 1807 2156 2442 3332 3730 4059 4319 4566 4834 6348 6842 7204 7640 8592 8807 9270 10000 
0.03 0.1 0.11 0.14 0.15 0.2 0.22 0.22 0.23 0.24 0.26 0.48 0.52 0.52 0.51 0.56 0.57 0.6 0.71 
result for recall@ 10
394.91 1420.06 1825.07 2177.56 2466.42 3365.32 3767.3 4099.59 4362.19 4611.66 4882.34 6411.48 6910.42 7276.04 7716.4 8677.92 8895.07 9362.7 10100 
0.04303 0.0961 0.11511 0.15114 0.16215 0.2532 0.29422 0.29822 0.30223 0.30524 0.31626 0.49848 0.54552 0.54552 0.55251 0.61756 0.61957 0.6416 0.73671 
result for recall@ 100
394.949 1420.2 1825.25 2177.78 2466.66 3365.65 3767.67 4100 4362.62 4612.12 4882.82 6412.12 6911.1 7276.76 7717.16 8678.78 8895.95 9363.63 10101 
0.044043 0.107096 0.128815 0.162151 0.175662 0.257053 0.304394 0.315398 0.318702 0.323105 0.331016 0.536999 0.583546 0.590945 0.601753 0.684618 0.68582 0.703842 0.801037 
Kmeans with centroids: 20
Base vector - centroid distance
77372.9 75569.1 74963.7 74609.9 74367.5 74168.9 74007.2 73887.2 73789.7 73705.8 73642.3 73590.8 73553.3 73513.6 73480.9 73455.7 73434 73416 73401.1 73389 
Compression Loss distance
12954.2 12161.3 11789.4 11569.8 11429 11328.4 11252.4 11193.8 11148.7 11113.7 11085.6 11061.5 11040.8 11022.9 11008 10996.5 10987 10979.2 10972.2 10965.3 
result for recall@ 1
294 638 1248 1756 2308 2789 3284 3954 4231 4677 5433 6009 6504 7132 7826 8164 8493 8861 9449 10000 
0.01 0.01 0.06 0.08 0.14 0.17 0.19 0.2 0.26 0.31 0.39 0.44 0.45 0.47 0.47 0.49 0.53 0.56 0.65 0.7 
result for recall@ 10
296.94 644.38 1260.48 1773.56 2331.08 2816.89 3316.84 3993.54 4273.31 4723.77 5487.33 6069.09 6569.04 7203.32 7904.26 8245.64 8577.93 8949.61 9543.49 10100 
0.00601 0.01101 0.05006 0.11108 0.17414 0.22417 0.24319 0.2742 0.31526 0.37531 0.46039 0.51644 0.54345 0.57147 0.58047 0.60149 0.61653 0.63856 0.69765 0.7417 
result for recall@ 100
296.969 644.444 1260.6 1773.74 2331.31 2817.17 3317.17 3993.94 4273.73 4724.24 5487.87 6069.69 6569.69 7204.03 7905.04 8246.46 8578.78 8950.5 9544.43 10101 
0.00410601 0.010911 0.0523501 0.126311 0.187574 0.236324 0.262743 0.309474 0.336515 0.409375 0.52956 0.590616 0.616543 0.652771 0.67008 0.688501 0.703916 0.721539 0.759198 0.805042 
Kmeans with centroids: 21
Base vector - centroid distance
77776.3 75402.8 74510.3 74151.3 74000.4 73908.2 73833.3 73770.6 73708.2 73660.1 73621.5 73587.3 73548.5 73517.3 73489.3 73459.5 73426.2 73400.2 73372.7 73350.3 
Compression Loss distance
12966.7 12175.8 11805.5 11582.8 11433.7 11331.4 11258 11200.6 11154.6 11117.4 11087.2 11060.4 11038 11020.5 11006.1 10993.6 10983.5 10974.4 10966.7 10959.9 
result for recall@ 1
683 1161 1608 2184 2480 2978 3394 3489 4109 4671 5206 5547 5908 6214 6968 7456 8178 8722 9174 9699 10000 
0.02 0.04 0.11 0.12 0.17 0.18 0.19 0.19 0.24 0.26 0.3 0.33 0.36 0.42 0.41 0.44 0.52 0.55 0.56 0.61 0.65 
result for recall@ 10
689.83 1172.61 1624.08 2205.84 2504.8 3007.78 3427.94 3523.89 4150.09 4717.71 5258.06 5602.47 5967.08 6276.14 7037.68 7530.56 8259.78 8809.22 9265.74 9795.99 10100 
0.05102 0.07904 0.14111 0.19612 0.23717 0.25618 0.29719 0.29819 0.34824 0.37126 0.4313 0.46833 0.49336 0.53442 0.55441 0.57844 0.65852 0.67355 0.67656 0.71961 0.73765 
result for recall@ 100
689.898 1172.73 1624.24 2206.06 2505.05 3008.08 3428.28 3524.24 4150.5 4718.18 5258.58 5603.02 5967.67 6276.76 7038.38 7531.31 8260.6 8810.09 9266.66 9796.96 10101 
0.063351 0.091679 0.175541 0.231796 0.263937 0.287356 0.335897 0.337698 0.387148 0.409471 0.466331 0.514268 0.534993 0.564834 0.601954 0.628978 0.740858 0.755874 0.758977 0.78682 0.799938 
Kmeans with centroids: 22
Base vector - centroid distance
77847.1 75193.9 74181.2 73719.8 73456.6 73304.6 73216.5 73171.2 73142.1 73114.9 73089.4 73065.3 73040.9 73018 72994.8 72973.2 72949.1 72923.2 72899.8 72880.8 
Compression Loss distance
13005.9 12195.5 11808.6 11578.8 11430.8 11329.4 11253.8 11194.4 11147.6 11112.6 11084.4 11062.5 11044.9 11029.7 11016.7 11005.4 10995.3 10986.8 10979.6 10973.8 
result for recall@ 1
431 1050 1581 2183 2526 2952 3216 3611 4005 4572 4943 5439 5937 6460 6974 7420 7855 8099 8563 9145 9437 10000 
0.03 0.1 0.13 0.18 0.2 0.21 0.23 0.24 0.25 0.37 0.38 0.42 0.42 0.46 0.52 0.53 0.54 0.58 0.6 0.64 0.67 0.67 
result for recall@ 10
435.31 1060.5 1596.81 2204.83 2551.26 2981.52 3248.16 3647.11 4045.05 4617.72 4992.43 5493.39 5996.37 6524.6 7043.74 7494.2 7933.55 8179.99 8648.63 9236.45 9531.37 10100 
0.05703 0.1351 0.18513 0.25518 0.2712 0.28921 0.29923 0.30224 0.31825 0.40937 0.41838 0.46942 0.48242 0.53046 0.56252 0.58853 0.60454 0.63758 0.6476 0.68264 0.70267 0.74067 
result for recall@ 100
435.353 1060.6 1596.97 2205.05 2551.51 2981.81 3248.48 3647.47 4045.45 4618.18 4992.92 5493.93 5996.96 6525.25 7044.44 7494.94 7934.34 8180.8 8649.49 9237.36 9532.31 10101 
0.056357 0.166535 0.225885 0.297355 0.312671 0.333589 0.339899 0.346602 0.364918 0.468909 0.481618 0.545069 0.565282 0.61043 0.641663 0.670789 0.690605 0.712438 0.727948 0.756783 0.772103 0.802041 
Kmeans with centroids: 23
Base vector - centroid distance
76753.2 74763 74009 73576.5 73293.8 73101.3 72953.2 72849.8 72773.4 72707.6 72642.2 72580.4 72523 72462.2 72413.4 72379.1 72351.8 72328.6 72308.5 72290.1 
Compression Loss distance
13007.9 12191.6 11807.2 11578.3 11433.1 11328.5 11250.4 11194.7 11151.1 11115.2 11086.7 11062.5 11041 11022.6 11007.1 10993.7 10982.9 10973.7 10965.2 10957.8 
result for recall@ 1
356 619 1051 1437 1951 2382 2985 3585 4076 4509 4925 5609 6009 6466 7004 7270 7806 8076 8414 8720 9118 9580 10000 
0.03 0.09 0.15 0.16 0.19 0.2 0.26 0.3 0.33 0.37 0.39 0.4 0.45 0.47 0.5 0.52 0.59 0.65 0.66 0.66 0.68 0.69 0.7 
result for recall@ 10
359.56 625.19 1061.51 1451.37 1970.51 2405.82 3014.85 3620.85 4116.76 4554.09 4974.25 5665.09 6069.09 6530.66 7074.04 7342.7 7884.06 8156.76 8498.14 8807.2 9209.18 9675.8 10100 
0.02703 0.06909 0.12415 0.13616 0.18719 0.2152 0.28626 0.3233 0.36833 0.42137 0.44339 0.4664 0.52245 0.54047 0.5925 0.61352 0.66359 0.69765 0.70166 0.70666 0.71468 0.72669 0.7427 
result for recall@ 100
359.596 625.252 1061.62 1451.51 1970.7 2406.06 3015.15 3621.21 4117.17 4554.54 4974.74 5665.65 6069.69 6531.31 7074.74 7343.43 7884.84 8157.57 8498.98 8808.07 9210.09 9676.76 10101 
0.037227 0.0741691 0.129124 0.144236 0.192187 0.221115 0.317286 0.362523 0.414768 0.482921 0.510843 0.546466 0.621222 0.63754 0.692292 0.708014 0.746364 0.766498 0.770102 0.773607 0.778615 0.787627 0.801343 
Kmeans with centroids: 24
Base vector - centroid distance
76250.8 74334.7 73513.4 73144.2 72875.8 72649.8 72468.5 72331.1 72225.7 72158.6 72110.4 72074.2 72043.2 72017.2 71996.5 71979.2 71964 71952 71945.4 71940 
Compression Loss distance
12935.4 12137 11754.8 11538.4 11394.7 11295.5 11221.7 11166.8 11124.6 11090.6 11062.9 11040.9 11022.8 11007.8 10995.5 10984.3 10974.6 10966.6 10960.3 10955.3 
result for recall@ 1
526 999 1592 1933 2290 2543 3076 3436 3792 4087 4685 5107 5628 5927 6626 6910 7208 7666 7969 8222 8751 9201 9497 10000 
0.03 0.11 0.2 0.24 0.24 0.3 0.31 0.32 0.32 0.33 0.38 0.41 0.43 0.44 0.5 0.51 0.53 0.56 0.61 0.62 0.65 0.68 0.71 0.72 
result for recall@ 10
531.26 1008.99 1607.92 1952.33 2312.9 2568.43 3106.76 3470.36 3829.92 4127.87 4731.85 5158.07 5684.28 5986.27 6692.26 6979.1 7280.08 7742.66 8048.69 8304.22 8838.51 9293.01 9591.97 10100 
0.03103 0.10811 0.1892 0.22924 0.23624 0.2783 0.30031 0.31232 0.32232 0.32733 0.35938 0.37741 0.40943 0.41244 0.4865 0.49051 0.52053 0.56456 0.60661 0.61462 0.65465 0.67168 0.69471 0.73972 
result for recall@ 100
531.313 1009.09 1608.08 1952.52 2313.13 2568.68 3107.07 3470.7 3830.3 4128.28 4732.32 5158.58 5684.84 5986.86 6692.92 6979.79 7280.8 7743.43 8049.49 8305.04 8839.38 9293.93 9592.92 10101 
0.039731 0.129508 0.201989 0.245329 0.259136 0.293578 0.322 0.336812 0.348422 0.355127 0.392059 0.408877 0.449609 0.455112 0.565987 0.569591 0.612521 0.655165 0.676707 0.684715 0.718855 0.739372 0.752795 0.79914 
Kmeans with centroids: 25
Base vector - centroid distance
75121.7 73558.8 72912.2 72557.4 72373.1 72265.9 72190.8 72123.7 72064.2 72022.4 71987.7 71961.2 71941.5 71915 71883.5 71858.2 71838.5 71821.3 71805.4 71790.3 
Compression Loss distance
12973.6 12172.1 11785.2 11553.1 11398.1 11285.4 11206.7 11147.5 11101.1 11064.8 11037.1 11013.6 10996.1 10979.9 10966.5 10955.2 10946 10938.6 10931.9 10925.9 
result for recall@ 1
261 578 1017 1244 1522 1740 2239 2666 3038 3494 3782 4149 4480 4895 5302 5770 6368 6860 7171 7561 8175 8922 9192 9771 10000 
0.01 0.02 0.06 0.07 0.11 0.14 0.22 0.24 0.26 0.26 0.26 0.27 0.28 0.35 0.36 0.41 0.42 0.46 0.51 0.54 0.63 0.69 0.69 0.73 0.74 
result for recall@ 10
263.61 583.78 1027.17 1256.44 1537.22 1757.4 2261.39 2692.66 3068.38 3528.94 3819.82 4190.49 4524.8 4943.95 5355.02 5827.7 6431.68 6928.6 7242.71 7636.61 8256.75 9011.22 9283.92 9868.71 10100 
0.00201 0.02302 0.08106 0.09007 0.12411 0.15214 0.22122 0.24124 0.26526 0.27026 0.27226 0.28427 0.29028 0.33235 0.35636 0.40641 0.43842 0.48946 0.51951 0.55154 0.62563 0.69069 0.69069 0.73873 0.74374 
result for recall@ 100
263.636 583.838 1027.27 1256.56 1537.37 1757.57 2261.61 2692.93 3068.68 3529.29 3820.2 4190.9 4525.25 4944.44 5355.55 5828.28 6432.32 6929.29 7243.43 7637.37 8257.57 9012.11 9284.84 9869.69 10101 
0.00490201 0.024123 0.0921811 0.0975901 0.129024 0.152552 0.247421 0.272241 0.306465 0.32087 0.325872 0.341284 0.35199 0.388632 0.419556 0.462406 0.496838 0.536689 0.55872 0.591152 0.656026 0.760191 0.761791 0.798339 0.803744 
Kmeans with centroids: 26
Base vector - centroid distance
76279.2 73904 72831 72303.4 72055.4 71939 71864.8 71809.5 71771.7 71741.1 71710.4 71678 71643.5 71616.1 71593 71575.9 71560.3 71548.3 71537.5 71523.6 
Compression Loss distance
12906.3 12112.9 11750.6 11537.4 11394 11293.1 11218.1 11160 11115.2 11079.2 11049.7 11027.8 11009.4 10994 10981.5 10971.5 10963.5 10956.8 10951.2 10946.7 
result for recall@ 1
327 909 1276 1490 1699 1965 2099 2292 2636 2950 3511 3887 4556 4955 5305 5853 6145 6595 7171 7520 8085 8441 8643 9006 9555 10000 
0.04 0.08 0.12 0.15 0.16 0.17 0.21 0.23 0.24 0.24 0.28 0.34 0.37 0.39 0.43 0.44 0.44 0.45 0.45 0.5 0.56 0.56 0.59 0.61 0.66 0.71 
result for recall@ 10
330.27 918.09 1288.76 1504.9 1715.99 1984.65 2119.99 2314.92 2662.36 2979.5 3546.11 3925.87 4601.56 5004.55 5358.05 5911.53 6206.45 6660.95 7242.71 7595.2 8165.85 8525.41 8729.43 9096.06 9650.55 10100 
0.05204 0.09908 0.14312 0.16015 0.17516 0.18017 0.20721 0.22023 0.23024 0.23124 0.26228 0.29634 0.32537 0.34739 0.40443 0.41344 0.42944 0.43945 0.46545 0.5125 0.56456 0.58456 0.60759 0.64861 0.70966 0.74471 
result for recall@ 100
330.303 918.181 1288.89 1505.05 1716.16 1984.85 2120.2 2315.15 2662.62 2979.79 3546.46 3926.26 4602.02 5005.05 5358.58 5912.12 6207.06 6661.61 7243.43 7595.95 8166.66 8526.25 8730.29 9096.96 9651.51 10101 
0.048452 0.0978991 0.136943 0.15136 0.165775 0.16918 0.188007 0.19642 0.21873 0.222331 0.260762 0.300196 0.343625 0.371347 0.440604 0.455713 0.476929 0.486139 0.506865 0.544113 0.594365 0.621685 0.635908 0.686249 0.76741 0.805045 
Kmeans with centroids: 27
Base vector - centroid distance
75331.1 73460.4 72621.8 72080.1 71767.8 71585.6 71442.3 71311.6 71206 71122.6 71058.7 71010.8 70973.9 70951 70934 70916.9 70902.5 70890.3 70880 70870.8 
Compression Loss distance
12948.3 12139.8 11753.2 11525.3 11371.5 11261.2 11180.7 11120.2 11076.2 11042.3 11014.6 10993.2 10975.3 10960.4 10947.5 10936.9 10927.8 10920.6 10914.8 10910 
result for recall@ 1
455 527 871 1306 1704 2180 2525 2740 3103 3468 3736 4131 4520 4892 5254 5493 6184 6473 6983 7527 7932 8322 8587 8854 9321 9609 10000 
0.02 0.02 0.06 0.12 0.13 0.2 0.24 0.23 0.23 0.24 0.25 0.26 0.27 0.3 0.34 0.39 0.43 0.43 0.47 0.46 0.48 0.49 0.53 0.54 0.58 0.6 0.64 
result for recall@ 10
459.55 532.27 879.71 1319.06 1721.04 2201.8 2550.25 2767.4 3134.03 3502.68 3773.36 4172.31 4565.2 4940.92 5306.54 5547.93 6245.84 6537.73 7052.83 7602.27 8011.32 8405.22 8672.87 8942.54 9414.21 9705.09 10100 
0.04502 0.04502 0.09206 0.14512 0.16413 0.2312 0.27224 0.27623 0.28123 0.31024 0.31325 0.32426 0.34427 0.3793 0.40134 0.44039 0.51843 0.52143 0.56947 0.57446 0.58148 0.59549 0.62853 0.63354 0.67858 0.6846 0.73064 
result for recall@ 100
459.596 532.323 879.797 1319.19 1721.21 2202.02 2550.5 2767.67 3134.34 3503.03 3773.73 4172.72 4565.65 4941.41 5307.06 5548.48 6246.46 6538.38 7053.53 7603.02 8012.11 8406.05 8673.73 8943.42 9415.14 9706.05 10101 
0.055945 0.056945 0.114692 0.161645 0.179064 0.232931 0.263772 0.274776 0.288581 0.31591 0.320713 0.332624 0.350044 0.384779 0.418901 0.44494 0.551218 0.556621 0.610969 0.621874 0.639982 0.659496 0.685829 0.693134 0.736079 0.739385 0.800731 
Kmeans with centroids: 28
Base vector - centroid distance
74535 72891.2 72248.3 71841.5 71532.7 71325.2 71191.5 71113.5 71034 70958.6 70886.6 70841.9 70807.9 70777.3 70748.2 70720.4 70695.9 70674.2 70654.7 70641.2 
Compression Loss distance
12836.3 12045 11675.3 11467.3 11329.7 11232.8 11160.9 11106.5 11062.1 11028.2 11001.2 10979.4 10961.4 10946.5 10933.9 10923.5 10915.2 10908.2 10902.6 10897.5 
result for recall@ 1
395 843 1000 1288 1534 2012 2257 2632 3000 3632 4167 4443 4785 5216 5720 6117 6527 6785 7190 7418 7699 8076 8447 8759 9013 9399 9718 10000 
0.05 0.06 0.07 0.1 0.11 0.16 0.17 0.2 0.2 0.31 0.33 0.4 0.4 0.4 0.44 0.48 0.51 0.54 0.55 0.55 0.58 0.59 0.61 0.61 0.61 0.62 0.62 0.64 
result for recall@ 10
398.95 851.43 1010 1300.88 1549.34 2032.12 2279.57 2658.32 3030 3668.32 4208.67 4487.43 4832.85 5268.16 5777.2 6178.17 6592.27 6852.85 7261.9 7492.18 7775.99 8156.76 8531.47 8846.59 9103.13 9492.99 9815.18 10100 
0.06805 0.08606 0.09007 0.1181 0.12711 0.18016 0.18817 0.2262 0.2302 0.33131 0.36633 0.4114 0.4234 0.4444 0.48844 0.53448 0.56851 0.59654 0.63055 0.63455 0.66658 0.67359 0.68861 0.70161 0.70261 0.71162 0.73762 0.74764 
result for recall@ 100
398.99 851.514 1010.1 1301.01 1549.49 2032.32 2279.8 2658.58 3030.3 3668.68 4209.09 4487.87 4833.33 5268.68 5777.77 6178.78 6592.92 6853.53 7262.62 7492.92 7776.76 8157.57 8532.32 8847.47 9104.03 9493.93 9816.15 10101 
0.080768 0.104786 0.10709 0.130518 0.137527 0.19378 0.200888 0.249426 0.25983 0.397431 0.437966 0.465611 0.481523 0.498844 0.538788 0.577434 0.616269 0.642097 0.669031 0.670935 0.713367 0.721574 0.738789 0.754302 0.756503 0.774512 0.798938 0.804348 
Kmeans with centroids: 29
Base vector - centroid distance
74546.8 72493.3 71858.5 71522.1 71316.3 71176.8 71040.9 70898.5 70762.6 70650.8 70573.6 70524.6 70494.3 70473.7 70459.2 70449.5 70438 70428.2 70418.4 70409 
Compression Loss distance
12853.9 12059.6 11687.9 11469.8 11326.8 11225.6 11151.9 11096.9 11054.9 11020.1 10993.5 10972 10954.4 10938.9 10925.5 10913.7 10903.3 10894.9 10887.5 10881.3 
result for recall@ 1
361 751 1253 1688 1976 2381 2757 3378 3554 3749 4060 4409 4798 5127 5378 5599 6026 6500 6807 7069 7302 7671 8063 8323 8679 9041 9442 9630 10000 
0.02 0.05 0.09 0.1 0.11 0.13 0.13 0.18 0.22 0.26 0.25 0.29 0.3 0.3 0.32 0.36 0.39 0.42 0.44 0.44 0.44 0.44 0.49 0.52 0.54 0.54 0.56 0.59 0.63 
result for recall@ 10
364.61 758.51 1265.53 1704.88 1995.76 2404.81 2784.57 3411.78 3589.54 3786.49 4100.6 4453.09 4845.98 5178.27 5431.78 5654.99 6086.26 6565 6875.07 7139.69 7375.02 7747.71 8143.63 8406.23 8765.79 9131.41 9536.42 9726.3 10100 
0.03102 0.08305 0.13409 0.1701 0.17811 0.21713 0.23713 0.31118 0.34722 0.37126 0.38125 0.42229 0.4293 0.4293 0.43732 0.47536 0.50039 0.55442 0.56644 0.57944 0.58544 0.58744 0.61249 0.62752 0.67254 0.67354 0.68356 0.69359 0.73263 
result for recall@ 100
364.646 758.585 1265.66 1705.05 1995.96 2405.05 2784.85 3412.12 3589.9 3786.86 4101.01 4453.53 4846.46 5178.78 5432.32 5655.55 6086.86 6565.65 6875.75 7140.4 7375.75 7748.48 8144.44 8407.06 8766.66 9132.31 9537.36 9727.26 10101 
0.025831 0.075183 0.124334 0.15597 0.165678 0.215017 0.244937 0.354011 0.377347 0.396971 0.411981 0.448622 0.458829 0.461529 0.464637 0.495375 0.5298 0.579354 0.598766 0.612679 0.619285 0.628087 0.656012 0.670528 0.730073 0.732174 0.746783 0.758194 0.805733 
Kmeans with centroids: 30
Base vector - centroid distance
74896.1 72487.6 71587.8 71168.1 70917.2 70754.6 70636 70543.2 70473.2 70421 70376.4 70332.5 70296.3 70273 70252 70237.7 70227.6 70220.9 70216 70212.1 
Compression Loss distance
12861.6 12076.8 11710.1 11488 11340 11234.3 11158.6 11100.1 11054 11019.5 10992.6 10969.9 10950.7 10934.7 10921.3 10910.1 10900.7 10892.2 10885.3 10878.9 
result for recall@ 1
257 560 855 1006 1321 1637 1878 2203 2628 2848 3207 3613 3877 4185 4644 5163 5585 6145 6482 6636 6877 7203 7787 8074 8303 8730 8976 9329 9639 10000 
0 0.06 0.07 0.09 0.11 0.14 0.15 0.22 0.26 0.27 0.29 0.3 0.31 0.36 0.36 0.38 0.42 0.46 0.45 0.51 0.57 0.58 0.6 0.6 0.61 0.61 0.62 0.63 0.66 0.67 
result for recall@ 10
259.57 565.6 863.55 1016.06 1334.21 1653.37 1896.78 2225.03 2654.28 2876.48 3239.07 3649.13 3915.77 4226.85 4690.44 5214.63 5640.85 6206.45 6546.82 6702.36 6945.77 7275.03 7864.87 8154.74 8386.03 8817.3 9065.76 9422.29 9735.39 10100 
0.005 0.05606 0.06207 0.09309 0.11011 0.15014 0.15715 0.19822 0.24026 0.25327 0.26929 0.2843 0.29131 0.34536 0.35236 0.39938 0.42642 0.49046 0.50345 0.53151 0.56657 0.58058 0.6026 0.6296 0.64061 0.65161 0.67462 0.68463 0.71766 0.73767 
result for recall@ 100
259.596 565.656 863.635 1016.16 1334.34 1653.53 1896.97 2225.25 2654.54 2876.76 3239.39 3649.49 3916.16 4227.27 4690.9 5215.15 5641.41 6207.06 6547.47 6703.02 6946.46 7275.75 7865.65 8155.55 8386.86 8818.17 9066.66 9423.22 9736.35 10101 
0.006205 0.0445561 0.0500621 0.0673931 0.0922101 0.14195 0.146657 0.184898 0.22634 0.239553 0.253469 0.271484 0.280191 0.330345 0.345352 0.402299 0.430726 0.53589 0.556603 0.583531 0.610867 0.624381 0.655503 0.67303 0.688541 0.703952 0.726375 0.735585 0.788218 0.804338 
