Kmeans with centroids: 10
Base vector - centroid distance
83458.4 81556.1 81007.9 80777.7 80679 80628.7 80598.9 80582.6 80569.9 80557.8 80550.6 80542 80531.9 80521.1 80509.5 80498.2 80481.2 80457.3 80433 80404.8 80375.1 80343.2 80323.3 80309.9 80301.5 80294.2 80289.7 80286.3 80284 80281.9 
Compression Loss distance
13208.7 12326.1 11922 11690.1 11532.7 11428.1 11351.6 11292.6 11246.3 11210.6 11181.4 11157.1 11136.7 11119.5 11104.7 11092.3 11082.3 11072.8 11064.8 11058.3 11052.7 11047.9 11043.8 11039.7 11035.7 11032.4 11029.3 11026.5 11024 11021.8 
result for recall@ 1
1647 10000 
0.04 0.62 
result for recall@ 10
3294 20000 
0.068 0.818 
result for recall@ 100
4941 30000 
0.0824 0.8881 
Kmeans with centroids: 11
Base vector - centroid distance
82747.6 80592.5 79927 79584.1 79397.8 79284.5 79219.2 79175.1 79134 79107.7 79092.4 79080.2 79069.9 79061.4 79055.9 79051.4 79047.5 79044 79041.8 79039.4 79037.6 79035.8 79034.8 79033.5 79031.2 79030.3 79029.5 79029.1 79029 79028.9 
Compression Loss distance
13169 12320.4 11932.5 11703.7 11549.2 11437.5 11355.5 11292.4 11245.1 11207.7 11177.4 11152.8 11131.1 11113 11097.7 11085.3 11073.9 11065.1 11057.4 11050.3 11044.5 11039.3 11034.9 11031.2 11028.4 11025.5 11022.9 11020.9 11019 11017.2 
result for recall@ 1
717 10000 
0.11 0.69 
result for recall@ 10
1434 20000 
0.116 0.784 
result for recall@ 100
2151 30000 
0.1279 0.8797 
Kmeans with centroids: 12
Base vector - centroid distance
81475.3 80302.1 79840.1 79591.1 79474.2 79396 79326.1 79265.2 79200.6 79132.2 79069.3 79008.7 78948.1 78899.1 78856.4 78823 78798.7 78776.4 78756.2 78742.4 78733 78724.9 78717.9 78713 78709.4 78706.4 78704.2 78702.1 78700.4 78699.3 
Compression Loss distance
13100 12261.2 11861.3 11630.4 11477.2 11370.8 11287.5 11224.7 11178.4 11141.8 11111.2 11086.8 11068.2 11051.7 11036.3 11023.9 11013.2 11004 10995.7 10987.9 10981.5 10976.3 10971.9 10968.1 10964.7 10961.7 10959.1 10956.6 10954.2 10952.2 
result for recall@ 1
487 10000 
0.03 0.66 
result for recall@ 10
974 20000 
0.05 0.829 
result for recall@ 100
1461 30000 
0.047 0.8866 
Kmeans with centroids: 13
Base vector - centroid distance
80376.3 79122.2 78668.6 78421.8 78246.6 78071.3 77929.6 77829.8 77763.9 77723.2 77691.4 77661.5 77637.3 77619.6 77605.4 77592.2 77582.8 77574 77565.6 77559.2 77555.5 77553.7 77552.1 77550.9 77549.8 77549.1 77547.7 77546.3 77545.5 77545.2 
Compression Loss distance
13157.9 12306.6 11904.7 11666.9 11512.3 11404.6 11324.1 11262.7 11217.2 11180.8 11152.2 11128.1 11107.3 11090.9 11076.9 11065.1 11054.4 11045.8 11038.1 11031.3 11025.4 11019.9 11015.2 11011.1 11007.1 11003.9 11001.7 10999.7 10997.8 10996.2 
result for recall@ 1
957 10000 
0.06 0.64 
result for recall@ 10
1914 20000 
0.075 0.82 
result for recall@ 100
2871 30000 
0.0862 0.8853 
Kmeans with centroids: 14
Base vector - centroid distance
82075.8 79812.1 78789.1 78213 77897.8 77697.5 77573.2 77486.4 77431.3 77390 77359.7 77341.7 77321.7 77302.1 77287.9 77277.8 77268.6 77263.5 77258.9 77255 77251 77247.1 77243.2 77240.3 77237.5 77233.8 77231.8 77230.7 77229.1 77228.3 
Compression Loss distance
13128.3 12288.2 11890.6 11656.5 11501.3 11391.7 11309.8 11244.9 11195.2 11155.2 11123.9 11098.5 11077.4 11060.6 11045.5 11033.4 11022.7 11013.5 11005.9 10999.8 10993.9 10989.1 10984.9 10981.5 10978.9 10976.6 10974.7 10973.1 10971.6 10969.9 
result for recall@ 1
367 10000 
0.01 0.69 
result for recall@ 10
734 20000 
0.006 0.807 
result for recall@ 100
1101 30000 
0.0061 0.8824 
Kmeans with centroids: 15
Base vector - centroid distance
80695.8 78228.1 77543.9 77196.9 76977.5 76798.5 76642.4 76489.6 76372.5 76299.3 76259.6 76232.9 76208.3 76186.9 76170.4 76150.7 76135.2 76119.9 76103.7 76088.6 76074.7 76058.1 76046.4 76034.7 76024.5 76019.1 76016.8 76013.8 76010.8 76007.4 
Compression Loss distance
13065.5 12231.7 11848.9 11619.9 11468.8 11362.5 11284.6 11226.1 11180.2 11143.5 11113 11087.4 11068.8 11053.8 11041.1 11031.1 11022.4 11015.2 11008.8 11003.2 10998.4 10994.4 10990.6 10987.1 10983.6 10980.9 10978.7 10976.9 10975.3 10973.8 
result for recall@ 1
708 10000 
0.05 0.68 
result for recall@ 10
1416 20000 
0.064 0.804 
result for recall@ 100
2124 30000 
0.0717 0.8843 
Kmeans with centroids: 16
Base vector - centroid distance
80038.4 77973.9 77211.9 76804.7 76544.4 76358.4 76234.6 76149.4 76094.4 76059.5 76039.9 76026.6 76012.7 75999.6 75986.5 75973.5 75961.1 75951.2 75941.1 75931 75920.5 75907.9 75896.3 75883.2 75871.8 75862.1 75854.2 75850.6 75846.8 75843.5 
Compression Loss distance
13111.2 12267.1 11869.2 11638 11485.6 11375.8 11293.8 11235.9 11190.4 11155.2 11125.6 11101.6 11080.9 11064.1 11049.4 11036.7 11026.3 11017.1 11008.8 11001.4 10994.3 10988.8 10984.4 10980.2 10976.5 10973.6 10971.3 10969.3 10967.4 10965.3 
result for recall@ 1
1201 10000 
0.16 0.72 
result for recall@ 10
2402 20000 
0.195 0.822 
result for recall@ 100
3603 30000 
0.2227 0.8881 
Kmeans with centroids: 17
Base vector - centroid distance
80473.4 78200.1 77096.4 76381.1 75972.3 75764.2 75638.6 75567.4 75531.8 75510.1 75494.3 75480.4 75470.5 75463.4 75456.5 75447.1 75434.6 75419.7 75397.9 75376.2 75357.9 75334.4 75311.7 75295.9 75281.9 75267.7 75256.4 75244.8 75234.7 75226.2 
Compression Loss distance
13052.8 12227.9 11847.9 11623.6 11476.5 11374.2 11299.4 11242.5 11198.3 11162 11133.6 11109.1 11090 11074.2 11060 11047.2 11035.7 11027.2 11020.6 11015.4 11010.7 11006.7 11003.6 11001.1 10998.8 10996.9 10995.3 10994.1 10993 10991.8 
result for recall@ 1
1014 10000 
0.13 0.71 
result for recall@ 10
2028 20000 
0.148 0.816 
result for recall@ 100
3042 30000 
0.1851 0.8836 
Kmeans with centroids: 18
Base vector - centroid distance
80621.4 76672.2 75677.9 75272.7 75021.8 74834.9 74714.8 74640.3 74585 74540.1 74509.4 74486.1 74467.8 74453.1 74441.1 74433.1 74427.9 74424.2 74421.8 74420.2 74419.1 74418.1 74417.6 74417.1 74417 74416.8 74416.8 74416.7 74416.6 74416.6 
Compression Loss distance
13034.1 12220.4 11843.9 11627.4 11485 11383.7 11308 11248.3 11202.8 11166.4 11136.3 11112 11093.1 11077.1 11063.9 11052.2 11042.5 11034.4 11027.9 11021.9 11016.6 11012.1 11008 11004.7 11001.9 10999.1 10996.6 10994.2 10992.3 10990.7 
result for recall@ 1
435 10000 
0.02 0.65 
result for recall@ 10
870 20000 
0.026 0.811 
result for recall@ 100
1305 30000 
0.0262 0.888 
Kmeans with centroids: 19
Base vector - centroid distance
78895 76427 75539.6 75174.3 74995.8 74882 74799.7 74742.9 74698.7 74664.3 74629.9 74584.4 74529.1 74467.8 74404.6 74364.5 74329.3 74304.8 74281.9 74255.8 74232.2 74207.9 74184.7 74164 74147.7 74130.2 74116.9 74106.3 74095.8 74085.7 
Compression Loss distance
12997.5 12182.2 11807.3 11591.5 11450.3 11351.1 11278.3 11224.5 11181.6 11146.9 11119.8 11097.2 11078.4 11062.4 11049.2 11037.6 11026.9 11018.4 11010.7 11004.6 10998.9 10994 10989.4 10985.6 10982.3 10979 10976.2 10973.8 10971.4 10969.6 
result for recall@ 1
462 10000 
0.05 0.65 
result for recall@ 10
924 20000 
0.049 0.821 
result for recall@ 100
1386 30000 
0.0537 0.8844 
Kmeans with centroids: 20
Base vector - centroid distance
77857.8 76031.9 75241.5 74798.7 74531.9 74326.7 74190.4 74095 74022.8 73966.1 73922.4 73888.3 73863 73844 73827.7 73811.2 73792.8 73769.4 73743.1 73714 73674.2 73648 73624.6 73601.9 73582.3 73566.5 73552.8 73543.2 73538.7 73535.1 
Compression Loss distance
13016.5 12207 11827.1 11604.8 11461.3 11358.9 11285.4 11229.2 11183.4 11146 11116.7 11091.7 11072.3 11056.4 11043 11031.3 11021.9 11014 11007.1 11001.2 10996.5 10992.7 10988.8 10984.9 10982.1 10979.4 10976.8 10974.8 10973.4 10972 
result for recall@ 1
549 5021 10000 
0.03 0.38 0.69 
result for recall@ 10
1098 10042 20000 
0.07 0.413 0.823 
result for recall@ 100
1647 15063 30000 
0.0838 0.4587 0.8855 
Kmeans with centroids: 21
Base vector - centroid distance
77969.5 75640.9 74615.1 74089.9 73758.1 73581.4 73477.8 73416.4 73364 73318.5 73281.1 73249 73212.7 73183 73159.6 73135.4 73117 73103.9 73095.3 73088.4 73083 73077.4 73070.6 73063.7 73057.5 73050.7 73043.2 73039.4 73036.2 73032.8 
Compression Loss distance
13021.5 12183.5 11799.8 11577.6 11433.7 11328.3 11253.9 11199.4 11155.9 11121.5 11093.8 11070.7 11051.6 11036.3 11023.1 11011.7 11000.9 10991.3 10982.6 10974.9 10967.4 10961.8 10956.9 10952.8 10949 10945.4 10942.7 10940.4 10938 10935.7 
result for recall@ 1
599 5239 10000 
0.01 0.34 0.68 
result for recall@ 10
1198 10478 20000 
0.023 0.404 0.81 
result for recall@ 100
1797 15717 30000 
0.0362 0.4387 0.8794 
Kmeans with centroids: 22
Base vector - centroid distance
78324.3 75867.7 74832 74198.4 73741.6 73439.1 73257.6 73121.8 73017.9 72937.6 72878.1 72835.2 72801.7 72776.3 72754.8 72728.6 72707.2 72690.5 72674.5 72662.5 72654.1 72649 72645.8 72641.5 72635.2 72624.8 72615.7 72606.9 72596.3 72585.3 
Compression Loss distance
12946.9 12171.2 11799.9 11583.2 11440 11336.4 11262.5 11203.9 11157.8 11121.9 11092.3 11067.3 11046.2 11028.2 11013.6 11002.5 10992.7 10983.8 10976.3 10969.9 10964.7 10959.8 10955.8 10952.4 10949.2 10946.5 10943.9 10941.9 10940.4 10939 
result for recall@ 1
309 5133 10000 
0.07 0.39 0.73 
result for recall@ 10
618 10266 20000 
0.058 0.474 0.8 
result for recall@ 100
927 15399 30000 
0.0421 0.5397 0.8813 
Kmeans with centroids: 23
Base vector - centroid distance
79268.8 75993.7 74506.8 73790.5 73378.9 73095.8 72896.1 72743.1 72624.4 72534 72471.8 72423.7 72382.7 72351.9 72330.1 72311.6 72294.9 72280.9 72267.1 72255.8 72246.1 72239.1 72234 72228 72221.8 72215.5 72209.3 72203.6 72197.4 72188.4 
Compression Loss distance
12961.5 12150.9 11777.8 11559.2 11413.2 11309.3 11233.1 11179.6 11138.1 11104 11076.4 11053.4 11034.4 11018.8 11005.7 10994.5 10985.2 10977.3 10971.2 10966.1 10961.8 10958.1 10954.5 10950.9 10947.5 10944.9 10942.8 10940.9 10939.4 10938.2 
result for recall@ 1
251 4694 10000 
0.05 0.41 0.65 
result for recall@ 10
502 9388 20000 
0.05 0.505 0.807 
result for recall@ 100
753 14082 30000 
0.037 0.5723 0.8834 
Kmeans with centroids: 24
Base vector - centroid distance
77176.7 75109.7 74157.2 73658.4 73317.3 73125.3 73011.8 72945.5 72903.1 72870.5 72843.2 72821.5 72803.9 72785.4 72764.9 72738.3 72710.5 72682.8 72659.5 72632.9 72608.3 72583.9 72565.3 72551.8 72543.6 72536.7 72527.9 72519.9 72513.9 72508.1 
Compression Loss distance
12988.1 12159.8 11763.2 11536.2 11388.5 11283.9 11207 11147.6 11102.5 11065.8 11036.6 11012.5 10992.4 10975.3 10961.1 10948.4 10938 10929.3 10922.1 10916.1 10911.1 10906.5 10902.1 10898.6 10894.9 10891.6 10888.6 10886.1 10884.1 10882.4 
result for recall@ 1
374 4693 10000 
0.05 0.32 0.71 
result for recall@ 10
748 9386 20000 
0.069 0.473 0.817 
result for recall@ 100
1122 14079 30000 
0.0842 0.5035 0.8832 
Kmeans with centroids: 25
Base vector - centroid distance
76764.7 74524.8 73895.8 73635.2 73481.8 73382.5 73300.1 73229.5 73180.9 73146.6 73121.2 73098.7 73069.2 73034.3 72996.6 72964.2 72932.3 72900.5 72872.5 72850.2 72827.7 72804.6 72779.5 72755.6 72740.8 72726.9 72715.3 72704.3 72694.4 72683.6 
Compression Loss distance
12936.1 12137.8 11766.4 11533.8 11382.2 11276.4 11200.1 11143 11099.7 11065.2 11037.1 11014.7 10996.9 10982.1 10970.3 10959.7 10950.9 10944 10938.1 10933.1 10928.6 10924.5 10921 10917.9 10915.4 10913.4 10911.7 10910.3 10908.7 10907 
result for recall@ 1
392 3622 10000 
0.04 0.34 0.73 
result for recall@ 10
784 7244 20000 
0.051 0.336 0.817 
result for recall@ 100
1176 10866 30000 
0.0515 0.3273 0.886 
Kmeans with centroids: 26
Base vector - centroid distance
75567.4 73737.7 73039.9 72643.6 72381.6 72197.3 72070.9 71973.7 71876.3 71784.3 71701.1 71621.6 71528.9 71454.4 71389.8 71325.2 71273.8 71237.4 71210.8 71192.8 71173.7 71158.7 71148.3 71140.5 71130.7 71122.1 71116.5 71111.9 71107 71102.5 
Compression Loss distance
12966.1 12150.3 11772.8 11553.4 11409.5 11308.4 11232.7 11177.5 11135.5 11102 11073.6 11049.6 11029.3 11012.5 10998.3 10986.5 10976.5 10967.8 10960.5 10954.4 10949.1 10944.6 10940.8 10937.5 10934.6 10932 10929.5 10927.3 10925.4 10923.5 
result for recall@ 1
331 4321 10000 
0.02 0.29 0.67 
result for recall@ 10
662 8642 20000 
0.014 0.391 0.814 
result for recall@ 100
993 12963 30000 
0.0169 0.4788 0.882 
Kmeans with centroids: 27
Base vector - centroid distance
76293.8 73842.5 72879.3 72345.1 72027.9 71777.1 71598.6 71466 71350.3 71257.5 71188.1 71112.2 71030.7 70974.2 70942.9 70920.9 70904.9 70894.1 70884.1 70874.1 70867.2 70861.4 70857.3 70853.9 70850.6 70848.2 70846.6 70845.2 70844.1 70842.2 
Compression Loss distance
12935.4 12143.3 11773.6 11552.8 11406.8 11303.9 11228.1 11169.3 11124.1 11086 11056.8 11033.2 11014.1 10997.6 10982.4 10968.9 10957.6 10948.5 10940.9 10934.7 10928.7 10923.8 10919.2 10915.3 10912.1 10909.2 10906.5 10904.1 10902.3 10900.4 
result for recall@ 1
249 3881 10000 
0.05 0.32 0.69 
result for recall@ 10
498 7762 20000 
0.045 0.426 0.815 
result for recall@ 100
747 11643 30000 
0.042 0.449 0.8846 
Kmeans with centroids: 28
Base vector - centroid distance
74570.9 72609 71962.6 71611.4 71386.9 71246.7 71154.4 71079.7 71021.7 70971.8 70937.3 70910.7 70884.9 70860.4 70844 70828 70813.6 70797.8 70782.7 70770.9 70761.4 70751.1 70738.5 70728.2 70719 70712.2 70707.9 70703.8 70699.5 70697.2 
Compression Loss distance
12916.8 12115.1 11727.8 11500.9 11349.4 11245.8 11170.3 11114.5 11071.8 11036.9 11009.1 10986.3 10967.5 10951.4 10938.2 10926.4 10916.6 10908.1 10901.2 10895.3 10889.8 10884.8 10880.6 10876.7 10873.4 10870.7 10868.4 10866 10864.2 10862.7 
result for recall@ 1
283 3310 10000 
0.01 0.29 0.69 
result for recall@ 10
566 6620 20000 
0.008 0.294 0.796 
result for recall@ 100
849 9930 30000 
0.0079 0.2822 0.8826 
Kmeans with centroids: 29
Base vector - centroid distance
74211.9 72460.2 71692.1 71305.2 71086.6 70948 70848.3 70777.7 70721.1 70674.6 70633.1 70604.2 70577.1 70554.8 70533.1 70510.4 70487.4 70468.5 70454.9 70440.3 70420.9 70403.7 70390.6 70375 70361.4 70349 70339.9 70334.4 70329.3 70325.9 
Compression Loss distance
12901.7 12099.9 11733.5 11519.7 11379.4 11279.8 11205.5 11150.4 11106.7 11071.4 11043.5 11019.9 11000.2 10984.3 10971.2 10960.3 10950.9 10942.8 10936.2 10930 10924.8 10920.2 10916.2 10912.3 10908.7 10905.8 10903.2 10900.8 10898.6 10896.1 
result for recall@ 1
387 4029 10000 
0.01 0.27 0.69 
result for recall@ 10
774 8058 20000 
0.023 0.343 0.813 
result for recall@ 100
1161 12087 30000 
0.0305 0.4294 0.8861 
Kmeans with centroids: 30
Base vector - centroid distance
74393.7 72752 72017 71486.6 71126.9 70896.5 70755.5 70656.4 70569.5 70507.6 70462.4 70420.7 70386.2 70347.3 70310 70271.6 70240.3 70216.5 70199.2 70187.4 70180 70174.1 70168.1 70163.5 70160.6 70158.5 70156.8 70155.1 70153.3 70151.7 
Compression Loss distance
12922.1 12117.1 11733.6 11501.6 11352.3 11248.3 11171 11115.8 11073.1 11038.4 11009.2 10986.1 10966.4 10950.5 10937.6 10927.4 10918.4 10910.6 10904.1 10898.4 10893.5 10890.1 10887.2 10884.4 10882 10880 10878 10876.2 10874.6 10873.1 
result for recall@ 1
351 3293 7469 10000 
0.01 0.24 0.52 0.67 
result for recall@ 10
702 6586 14938 20000 
0.012 0.262 0.653 0.812 
result for recall@ 100
1053 9879 22407 30000 
0.0165 0.2743 0.7511 0.8775 
