Kmeans with centroids: 100
Distance computation
66033.1 15085.3
63576.2 13030.7
62657.2 12210.3
62199.8 11731.8
61919.2 11414.1
61739.8 11201.8
61591.3 11046.5
61471.5 10912.3
61379.3 10811.3
61309.6 10731.6
61252.4 10672
61210.6 10615
61183.8 10573.2
61158.8 10534
61134 10502.3
61115.1 10475.1
61096.9 10452.5
61081.4 10429.6
61066.4 10412.2
61053.3 10394.7
61038.4 10381.5
61025 10365.5
61015.6 10355.5
61000.3 10343.4
60990.6 10329.5
60984.3 10316
60978.2 10307.6
60970.1 10300.6
60960 10295.5
60949.9 10288.9
60939.9 10279.7
60932.4 10275.6
60925.1 10269.8
60918.8 10258.9
60914.4 10250.1
60908.4 10244.4
60903.6 10238.8
60900.6 10233.4
60897.7 10226.6
60895.2 10221
result for recall@ 1
117 1183.38 2205.72 3212.66 4140.26 4981.94 5820.71 6775.01 7780.71 8830.16 10000 
0.5 0.67 0.67 0.67 0.67 0.67 0.67 0.67 0.67 0.67 0.67 
result for recall@ 10
234 2366.76 4411.44 6425.32 8280.52 9963.88 11641.4 13550 15561.4 17660.3 20000 
0.556 0.814 0.818 0.818 0.818 0.818 0.818 0.818 0.818 0.818 0.818 
result for recall@ 100
351 3550.14 6617.16 9637.98 12420.8 14945.8 17462.1 20325 23342.1 26490.5 30000 
0.4005 0.8683 0.8855 0.8876 0.8876 0.8876 0.8876 0.8876 0.8876 0.8876 0.8876 
Kmeans with centroids: 110
Distance computation
64900.6 14991
62695.8 12960.4
61934.2 12130.7
61563 11669.1
61339.3 11368.6
61170.8 11156.4
61063.9 11010.1
60980.9 10898.4
60912.1 10796.3
60861.9 10727.1
60816.6 10663.4
60781.6 10613.4
60750.4 10573.2
60716.1 10540.6
60684.7 10507.7
60659.4 10480.6
60635 10451.5
60617.6 10429.3
60597 10416.2
60577.7 10400.2
60560.7 10386.1
60544.4 10368.1
60533.3 10354.3
60524.5 10339.8
60517.4 10328
60511 10317.3
60505.6 10307.9
60500.6 10300.8
60494.5 10292.2
60488.8 10283.3
60483.5 10274.4
60480.4 10266.7
60475.3 10261.6
60470.8 10258.7
60466.3 10252
60463.4 10243.5
60461.6 10236.7
60459.6 10232.8
60456.3 10231.1
60452.8 10228.4
result for recall@ 1
107.67 1074.45 1984.88 2850.11 3720.03 4535.94 5303.42 6107.79 6972.66 7901.17 8841.44 10000 
0.48 0.68 0.68 0.68 0.68 0.68 0.68 0.68 0.68 0.68 0.68 0.68 
result for recall@ 10
215.34 2148.9 3969.76 5700.22 7440.06 9071.88 10606.8 12215.6 13945.3 15802.3 17682.9 20000 
0.534 0.808 0.82 0.821 0.821 0.821 0.821 0.821 0.821 0.821 0.821 0.821 
result for recall@ 100
323.01 3223.35 5954.64 8550.33 11160.1 13607.8 15910.3 18323.4 20918 23703.5 26524.3 30000 
0.3834 0.8615 0.8833 0.8857 0.8858 0.8859 0.8859 0.8859 0.8859 0.8859 0.8859 0.8859 
Kmeans with centroids: 120
Distance computation
64915.6 15043.2
62421.4 13016.7
61474.3 12159
60955.6 11666.2
60651.6 11359.7
60463.8 11138.4
60330.6 10977.6
60233 10854.6
60156.6 10757.6
60102.1 10684.7
60052.8 10627.2
60010.4 10577.3
59970.3 10531.4
59939.9 10494.8
59915.8 10461.1
59896.3 10427.4
59885.2 10398.2
59871.1 10374.2
59862.1 10354.6
59850.5 10337.9
59842.2 10320
59835.7 10306.8
59827.6 10295.5
59818.1 10285.8
59811.3 10276.6
59804.1 10268.3
59798.7 10263.5
59792.4 10256.3
59787 10249.2
59782.7 10242
59778.1 10238.8
59773.2 10233.6
59767.7 10227.4
59762.5 10220.1
59757.7 10213.8
59753 10208.9
59748 10205.6
59741.8 10200.7
59736.2 10199.8
59730.4 10193.6
result for recall@ 1
102.16 996.28 1852.59 2683.09 3474.53 4250.95 5029.95 5717.08 6433.52 7196.44 8022.58 8925.38 10000 
0.5 0.68 0.7 0.7 0.7 0.7 0.7 0.7 0.7 0.7 0.7 0.7 0.7 
result for recall@ 10
204.32 1992.56 3705.18 5366.18 6949.06 8501.9 10059.9 11434.2 12867 14392.9 16045.2 17850.8 20000 
0.531 0.81 0.816 0.817 0.817 0.817 0.817 0.817 0.817 0.817 0.817 0.817 0.817 
result for recall@ 100
306.48 2988.84 5557.77 8049.27 10423.6 12752.8 15089.8 17151.2 19300.6 21589.3 24067.7 26776.1 30000 
0.3783 0.8621 0.8839 0.8858 0.8862 0.8862 0.8862 0.8862 0.8862 0.8862 0.8862 0.8862 0.8862 
Kmeans with centroids: 130
Distance computation
63628.7 14978.9
61339.5 12939.1
60579.5 12102.3
60188.3 11625.8
59923.2 11312.3
59721 11104.4
59566.5 10942.7
59462.8 10823.9
59391.5 10734.7
59340.3 10659.5
59298.3 10590.5
59267.4 10534.3
59237.4 10488
59211 10447.1
59186.6 10405.6
59171.7 10371.7
59156.9 10348
59144 10331.3
59130.6 10316.5
59119.2 10297.6
59107.6 10284.3
59097.2 10269.1
59090.1 10253.1
59085.3 10240.3
59080.5 10229.4
59075.6 10221.2
59070.3 10211.7
59065.5 10202.2
59062.1 10192.5
59058.5 10184.9
59055.5 10177.6
59053.2 10170
59050.5 10164
59049 10156
59048.2 10150.7
59048.1 10146.2
59047.9 10142.4
59047.5 10139.1
59047.3 10135.5
59047.3 10132.4
result for recall@ 1
94.29 949.01 1747.02 2535.46 3289.77 4000.02 4674.36 5341.79 5981.44 6624.79 7340.11 8107.78 8934.91 10000 
0.44 0.72 0.71 0.71 0.71 0.71 0.71 0.71 0.71 0.71 0.71 0.71 0.71 0.71 
result for recall@ 10
188.58 1898.02 3494.04 5070.92 6579.54 8000.04 9348.72 10683.6 11962.9 13249.6 14680.2 16215.6 17869.8 20000 
0.516 0.824 0.829 0.83 0.83 0.83 0.83 0.83 0.83 0.83 0.83 0.83 0.83 0.83 
result for recall@ 100
282.87 2847.03 5241.06 7606.38 9869.31 12000.1 14023.1 16025.4 17944.3 19874.4 22020.3 24323.3 26804.7 30000 
0.3629 0.8587 0.8842 0.8878 0.8883 0.8884 0.8884 0.8884 0.8884 0.8884 0.8884 0.8884 0.8884 0.8884 
Kmeans with centroids: 140
Distance computation
62933.6 14821
60837.5 12846
60107.2 12044.5
59717.3 11611.6
59452.3 11328.1
59241.8 11129.6
59083.3 10979.3
58975 10857.8
58891.7 10757.1
58830.9 10676.6
58790.1 10610.6
58750.7 10557.5
58723.2 10509.8
58700.1 10468.9
58675.9 10431.6
58654.6 10393.5
58639.4 10365.8
58623.8 10344.4
58608.3 10326.7
58594.7 10308.3
58582.2 10290.5
58574.7 10274.1
58567.8 10258.9
58560.5 10246.8
58552.8 10234.5
58544.5 10225.2
58530.8 10216.6
58511.6 10209.8
58490.9 10206.8
58471.7 10200.7
58452.8 10193.4
58440.8 10178.4
58431 10168.7
58418.6 10158.2
58411.8 10145.5
58407.5 10137.2
58403.9 10129.6
58400.9 10123.4
58397.3 10117.4
58392.1 10115.7
result for recall@ 1
82.12 850.53 1622.86 2357.53 3097.6 3795.36 4407.6 4993.36 5601.33 6264.45 6946.67 7663.54 8417.76 9188.52 10000 
0.4 0.68 0.67 0.67 0.67 0.67 0.67 0.67 0.67 0.67 0.67 0.67 0.67 0.67 0.67 
result for recall@ 10
164.24 1701.06 3245.72 4715.06 6195.2 7590.72 8815.2 9986.72 11202.7 12528.9 13893.3 15327.1 16835.5 18377 20000 
0.472 0.811 0.819 0.821 0.821 0.821 0.821 0.821 0.821 0.821 0.821 0.821 0.821 0.821 0.821 
result for recall@ 100
246.36 2551.59 4868.58 7072.59 9292.8 11386.1 13222.8 14980.1 16804 18793.3 20840 22990.6 25253.3 27565.6 30000 
0.3283 0.8535 0.8789 0.8828 0.8834 0.8834 0.8834 0.8834 0.8834 0.8834 0.8834 0.8834 0.8834 0.8834 0.8834 
Kmeans with centroids: 150
Distance computation
62970.8 14737.6
60746.7 12726.6
59852.4 11917.1
59388.1 11449.1
59080.7 11140.2
58852 10932.4
58686.3 10770.3
58571.8 10648.8
58483.6 10548.8
58417.3 10468.6
58365.1 10408.1
58310.3 10355.1
58266.4 10304.1
58234.2 10262.2
58207.6 10231.6
58186.2 10199.9
58161.8 10173.8
58141.6 10152.1
58123.2 10130.4
58110.3 10115.1
58093.7 10101.6
58077.5 10082.5
58066.5 10066.2
58054.9 10055.5
58043.7 10041.6
58031.6 10031.1
58020.5 10024.2
58009.2 10016.7
58000.4 10011
57992.3 10002.3
57985.3 9993.03
57979.4 9986.23
57974.5 9982.34
57969.7 9975.56
57966.9 9970.6
57963.2 9965.85
57960.7 9959.58
57959.7 9955.36
57959.1 9951.76
57958.2 9950.07
result for recall@ 1
83.32 821.87 1543.58 2248.43 2941.87 3597.17 4198.87 4807.72 5358.76 5921.58 6511.27 7131.82 7769.41 8429.64 9141.3 10000 
0.48 0.72 0.72 0.72 0.72 0.72 0.72 0.72 0.72 0.72 0.72 0.72 0.72 0.72 0.72 0.72 
result for recall@ 10
166.64 1643.74 3087.16 4496.86 5883.74 7194.34 8397.74 9615.44 10717.5 11843.2 13022.5 14263.6 15538.8 16859.3 18282.6 20000 
0.5 0.826 0.83 0.83 0.83 0.83 0.83 0.83 0.83 0.83 0.83 0.83 0.83 0.83 0.83 0.83 
result for recall@ 100
249.96 2465.61 4630.74 6745.29 8825.61 10791.5 12596.6 14423.2 16076.3 17764.7 19533.8 21395.5 23308.2 25288.9 27423.9 30000 
0.3454 0.848 0.8832 0.8863 0.8872 0.8875 0.8873 0.8873 0.8873 0.8873 0.8873 0.8873 0.8873 0.8873 0.8873 0.8873 
Kmeans with centroids: 160
Distance computation
62353.3 14619
60168.8 12642.3
59262.2 11845.3
58768.7 11392.3
58457.9 11082.4
58264 10860.6
58125.2 10692.5
58029.3 10556
57960.7 10457
57904.8 10383.4
57858 10320.5
57819 10272.9
57788.1 10227.3
57759.3 10195.7
57731.7 10166.8
57706.6 10139.4
57690.4 10115.6
57675.6 10092.2
57660.6 10072.5
57649.6 10051.6
57643.3 10030.6
57639.1 10017.7
57634.8 10005
57631 9994.86
57628.1 9985.13
57626.3 9976.75
57625.8 9969.03
57625.4 9963.45
57624.8 9959.47
57624 9955.78
57623.5 9951.9
57622.4 9948.74
57621.4 9947.3
57620 9945.18
57619.2 9942.84
57618.4 9940.57
57618.3 9938.01
57617.9 9936.13
57617.4 9934.09
57617.2 9933.06
result for recall@ 1
75.37 783.83 1458.69 2097.2 2731.89 3343.38 3907.4 4419.49 4870.73 5345.34 5867.56 6446.07 7069.62 7712.48 8410.37 9171.3 10000 
0.52 0.72 0.72 0.72 0.72 0.72 0.72 0.72 0.72 0.72 0.72 0.72 0.72 0.72 0.72 0.72 0.72 
result for recall@ 10
150.74 1567.66 2917.38 4194.4 5463.78 6686.76 7814.8 8838.98 9741.46 10690.7 11735.1 12892.1 14139.2 15425 16820.7 18342.6 20000 
0.503 0.822 0.826 0.827 0.827 0.827 0.827 0.827 0.827 0.827 0.827 0.827 0.827 0.827 0.827 0.827 0.827 
result for recall@ 100
226.11 2351.49 4376.07 6291.6 8195.67 10030.1 11722.2 13258.5 14612.2 16036 17602.7 19338.2 21208.9 23137.4 25231.1 27513.9 30000 
0.331 0.8476 0.8838 0.8893 0.89 0.89 0.89 0.89 0.89 0.89 0.89 0.89 0.89 0.89 0.89 0.89 0.89 
Kmeans with centroids: 170
Distance computation
61559.3 14760.8
59381.5 12749.8
58546.3 11929
58111.5 11474.1
57818.2 11187.1
57621.5 10978.3
57457.8 10826.9
57336.2 10695.9
57256.9 10587.1
57201 10497.7
57151.8 10432.1
57099.6 10380
57061.4 10326.8
57035.6 10279.6
57016.9 10240.7
57001.6 10208.7
56988.8 10188
56974.1 10165.2
56959.8 10146.6
56948.2 10129.2
56939.5 10111
56933.1 10098.5
56925.4 10086.8
56921.6 10074.9
56917.5 10065.2
56913 10057.5
56907.1 10050.6
56903.3 10041.5
56899.9 10033.8
56896.3 10026
56892.9 10018.4
56890 10011
56888.7 10006.5
56887.3 10003
56885.5 9999.49
56882.8 9996.61
56880.8 9993.47
56879.1 9989.91
56877.3 9985.99
56876 9983.18
result for recall@ 1
73.69 714.94 1338.39 1956.91 2561.9 3143.82 3729.72 4266.01 4771.93 5271 5777.63 6307.1 6864.06 7450.09 8059.1 8658.14 9281.21 10000 
0.51 0.74 0.74 0.74 0.74 0.74 0.74 0.74 0.74 0.74 0.74 0.74 0.74 0.74 0.74 0.74 0.74 0.74 
result for recall@ 10
147.38 1429.88 2676.78 3913.82 5123.8 6287.64 7459.44 8532.02 9543.86 10542 11555.3 12614.2 13728.1 14900.2 16118.2 17316.3 18562.4 20000 
0.513 0.827 0.835 0.837 0.837 0.837 0.837 0.837 0.837 0.837 0.837 0.837 0.837 0.837 0.837 0.837 0.837 0.837 
result for recall@ 100
221.07 2144.82 4015.17 5870.73 7685.7 9431.46 11189.2 12798 14315.8 15813 17332.9 18921.3 20592.2 22350.3 24177.3 25974.4 27843.6 30000 
0.3336 0.8483 0.8836 0.8903 0.8917 0.8918 0.892 0.892 0.892 0.892 0.892 0.892 0.892 0.892 0.892 0.892 0.892 0.892 
Kmeans with centroids: 180
Distance computation
61284.8 14814.9
59048.5 12782.1
58099.7 11937.8
57582.6 11479
57268.8 11168.3
57063.8 10942.2
56935.7 10768
56837.7 10642.9
56769.3 10545.4
56716.7 10474.1
56669.6 10413
56631.6 10360.8
56596.6 10321.1
56567.5 10282.4
56547.6 10249.2
56530.8 10218.5
56519.2 10188.4
56506.8 10168
56494.1 10147.3
56481.2 10131.4
56466.9 10116.4
56450.1 10101.6
56441.7 10086.3
56439.1 10071.8
56435.8 10058.8
56433.1 10046.6
56429.9 10037.6
56426.7 10030.4
56424.1 10021.8
56421.8 10016.6
56419 10008.4
56418.4 10001.7
56418 9995.14
56417.7 9990.07
56417.7 9985.45
56417.5 9981.7
56416.9 9978.4
56416.5 9975.12
56416.2 9971.85
56416.1 9968.89
result for recall@ 1
72.17 704.28 1269.74 1834.58 2384.35 2929.28 3464.86 3999.92 4534.38 5061.29 5527.9 5988.24 6468.12 6966.21 7474.92 8029.67 8603.55 9206.99 10000 
0.47 0.7 0.71 0.71 0.71 0.71 0.71 0.71 0.71 0.71 0.71 0.71 0.71 0.71 0.71 0.71 0.71 0.71 0.71 
result for recall@ 10
144.34 1408.56 2539.48 3669.16 4768.7 5858.56 6929.72 7999.84 9068.76 10122.6 11055.8 11976.5 12936.2 13932.4 14949.8 16059.3 17207.1 18414 20000 
0.519 0.828 0.835 0.835 0.836 0.836 0.836 0.836 0.836 0.836 0.836 0.836 0.836 0.836 0.836 0.836 0.836 0.836 0.836 
result for recall@ 100
216.51 2112.84 3809.22 5503.74 7153.05 8787.84 10394.6 11999.8 13603.1 15183.9 16583.7 17964.7 19404.4 20898.6 22424.8 24089 25810.7 27621 30000 
0.3354 0.8443 0.8819 0.8872 0.8894 0.89 0.8901 0.8901 0.8901 0.8901 0.8901 0.8901 0.8901 0.8901 0.8901 0.8901 0.8901 0.8901 0.8901 
Kmeans with centroids: 190
Distance computation
60780.3 14717.6
58606.2 12725.5
57750.9 11909.8
57306.8 11440
57058 11137.5
56895.6 10927.6
56776.2 10772.3
56694 10655.1
56630.7 10557.9
56578.8 10476.2
56544.9 10410.7
56521.7 10354.1
56500.7 10306.9
56486.6 10269.1
56473 10235.8
56458.4 10209.1
56444.8 10186.7
56430.5 10166.3
56417.2 10151
56401.1 10134.6
56387.4 10118.5
56375.6 10105.6
56362.1 10092.2
56353.3 10076.7
56346.2 10065.3
56339.9 10054.4
56335.3 10044.1
56330.7 10035.9
56327 10027.8
56323.9 10020.5
56321.6 10013.5
56319.3 10006.3
56317 10000.9
56314.5 9997.11
56310.8 9992.93
56309.3 9986.96
56308.6 9982.93
56307.9 9978.44
56306.5 9974.37
56305.1 9970.96
result for recall@ 1
67.17 686.34 1274.76 1847.15 2413.01 2957.78 3497.73 3975.32 4438.69 4889.1 5313.46 5723.68 6175.54 6632.12 7113.46 7615.43 8139.52 8695.49 9296.65 10000 
0.42 0.71 0.73 0.73 0.73 0.73 0.73 0.73 0.73 0.73 0.73 0.73 0.73 0.73 0.73 0.73 0.73 0.73 0.73 0.73 
result for recall@ 10
134.34 1372.68 2549.52 3694.3 4826.02 5915.56 6995.46 7950.64 8877.38 9778.2 10626.9 11447.4 12351.1 13264.2 14226.9 15230.9 16279 17391 18593.3 20000 
0.473 0.819 0.836 0.836 0.837 0.837 0.837 0.837 0.837 0.837 0.837 0.837 0.837 0.837 0.837 0.837 0.837 0.837 0.837 0.837 
result for recall@ 100
201.51 2059.02 3824.28 5541.45 7239.03 8873.34 10493.2 11926 13316.1 14667.3 15940.4 17171 18526.6 19896.4 21340.4 22846.3 24418.6 26086.5 27889.9 30000 
0.302 0.8401 0.8807 0.8894 0.8916 0.8929 0.8931 0.8931 0.8931 0.8931 0.8931 0.8931 0.8931 0.8931 0.8931 0.8931 0.8931 0.8931 0.8931 0.8931 
Kmeans with centroids: 200
Distance computation
60332 14678.7
58221.2 12714.3
57429.1 11921.5
56990.3 11467.5
56705.5 11182.4
56502.3 10964.7
56361.3 10798.2
56255.4 10678.9
56179.1 10579.5
56118.7 10497.3
56071.4 10426.3
56031.4 10368
55997.5 10319.9
55968.1 10281.7
55943.1 10247.5
55923.3 10218.4
55905.9 10191.4
55891.1 10168.3
55880.5 10147.4
55866 10129
55848.1 10111.5
55833.6 10100
55822.5 10086.1
55812 10071.7
55804.5 10059.7
55799.6 10047.8
55795.6 10038.2
55792.7 10030.9
55790.5 10026
55787.5 10018.8
55783.5 10011.9
55775.8 10006.4
55765.4 9998.56
55759.6 9990.85
55753.3 9987.17
55747.4 9980.06
55743.7 9972.82
55741.9 9966.22
55740.9 9960.39
55739.3 9955.98
result for recall@ 1
64.16 639.53 1186.74 1725.48 2249.62 2762.69 3258.81 3715.96 4152.31 4579.7 5000.83 5414.74 5842.32 6278.6 6732.92 7218.86 7708.69 8209.84 8744.6 9302.44 10000 
0.46 0.7 0.7 0.7 0.7 0.7 0.7 0.7 0.7 0.7 0.7 0.7 0.7 0.7 0.7 0.7 0.7 0.7 0.7 0.7 0.7 
result for recall@ 10
128.32 1279.06 2373.48 3450.96 4499.24 5525.38 6517.62 7431.92 8304.62 9159.4 10001.7 10829.5 11684.6 12557.2 13465.8 14437.7 15417.4 16419.7 17489.2 18604.9 20000 
0.488 0.815 0.828 0.833 0.833 0.833 0.833 0.833 0.833 0.833 0.833 0.833 0.833 0.833 0.833 0.833 0.833 0.833 0.833 0.833 0.833 
result for recall@ 100
192.48 1918.59 3560.22 5176.44 6748.86 8288.07 9776.43 11147.9 12456.9 13739.1 15002.5 16244.2 17527 18835.8 20198.8 21656.6 23126.1 24629.5 26233.8 27907.3 30000 
0.3085 0.8353 0.8786 0.8871 0.8891 0.8896 0.8896 0.8896 0.8896 0.8896 0.8896 0.8896 0.8896 0.8896 0.8896 0.8896 0.8896 0.8896 0.8896 0.8896 0.8896 
