Kmeans with centroids: 100
Distance computation
65758.9 14347.8
63319 12467.8
62554.2 11727.8
62197 11341.2
61975.7 11098.5
61816.7 10935.7
61690.9 10812.3
61596.5 10704.9
61536 10616.5
61486.2 10557.4
61444.5 10506.5
61407.1 10474.5
61368.3 10442.4
61337.6 10411.8
61313.2 10383
61288.3 10363.2
61266.6 10343.7
61242.1 10319.4
61224.6 10298.7
61210.5 10278
61201.1 10259.7
61192.1 10245.4
61185.2 10233.1
61179.3 10223.6
61174.8 10212.3
61172.5 10202.9
61170.6 10195.5
61168.7 10188.8
61167.7 10183.4
61166.1 10178.9
61164.7 10176.4
61162.8 10173.1
61160.6 10171
61158.6 10168.9
61156.8 10168.5
61155.5 10166.1
61154.1 10163.5
61153.7 10160.7
61153.3 10158.8
61153.1 10156.9
61152.9 10155.4
61152.9 10154.1
61152.8 10153.1
61152.7 10152.3
61152.8 10151.4
61152.8 10150.5
61152.8 10150
61152.8 10149.7
61152.8 10149.5
61152.9 10149.3
result for recall@ 1
114.5 1142.64 2118.95 3096.73 4034.52 4805.93 5625.59 6564.63 7562.54 8679.77 10000 
0.47 0.67 0.68 0.68 0.68 0.68 0.68 0.68 0.68 0.68 0.68 
result for recall@ 10
229 2285.28 4237.9 6193.46 8069.04 9611.86 11251.2 13129.3 15125.1 17359.5 20000 
0.52 0.811 0.816 0.817 0.817 0.817 0.817 0.817 0.817 0.817 0.817 
result for recall@ 100
343.5 3427.92 6356.85 9290.19 12103.6 14417.8 16876.8 19693.9 22687.6 26039.3 30000 
0.3908 0.8617 0.8815 0.8848 0.8848 0.8848 0.8848 0.8848 0.8848 0.8848 0.8848 
Kmeans with centroids: 110
Distance computation
65031.5 14086.6
62707.8 12345.9
61851.8 11651.1
61411.1 11267.5
61125.4 11028
60923 10858.2
60788.3 10738.8
60691.1 10645.6
60611 10570.6
60545.3 10500.9
60502.8 10441
60469.7 10400.4
60435.2 10362.1
60406.2 10327.3
60376.7 10304.7
60354.2 10279.2
60334.9 10254.4
60315.3 10236.1
60303.3 10215
60293 10198.4
60286.3 10184.9
60280.2 10170.5
60274.7 10159
60269.7 10149.8
60264.9 10140.5
60262.2 10130.2
60260.9 10123.6
60258.5 10118.5
60257.1 10113.8
60255.9 10109.2
60254.9 10104.5
60254.2 10102
60253.8 10099.6
60253.4 10097.8
60252.9 10095.4
60252.1 10094.2
60251.6 10092.8
60250.9 10091
60250.9 10089.5
60250.9 10088.5
60250.9 10087.5
60250.9 10086.5
60250.9 10085.8
60250.9 10085.3
60250.9 10084.9
60250.8 10084.6
60250.8 10084.4
60250.8 10084.2
60250.8 10084
60250.8 10083.9
result for recall@ 1
107.99 1108.82 2074.29 3009.07 3889.94 4654.28 5477.32 6283.82 7072.2 7935.81 8883.17 10000 
0.52 0.77 0.77 0.77 0.77 0.77 0.77 0.77 0.77 0.77 0.77 0.77 
result for recall@ 10
215.98 2217.64 4148.58 6018.14 7779.88 9308.56 10954.6 12567.6 14144.4 15871.6 17766.3 20000 
0.546 0.835 0.839 0.839 0.839 0.839 0.839 0.839 0.839 0.839 0.839 0.839 
result for recall@ 100
323.97 3326.46 6222.87 9027.21 11669.8 13962.8 16432 18851.5 21216.6 23807.4 26649.5 30000 
0.3862 0.8699 0.8884 0.89 0.8903 0.8904 0.8904 0.8904 0.8904 0.8904 0.8904 0.8904 
Kmeans with centroids: 120
Distance computation
64778.1 14144.1
62438.2 12332.6
61577 11645.3
61042.2 11261.6
60697.9 11004.5
60464.6 10826
60299.8 10691.9
60179 10595
60080.3 10514.2
60005.2 10451.5
59937.7 10398.7
59881.3 10350.6
59836.2 10316.4
59789.7 10289
59754.5 10261
59725.7 10236
59703.7 10216.1
59687 10197.9
59672.4 10180.1
59662 10163.2
59654.2 10146.3
59651 10130.5
59648 10118.9
59644.7 10108
59640.4 10102.2
59634 10100.6
59626.8 10098.3
59620.5 10094
59611.6 10089.2
59603.8 10083.5
59598.3 10077.5
59595.9 10071
59593.4 10065.5
59591.1 10061.3
59588.5 10057.6
59585.7 10053.1
59583.2 10049.4
59580.7 10046.3
59579.6 10043.4
59578.7 10041.9
59577.4 10040
59577.1 10038.7
59576.5 10036.4
59576.2 10035
59576.1 10033.1
59575.9 10032.7
59575 10032
59574.5 10030.5
59574.6 10028.9
59574.6 10027.8
result for recall@ 1
95.18 995.76 1843.07 2659.22 3469.83 4231.77 4917.32 5615.58 6338.44 7109.7 7960.04 8898.9 10000 
0.48 0.7 0.7 0.7 0.7 0.7 0.7 0.7 0.7 0.7 0.7 0.7 0.7 
result for recall@ 10
190.36 1991.52 3686.14 5318.44 6939.66 8463.54 9834.64 11231.2 12676.9 14219.4 15920.1 17797.8 20000 
0.529 0.814 0.819 0.819 0.819 0.819 0.819 0.819 0.819 0.819 0.819 0.819 0.819 
result for recall@ 100
285.54 2987.28 5529.21 7977.66 10409.5 12695.3 14752 16846.7 19015.3 21329.1 23880.1 26696.7 30000 
0.3698 0.8655 0.8876 0.889 0.8896 0.8896 0.8896 0.8896 0.8896 0.8896 0.8896 0.8896 0.8896 
Kmeans with centroids: 130
Distance computation
64520.3 14182.6
62065.7 12345.5
61125.8 11625.4
60606.6 11246.4
60248.1 10989.4
60003.8 10819.3
59807.8 10681.4
59646.1 10572.1
59528.8 10490
59439.2 10422.7
59380.7 10363.6
59335 10312.1
59293.1 10270.3
59261.6 10238.2
59231.2 10211
59208 10187
59189 10159.8
59176.9 10133
59167.7 10111.3
59159.3 10094.4
59151.1 10080.4
59144.4 10065.1
59140.9 10053.1
59139.5 10043.5
59137.5 10034.5
59135.3 10029
59133.7 10024
59132.2 10020.4
59130.5 10016.6
59128.5 10013
59127.4 10009.1
59125.6 10007
59122.5 10006
59118.6 10005.7
59115 10002
59114.3 9999.25
59113.4 9995.12
59113 9991.64
59112.3 9988.85
59111.6 9985.38
59111 9982.74
59110.7 9980.22
59110.4 9977.54
59110.1 9976.31
59109.2 9975.25
59108.1 9976.15
59106.5 9976.75
59104.9 9975.41
59104.4 9973.37
59104.4 9971.58
result for recall@ 1
98.82 954.52 1745.5 2514.44 3255.08 3962.15 4650.99 5318.88 5949.72 6649.43 7383.11 8146.51 8968.61 10000 
0.51 0.75 0.74 0.74 0.74 0.74 0.74 0.74 0.74 0.74 0.74 0.74 0.74 0.74 
result for recall@ 10
197.64 1909.04 3491 5028.88 6510.16 7924.3 9301.98 10637.8 11899.4 13298.9 14766.2 16293 17937.2 20000 
0.536 0.818 0.825 0.825 0.825 0.825 0.825 0.825 0.825 0.825 0.825 0.825 0.825 0.825 
result for recall@ 100
296.46 2863.56 5236.5 7543.32 9765.24 11886.5 13953 15956.6 17849.2 19948.3 22149.3 24439.5 26905.8 30000 
0.3886 0.8631 0.8867 0.8898 0.8901 0.8902 0.8902 0.8902 0.8902 0.8902 0.8902 0.8902 0.8902 0.8902 
Kmeans with centroids: 140
Distance computation
63461.8 14043.7
61187 12267.7
60366.3 11554.2
59917.2 11170.3
59603.3 10941.5
59373 10758.3
59230.6 10618
59125.5 10524.3
59040.1 10440.2
58971.8 10374.4
58914.7 10317.9
58868.8 10273.8
58826.6 10232.2
58791.9 10204.3
58741.1 10180.9
58697.8 10164.2
58666.1 10141
58645 10118.5
58628.8 10102.4
58615.7 10085.8
58600.8 10073.7
58588 10058.8
58580.1 10047.3
58573.7 10036.6
58567.6 10028.2
58559.8 10020.4
58553.3 10013.3
58546.5 10005.4
58541.6 9998.35
58534.5 9991.87
58526.1 9988.71
58518.1 9986.29
58510.3 9985.4
58498.8 9981.27
58490.2 9975.92
58486 9968.24
58483.6 9960.79
58481.8 9956.22
58478.5 9953.46
58475.3 9949.46
58473.8 9947.33
58472 9946.32
58468.9 9944.43
58466.3 9940.88
58463.7 9937.59
58462.5 9934.97
58461.9 9932.22
58461.5 9930.65
58461.1 9929.63
58460.5 9928.04
result for recall@ 1
97.31 962.69 1793.89 2605.19 3367.47 4084.18 4721.6 5221.07 5760.79 6330.14 6938.99 7594.44 8309.39 9082.58 10000 
0.49 0.74 0.75 0.75 0.75 0.75 0.75 0.75 0.75 0.75 0.75 0.75 0.75 0.75 0.75 
result for recall@ 10
194.62 1925.38 3587.78 5210.38 6734.94 8168.36 9443.2 10442.1 11521.6 12660.3 13878 15188.9 16618.8 18165.2 20000 
0.498 0.807 0.821 0.823 0.823 0.823 0.823 0.823 0.823 0.823 0.823 0.823 0.823 0.823 0.823 
result for recall@ 100
291.93 2888.07 5381.67 7815.57 10102.4 12252.5 14164.8 15663.2 17282.4 18990.4 20817 22783.3 24928.2 27247.7 30000 
0.3589 0.8575 0.8813 0.8853 0.8859 0.8862 0.8862 0.8862 0.8862 0.8862 0.8862 0.8862 0.8862 0.8862 0.8862 
Kmeans with centroids: 150
Distance computation
62484.7 13964.5
60208.3 12157.5
59367.1 11454
58897.2 11055.4
58635.5 10809.1
58454.4 10622.4
58331.8 10482.7
58249.3 10372.6
58188.9 10292.9
58140.8 10224.8
58108.8 10176.7
58083.5 10130.7
58065.4 10101.4
58045.8 10079.4
58029.6 10058.9
58014 10041.9
58000 10024.8
57989.6 10008
57979.9 9993.3
57970 9980.07
57964.1 9970.19
57958.9 9959.46
57955 9953.85
57949.8 9947.03
57942.2 9940.68
57936.5 9933.42
57933.9 9928.6
57931.1 9922.22
57928.7 9915.75
57926.3 9910.45
57925.2 9906.02
57924.3 9901.92
57923.5 9900.03
57922.1 9896.43
57920.7 9894.17
57918.8 9892.5
57917.5 9890.64
57915.4 9888.99
57914.1 9886.61
57913.8 9884.66
57913.5 9882.67
57912.1 9881.49
57911.2 9880.25
57909.9 9878.56
57909.7 9876.9
57909.7 9875.72
57909.7 9874.73
57909.7 9873.98
57909.7 9873.53
57909.7 9873.24
result for recall@ 1
79.75 821.76 1534.44 2219.73 2891.21 3533.62 4141.32 4748.01 5286.05 5828.33 6410.76 7025.05 7676.52 8345.52 9069.16 10000 
0.42 0.69 0.69 0.69 0.69 0.69 0.69 0.69 0.69 0.69 0.69 0.69 0.69 0.69 0.69 0.69 
result for recall@ 10
159.5 1643.52 3068.88 4439.46 5782.42 7067.24 8282.64 9496.02 10572.1 11656.7 12821.5 14050.1 15353 16691 18138.3 20000 
0.508 0.827 0.834 0.836 0.836 0.836 0.836 0.836 0.836 0.836 0.836 0.836 0.836 0.836 0.836 0.836 
result for recall@ 100
239.25 2465.28 4603.32 6659.19 8673.63 10600.9 12424 14244 15858.2 17485 19232.3 21075.2 23029.6 25036.6 27207.5 30000 
0.3299 0.857 0.8867 0.8933 0.8944 0.8947 0.8947 0.8947 0.8947 0.8947 0.8947 0.8947 0.8947 0.8947 0.8947 0.8947 
Kmeans with centroids: 160
Distance computation
62015.8 13776.6
59685 12060
58811 11381.4
58342.4 11011.2
58043.1 10770
57868.1 10584.7
57749.9 10457.2
57657.7 10354.7
57588.8 10279.8
57538.1 10218.3
57498.1 10171.7
57464 10128
57432.4 10088.5
57399.8 10058.5
57369.8 10032
57350.1 10007.5
57339.8 9986.62
57330.6 9967.41
57324.1 9952.74
57317.7 9939.23
57311.2 9934.92
57302.7 9925.68
57296.3 9918.28
57289.8 9910.57
57285.6 9903.66
57281 9895.24
57279.4 9888.54
57277.2 9883.79
57274.6 9877.46
57272.6 9872.66
57271.7 9868.64
57270.9 9865.19
57270.6 9861.48
57270.6 9858.73
57270.5 9856.44
57270.1 9854.71
57270.1 9853.28
57269.9 9851.81
57269.8 9850.4
57269.8 9849.26
57270 9848.35
57269.9 9847.5
57269.9 9846.84
57270 9846.38
57269.9 9845.91
57269.9 9845.47
57270 9845.12
57270 9844.77
57270.1 9844.52
57270.2 9844.35
result for recall@ 1
76.58 790.92 1452.83 2096.34 2723.34 3322.54 3902.94 4434.44 4979.36 5462.8 5954.55 6505.57 7093.05 7726.16 8380.22 9108.16 10000 
0.49 0.66 0.67 0.67 0.67 0.67 0.67 0.67 0.67 0.67 0.67 0.67 0.67 0.67 0.67 0.67 0.67 
result for recall@ 10
153.16 1581.84 2905.66 4192.68 5446.68 6645.08 7805.88 8868.88 9958.72 10925.6 11909.1 13011.1 14186.1 15452.3 16760.4 18216.3 20000 
0.515 0.819 0.826 0.827 0.827 0.829 0.829 0.829 0.829 0.829 0.829 0.829 0.829 0.829 0.829 0.829 0.829 
result for recall@ 100
229.74 2372.76 4358.49 6289.02 8170.02 9967.62 11708.8 13303.3 14938.1 16388.4 17863.7 19516.7 21279.2 23178.5 25140.7 27324.5 30000 
0.3318 0.8563 0.8854 0.8911 0.8925 0.8927 0.8929 0.8929 0.8929 0.8929 0.8929 0.8929 0.8929 0.8929 0.8929 0.8929 0.8929 
Kmeans with centroids: 170
Distance computation
61712.7 13756.5
59475.9 12076
58572.3 11356.3
58080.8 10972.9
57760.2 10739.9
57528.6 10565.4
57387.6 10426
57286.1 10314.1
57215.4 10232.5
57165 10161.3
57122.4 10110.4
57091.4 10071.5
57064 10040.5
57037.5 10008.9
57017.1 9979.32
57000.8 9960.91
56984.2 9941.41
56973.5 9921.12
56964.8 9907.57
56957.9 9894.97
56951.1 9882.18
56945.8 9872.75
56941.8 9865.4
56937.1 9857.51
56930.7 9854.86
56923.3 9849.43
56917.5 9844.88
56912.2 9839.76
56909.7 9833.14
56907.8 9828.92
56905.8 9823.05
56905.2 9818.64
56904.9 9815.17
56904.8 9812.22
56904.9 9810.09
56904.8 9808.23
56904.8 9806.78
56904.8 9805.57
56904.8 9804.53
56904.8 9803.72
56904.8 9802.94
56904.8 9802.33
56904.8 9801.96
56904.8 9801.63
56904.8 9801.42
56904.9 9801.24
56904.8 9801.13
56904.9 9801.01
56904.9 9800.92
56904.9 9800.88
result for recall@ 1
71.92 718.55 1340.69 1939 2531.84 3113.19 3658.14 4161.82 4660.82 5159.58 5653.07 6161.19 6696.03 7263.26 7890.69 8527.58 9201.42 10000 
0.49 0.71 0.72 0.72 0.72 0.72 0.72 0.72 0.72 0.72 0.72 0.72 0.72 0.72 0.72 0.72 0.72 0.72 
result for recall@ 10
143.84 1437.1 2681.38 3878 5063.68 6226.38 7316.28 8323.64 9321.64 10319.2 11306.1 12322.4 13392.1 14526.5 15781.4 17055.2 18402.8 20000 
0.468 0.815 0.831 0.833 0.833 0.833 0.833 0.833 0.833 0.833 0.833 0.833 0.833 0.833 0.833 0.833 0.833 0.833 
result for recall@ 100
215.76 2155.65 4022.07 5817 7595.52 9339.57 10974.4 12485.5 13982.5 15478.7 16959.2 18483.6 20088.1 21789.8 23672.1 25582.7 27604.3 30000 
0.3084 0.8453 0.8838 0.8913 0.8936 0.8936 0.8937 0.8937 0.8937 0.8937 0.8937 0.8937 0.8937 0.8937 0.8937 0.8937 0.8937 0.8937 
Kmeans with centroids: 180
Distance computation
61230.9 13744.7
59005.7 11995.7
58206 11322.5
57768.8 10943.3
57497.4 10703.7
57273.9 10529.7
57083.7 10406
56944.5 10299.1
56852.2 10212.6
56780.8 10147.9
56719.6 10095.6
56675.1 10044.8
56643 10003.3
56620.7 9973.7
56599.3 9948.02
56578.6 9925.63
56559.7 9903.7
56547.4 9886.13
56535 9871.02
56523.8 9859.42
56513.8 9848.71
56506.2 9839.34
56498.9 9828.19
56494.4 9819.7
56492.2 9812.73
56490.8 9805.73
56489.7 9799.78
56489 9795.91
56488.1 9791.27
56488 9788.19
56487.7 9785.72
56487.8 9783.36
56487.9 9781.41
56487.6 9779.69
56487.2 9777.84
56486.8 9776.23
56486.6 9774.44
56486.1 9773.32
56485.8 9771.82
56486 9770.59
56485.9 9769.67
56485.9 9768.87
56485.8 9768.28
56485.9 9767.71
56485.9 9767.35
56485.9 9767.05
56485.8 9766.78
56485.9 9766.64
56485.9 9766.55
56485.9 9766.49
result for recall@ 1
70.71 702.98 1299.9 1875.46 2443.38 2977.21 3489.67 3989.89 4447.01 4916 5382.79 5872.23 6380.5 6912.29 7447.68 7989.02 8560.08 9182.43 10000 
0.45 0.71 0.71 0.71 0.71 0.71 0.71 0.71 0.71 0.71 0.71 0.71 0.71 0.71 0.71 0.71 0.71 0.71 0.71 
result for recall@ 10
141.42 1405.96 2599.8 3750.92 4886.76 5954.42 6979.34 7979.78 8894.02 9832 10765.6 11744.5 12761 13824.6 14895.4 15978 17120.2 18364.9 20000 
0.504 0.82 0.828 0.83 0.83 0.83 0.83 0.83 0.83 0.83 0.83 0.83 0.83 0.83 0.83 0.83 0.83 0.83 0.83 
result for recall@ 100
212.13 2108.94 3899.7 5626.38 7330.14 8931.63 10469 11969.7 13341 14748 16148.4 17616.7 19141.5 20736.9 22343 23967.1 25680.2 27547.3 30000 
0.3214 0.847 0.8862 0.8928 0.8945 0.895 0.8952 0.8953 0.8953 0.8953 0.8953 0.8953 0.8953 0.8953 0.8953 0.8953 0.8953 0.8953 0.8953 
Kmeans with centroids: 190
Distance computation
60940.5 13733.5
58670.8 12031.4
57749.1 11337.7
57237.1 10946.6
56923.3 10695.6
56707.1 10509
56559.6 10370.4
56457.4 10264.2
56386.7 10188.3
56322.5 10123
56272.2 10069
56228.8 10029.1
56192.4 9992.43
56160.5 9961.98
56134 9930.65
56113.3 9909.29
56096.1 9886.83
56084.3 9869.52
56074.6 9852.72
56066.2 9838.38
56059.8 9825.96
56052.9 9814.05
56047.6 9801.58
56042.8 9794.02
56036.3 9787.63
56032.1 9781.15
56029.1 9777.89
56023.8 9774.14
56018.9 9769.74
56014.9 9766.9
56011.1 9761.19
56008.8 9757.3
56007.3 9753.91
56007 9752.2
56004 9749.75
56002.4 9748.07
56001.4 9745.43
56000.9 9743.56
56000.7 9741.82
56000.4 9740.33
56000.1 9739.37
55999.8 9738.04
55999.8 9736.87
55999.7 9735.85
55999.7 9735.27
55999.7 9734.87
55999.7 9734.51
55999.8 9734.24
55999.8 9734.08
55999.8 9733.92
result for recall@ 1
68.39 661.84 1232.83 1788.17 2348.03 2886.57 3401.99 3890.5 4330.43 4764.21 5201.62 5602.23 6047.2 6516.11 7003.62 7527.05 8076.01 8629.46 9222.31 10000 
0.46 0.74 0.75 0.75 0.75 0.75 0.75 0.75 0.75 0.75 0.75 0.75 0.75 0.75 0.75 0.75 0.75 0.75 0.75 0.75 
result for recall@ 10
136.78 1323.68 2465.66 3576.34 4696.06 5773.14 6803.98 7781 8660.86 9528.42 10403.2 11204.5 12094.4 13032.2 14007.2 15054.1 16152 17258.9 18444.6 20000 
0.484 0.82 0.827 0.831 0.832 0.832 0.832 0.832 0.832 0.832 0.832 0.832 0.832 0.832 0.832 0.832 0.832 0.832 0.832 0.832 
result for recall@ 100
205.17 1985.52 3698.49 5364.51 7044.09 8659.71 10206 11671.5 12991.3 14292.6 15604.9 16806.7 18141.6 19548.3 21010.9 22581.2 24228 25888.4 27666.9 30000 
0.3126 0.8347 0.8773 0.8872 0.8892 0.8895 0.8895 0.8895 0.8895 0.8895 0.8895 0.8895 0.8895 0.8895 0.8895 0.8895 0.8895 0.8895 0.8895 0.8895 
Kmeans with centroids: 200
Distance computation
60498 13595.7
58209.3 11933.9
57317.9 11262.2
56870.5 10868.5
56583.6 10612.2
56396.6 10437.5
56274.6 10304.2
56181.5 10207.1
56098.2 10138.2
56018.6 10083.1
55953.5 10028.5
55903.9 9980.63
55867.2 9935.79
55847.2 9905.53
55828.1 9882.07
55805.4 9862.53
55783.9 9842.15
55766.8 9822.89
55754.6 9804.62
55744.6 9793.68
55736 9784.83
55727.6 9774.83
55721.5 9764.25
55717.6 9754.41
55714 9746.88
55712.4 9739.46
55711.6 9734.06
55710.7 9729.41
55710 9725.38
55708.6 9722.77
55705.8 9719.01
55704 9716.3
55701.8 9713.61
55700.8 9711.76
55699.5 9709.11
55699.2 9706.65
55698.9 9704.6
55698.9 9702.76
55698.9 9701.37
55699 9700.29
55698.8 9699.43
55698.8 9698.83
55698.8 9698.38
55698.8 9697.93
55698.9 9697.48
55698.8 9697.07
55698.8 9696.76
55698.8 9696.51
55698.8 9696.39
55698.8 9696.22
result for recall@ 1
63.98 647.82 1194.25 1723.46 2230.25 2731.95 3221.52 3680.84 4111.58 4533.85 4992.12 5399.19 5828.89 6264.11 6705.67 7171.84 7657.68 8162.57 8696.06 9278.54 10000 
0.42 0.69 0.69 0.69 0.69 0.69 0.69 0.69 0.69 0.69 0.69 0.69 0.69 0.69 0.69 0.69 0.69 0.69 0.69 0.69 0.69 
result for recall@ 10
127.96 1295.64 2388.5 3446.92 4460.5 5463.9 6443.04 7361.68 8223.16 9067.7 9984.24 10798.4 11657.8 12528.2 13411.3 14343.7 15315.4 16325.1 17392.1 18557.1 20000 
0.474 0.826 0.833 0.834 0.834 0.834 0.834 0.834 0.834 0.834 0.834 0.834 0.834 0.834 0.834 0.834 0.834 0.834 0.834 0.834 0.834 
result for recall@ 100
191.94 1943.46 3582.75 5170.38 6690.75 8195.85 9664.56 11042.5 12334.7 13601.5 14976.4 16197.6 17486.7 18792.3 20117 21515.5 22973 24487.7 26088.2 27835.6 30000 
0.2953 0.842 0.8839 0.8905 0.8929 0.8934 0.8935 0.8935 0.8935 0.8935 0.8935 0.8935 0.8935 0.8935 0.8935 0.8935 0.8935 0.8935 0.8935 0.8935 0.8935 
