Kmeans with centroids: 100
Distance computation
66115.8 11744.7
63547.9 10827.5
62644.1 10565.6
62188 10445.6
61891 10352.1
61693.6 10288.3
61550 10247.3
61443.8 10228.3
61362.5 10205.3
61306 10185.5
61257.8 10168.4
61215.1 10152.9
61175.2 10136.2
61136 10125.6
61103.1 10115.4
61076.4 10105.5
61054.2 10095.7
61038.6 10092.5
61025.4 10089.5
61013.2 10083.9
result for recall@ 1
0.00021206 0.00022709 0.00024045 0.00025236 0.00026319 0.00027973 0.00030356 0.00031566 0.00032542 0.00033529 
0.51 0.58 0.64 0.65 0.66 0.68 0.68 0.68 0.68 0.68 
result for recall@ 10
0.00021206 0.00022709 0.00024045 0.00025236 0.00026319 0.00027973 0.00030356 0.00031566 0.00032542 0.00033529 
0.501 0.625 0.666 0.692 0.712 0.722 0.732 0.742 0.745 0.746 
result for recall@ 100
0.00021206 0.00022709 0.00024045 0.00025236 0.00026319 0.00027973 0.00030356 0.00031566 0.00032542 0.00033529 
0.3365 0.5085 0.6112 0.6687 0.7085 0.7372 0.7549 0.7698 0.777 0.7826 
Kmeans with centroids: 150
Distance computation
62889.7 11507.9
60490.4 10605.6
59613.2 10329.1
59191.7 10207.4
58923.2 10130.1
58746.6 10069.7
58605.3 10024.2
58500.2 9997.62
58427.8 9976.34
58378.2 9963.17
58332.1 9949.38
58279.9 9933.67
58219.3 9917.56
58182.9 9906.5
58155.6 9897.01
58133 9887.38
58110.7 9876.86
58093.3 9872.78
58076.7 9866.07
58062.8 9864.42
result for recall@ 1
6.7e-05 7.864e-05 8.898e-05 9.878e-05 0.00011455 0.000123 0.00013139 0.00013948 0.0001475 0.00015819 0.00016603 0.00017329 0.00018076 0.000188 0.00019534 
0.41 0.61 0.66 0.68 0.68 0.69 0.69 0.69 0.69 0.69 0.69 0.69 0.69 0.69 0.69 
result for recall@ 10
6.7e-05 7.864e-05 8.898e-05 9.878e-05 0.00011455 0.000123 0.00013139 0.00013948 0.0001475 0.00015819 0.00016603 0.00017329 0.00018076 0.000188 0.00019534 
0.432 0.596 0.665 0.685 0.7 0.717 0.726 0.732 0.735 0.74 0.744 0.746 0.747 0.75 0.753 
result for recall@ 100
6.7e-05 7.864e-05 8.898e-05 9.878e-05 0.00011455 0.000123 0.00013139 0.00013948 0.0001475 0.00015819 0.00016603 0.00017329 0.00018076 0.000188 0.00019534 
0.272 0.4634 0.5464 0.6204 0.6642 0.6988 0.7289 0.746 0.7573 0.7666 0.7742 0.7802 0.787 0.7902 0.7932 
Kmeans with centroids: 200
Distance computation
60523.2 11330.4
58152.9 10424.1
57203.8 10144.1
56742.9 10001.5
56473.4 9915.54
56295.8 9856.44
56164.7 9816.13
56046.5 9785.49
55947.9 9757.65
55883.5 9739.37
55825.1 9728.84
55772.2 9718.01
55727.4 9704.73
55692.8 9695.35
55665.6 9687.76
55648.8 9685.2
55635.7 9681.77
55622 9677.43
55609.5 9672.09
55597.4 9665.47
result for recall@ 1
6.365e-05 7.377e-05 8.279e-05 9.115e-05 0.00010023 0.00011521 0.00012262 0.00012983 0.00013671 0.00014324 0.00015077 0.00015728 0.00016379 0.00017053 0.0001768 0.00018311 0.00019163 0.00019777 0.00020383 0.00021128 
0.44 0.59 0.63 0.67 0.67 0.7 0.71 0.71 0.71 0.72 0.73 0.73 0.73 0.73 0.73 0.73 0.73 0.73 0.73 0.73 
result for recall@ 10
6.365e-05 7.377e-05 8.279e-05 9.115e-05 0.00010023 0.00011521 0.00012262 0.00012983 0.00013671 0.00014324 0.00015077 0.00015728 0.00016379 0.00017053 0.0001768 0.00018311 0.00019163 0.00019777 0.00020383 0.00021128 
0.446 0.583 0.64 0.674 0.696 0.711 0.717 0.724 0.728 0.737 0.739 0.74 0.744 0.747 0.747 0.749 0.75 0.752 0.753 0.755 
result for recall@ 100
6.365e-05 7.377e-05 8.279e-05 9.115e-05 0.00010023 0.00011521 0.00012262 0.00012983 0.00013671 0.00014324 0.00015077 0.00015728 0.00016379 0.00017053 0.0001768 0.00018311 0.00019163 0.00019777 0.00020383 0.00021128 
0.2525 0.4127 0.5035 0.5634 0.6235 0.661 0.6881 0.7105 0.7315 0.7454 0.7574 0.764 0.7741 0.7805 0.7858 0.7901 0.7934 0.7962 0.7991 0.8019 
Kmeans with centroids: 250
Distance computation
58827.4 11174.9
56452 10268.6
