Kmeans with centroids: 100
Distance computation
65805.8 12415
63695.6 11306.2
62847.9 10939.8
62330.5 10737.2
61975.3 10613.7
61774.6 10526.3
61636.5 10461.4
61532.1 10405.3
61446.9 10370.3
61376.9 10336.7
61326.7 10312.1
61273.8 10289.5
61221.8 10270.2
61174.1 10259.7
61130.4 10244.6
61095.3 10231.6
61062 10222.5
61038.4 10211.3
61020.1 10201.2
61005.4 10188.3
result for recall@ 1
113 1164 2197 3193 4101 4856 5685 6610 7650 8755 10000 
0.54 0.64 0.64 0.64 0.64 0.64 0.64 0.64 0.64 0.64 0.64 
result for recall@ 10
113 1164 2197 3193 4101 4856 5685 6610 7650 8755 10000 
0.505 0.751 0.756 0.756 0.756 0.756 0.756 0.756 0.756 0.756 0.756 
result for recall@ 100
113 1164 2197 3193 4101 4856 5685 6610 7650 8755 10000 
0.3445 0.7847 0.8025 0.8038 0.8037 0.8037 0.8037 0.8037 0.8037 0.8037 0.8037 
Kmeans with centroids: 150
Distance computation
62806.8 12091.7
60554.9 10978.2
59691.9 10604.7
59212.6 10403.1
58939.3 10276.2
58758.9 10200.2
58630.6 10141.5
58533.9 10094.7
58458.2 10060.7
58389 10032.6
58332.5 10014.1
58283.7 9990.65
58244.5 9976.89
58204.8 9962.19
58162.3 9943.3
58132.2 9930.2
58113.4 9915
58098.6 9907.28
58089 9900.6
58079.8 9893.72
result for recall@ 1
79 807 1522 2217 2912 3561 4145 4688 5222 5790 6401 7061 7739 8439 9178 10000 
0.52 0.69 0.69 0.69 0.69 0.69 0.69 0.69 0.69 0.69 0.69 0.69 0.69 0.69 0.69 0.69 
result for recall@ 10
79 807 1522 2217 2912 3561 4145 4688 5222 5790 6401 7061 7739 8439 9178 10000 
0.495 0.747 0.758 0.759 0.759 0.759 0.759 0.759 0.759 0.759 0.759 0.759 0.759 0.759 0.759 0.759 
result for recall@ 100
79 807 1522 2217 2912 3561 4145 4688 5222 5790 6401 7061 7739 8439 9178 10000 
0.2926 0.7752 0.8061 0.8124 0.8138 0.814 0.8142 0.8142 0.8142 0.8142 0.8142 0.8142 0.8142 0.8142 0.8142 0.8142 
Kmeans with centroids: 200
Distance computation
60187.7 11824.4
58161.3 10780.4
57382 10413.9
56958.3 10227.3
56684.2 10092
56479.4 10009.3
56311.6 9949.58
56177.3 9901.09
56082.6 9868
56010.2 9835.75
55958.4 9810.01
55915 9791.8
55888.6 9778.68
55867.2 9765.44
55847.4 9755.21
55831.8 9745.31
55819.1 9737.4
55808 9730.61
55798.8 9725.53
55793 9720.45
result for recall@ 1
59 606 1122 1632 2117 2607 3092 3566 4019 4456 4907 5328 5771 6218 6688 7170 7663 8171 8686 9262 10000 
0.49 0.72 0.72 0.72 0.72 0.72 0.72 0.72 0.72 0.72 0.72 0.72 0.72 0.72 0.72 0.72 0.72 0.72 0.72 0.72 0.72 
result for recall@ 10
59 606 1122 1632 2117 2607 3092 3566 4019 4456 4907 5328 5771 6218 6688 7170 7663 8171 8686 9262 10000 
0.409 0.741 0.759 0.763 0.764 0.764 0.764 0.764 0.764 0.764 0.764 0.764 0.764 0.764 0.764 0.764 0.764 0.764 0.764 0.764 0.764 
result for recall@ 100
59 606 1122 1632 2117 2607 3092 3566 4019 4456 4907 5328 5771 6218 6688 7170 7663 8171 8686 9262 10000 
0.2406 0.7565 0.8037 0.8128 0.8158 0.8168 0.8168 0.8168 0.8168 0.8168 0.8168 0.8168 0.8168 0.8168 0.8168 0.8168 0.8168 0.8168 0.8168 0.8168 0.8168 
Kmeans with centroids: 250
Distance computation
58675.9 11690
56406 10593.6
55500.7 10218.9
55060.9 10021.3
54772.2 9901.08
54565.5 9824.05
54409.8 9752.59
54311.1 9701.45
54248.3 9663.06
54203.6 9636.47
54164.3 9615.87
54132.3 9599.15
54103.1 9584.71
54077 9573.08
54054.9 9563.33
54039.4 9555.97
54029.1 9547.84
54019.4 9543
54014.1 9537.25
54009.5 9532.99
result for recall@ 1
51 521 967 1385 1803 2205 2616 3012 3386 3746 4091 4427 4765 5100 5415 5751 6107 6475 6852 7244 7642 8057 8477 8924 9404 10000 
0.46 0.77 0.78 0.78 0.78 0.78 0.78 0.78 0.78 0.78 0.78 0.78 0.78 0.78 0.78 0.78 0.78 0.78 0.78 0.78 0.78 0.78 0.78 0.78 0.78 0.78 
result for recall@ 10
51 521 967 1385 1803 2205 2616 3012 3386 3746 4091 4427 4765 5100 5415 5751 6107 6475 6852 7244 7642 8057 8477 8924 9404 10000 
0.455 0.752 0.754 0.758 0.758 0.758 0.758 0.758 0.758 0.758 0.758 0.758 0.758 0.758 0.758 0.758 0.758 0.758 0.758 0.758 0.758 0.758 0.758 0.758 0.758 0.758 
result for recall@ 100
51 521 967 1385 1803 2205 2616 3012 3386 3746 4091 4427 4765 5100 5415 5751 6107 6475 6852 7244 7642 8057 8477 8924 9404 10000 
0.2298 0.7467 0.7986 0.809 0.813 0.8138 0.8139 0.8144 0.8144 0.8144 0.8144 0.8144 0.8144 0.8144 0.8144 0.8144 0.8144 0.8144 0.8144 0.8144 0.8144 0.8144 0.8144 0.8144 0.8144 0.8144 
Kmeans with centroids: 300
Distance computation
56857.4 11522.6
54641.5 10434.2
53859.7 10061.9
53440.5 9861.81
53183.8 9735.09
53018.8 9649.5
52905 9593.1
52825.2 9551.95
52773.6 9521.16
52735 9498.29
52706.3 9478.98
52681.7 9461.85
52659.3 9453.14
52639.2 9443.17
52622.3 9433.61
52611.4 9424.7
52603.3 9418.67
52598.4 9413.83
52597.2 9411.5
52596.7 9409.32
result for recall@ 1
46 455 823 1190 1549 1908 2256 2590 2917 3242 3548 3857 4147 4426 4726 5027 5306 5581 5856 6146 6442 6740 7057 7375 7700 8038 8384 8742 9101 9503 10000 
0.43 0.72 0.72 0.72 0.72 0.72 0.72 0.72 0.72 0.72 0.72 0.72 0.72 0.72 0.72 0.72 0.72 0.72 0.72 0.72 0.72 0.72 0.72 0.72 0.72 0.72 0.72 0.72 0.72 0.72 0.72 
result for recall@ 10
46 455 823 1190 1549 1908 2256 2590 2917 3242 3548 3857 4147 4426 4726 5027 5306 5581 5856 6146 6442 6740 7057 7375 7700 8038 8384 8742 9101 9503 10000 
0.447 0.732 0.747 0.749 0.75 0.75 0.75 0.75 0.75 0.75 0.75 0.75 0.75 0.75 0.75 0.75 0.75 0.75 0.75 0.75 0.75 0.75 0.75 0.75 0.75 0.75 0.75 0.75 0.75 0.75 0.75 
result for recall@ 100
46 455 823 1190 1549 1908 2256 2590 2917 3242 3548 3857 4147 4426 4726 5027 5306 5581 5856 6146 6442 6740 7057 7375 7700 8038 8384 8742 9101 9503 10000 
0.2238 0.7334 0.7889 0.8068 0.811 0.813 0.8137 0.8138 0.8138 0.8138 0.8138 0.8138 0.8138 0.8138 0.8138 0.8138 0.8138 0.8138 0.8138 0.8138 0.8138 0.8138 0.8138 0.8138 0.8138 0.8138 0.8138 0.8138 0.8138 0.8138 0.8138 
Kmeans with centroids: 350
Distance computation
55605.4 11424.6
53472.3 10336.8
52569.7 9948
52085.8 9726.8
51819.7 9598.43
51639.8 9507.73
51499.8 9446.87
51411 9400.77
51345 9361.98
51308.3 9333.29
51276.2 9313.58
51251.6 9297.55
51232.1 9283.94
51217.6 9276.29
51202.8 9268.37
51187.6 9262.97
51174.3 9257.13
51163.4 9253.67
51156.2 9249.29
51153.4 9245.02
result for recall@ 1
36 388 713 1025 1339 1644 1942 2239 2523 2808 3090 3362 3629 3891 4141 4390 4640 4907 5128 5360 5598 5841 6091 6343 6606 6868 7139 7413 7694 7983 8277 8576 8895 9218 9559 10000 
0.47 0.7 0.71 0.71 0.71 0.71 0.71 0.71 0.71 0.71 0.71 0.71 0.71 0.71 0.71 0.71 0.71 0.71 0.71 0.71 0.71 0.71 0.71 0.71 0.71 0.71 0.71 0.71 0.71 0.71 0.71 0.71 0.71 0.71 0.71 0.71 
result for recall@ 10
36 388 713 1025 1339 1644 1942 2239 2523 2808 3090 3362 3629 3891 4141 4390 4640 4907 5128 5360 5598 5841 6091 6343 6606 6868 7139 7413 7694 7983 8277 8576 8895 9218 9559 10000 
0.379 0.735 0.752 0.759 0.762 0.763 0.763 0.763 0.763 0.763 0.763 0.763 0.763 0.763 0.763 0.763 0.763 0.763 0.763 0.763 0.763 0.763 0.763 0.763 0.763 0.763 0.763 0.763 0.763 0.763 0.763 0.763 0.763 0.763 0.763 0.763 
result for recall@ 100
36 388 713 1025 1339 1644 1942 2239 2523 2808 3090 3362 3629 3891 4141 4390 4640 4907 5128 5360 5598 5841 6091 6343 6606 6868 7139 7413 7694 7983 8277 8576 8895 9218 9559 10000 
0.1795 0.7233 0.7888 0.8044 0.8132 0.8158 0.8165 0.8169 0.8169 0.817 0.8172 0.8172 0.8172 0.8172 0.8172 0.8172 0.8172 0.8172 0.8172 0.8172 0.8172 0.8172 0.8172 0.8172 0.8172 0.8172 0.8172 0.8172 0.8172 0.8172 0.8172 0.8172 0.8172 0.8172 0.8172 0.8172 
Kmeans with centroids: 400
Distance computation
54241.6 11251.9
52187.2 10195.2
51351.8 9795.05
50922.8 9577.58
50688.1 9444.34
50532 9358.24
50416.6 9300.59
50338 9257.45
50263 9227.76
50209.8 9205.21
50176.4 9188.33
50149.5 9171.58
50128.2 9159.82
50115.5 9150.61
50104.7 9142.65
50097.9 9136.63
50093.6 9130.63
50091.2 9127.67
50087.8 9122.85
50086 9120.15
result for recall@ 1
34 338 627 903 1169 1434 1690 1949 2201 2454 2694 2931 3163 3393 3616 3836 4059 4273 4484 4696 4889 5085 5286 5507 5736 5969 6215 6454 6698 6937 7180 7435 7679 7936 8206 8472 8742 9015 9303 9605 10000 
0.5 0.71 0.69 0.69 0.69 0.69 0.69 0.69 0.69 0.69 0.69 0.69 0.69 0.69 0.69 0.69 0.69 0.69 0.69 0.69 0.69 0.69 0.69 0.69 0.69 0.69 0.69 0.69 0.69 0.69 0.69 0.69 0.69 0.69 0.69 0.69 0.69 0.69 0.69 0.69 0.69 
result for recall@ 10
34 338 627 903 1169 1434 1690 1949 2201 2454 2694 2931 3163 3393 3616 3836 4059 4273 4484 4696 4889 5085 5286 5507 5736 5969 6215 6454 6698 6937 7180 7435 7679 7936 8206 8472 8742 9015 9303 9605 10000 
0.406 0.737 0.758 0.761 0.761 0.763 0.764 0.764 0.764 0.764 0.764 0.764 0.764 0.764 0.764 0.764 0.764 0.764 0.764 0.764 0.764 0.764 0.764 0.764 0.764 0.764 0.764 0.764 0.764 0.764 0.764 0.764 0.764 0.764 0.764 0.764 0.764 0.764 0.764 0.764 0.764 
result for recall@ 100
34 338 627 903 1169 1434 1690 1949 2201 2454 2694 2931 3163 3393 3616 3836 4059 4273 4484 4696 4889 5085 5286 5507 5736 5969 6215 6454 6698 6937 7180 7435 7679 7936 8206 8472 8742 9015 9303 9605 10000 
0.1868 0.6911 0.7786 0.8032 0.8125 0.8163 0.8179 0.8191 0.8195 0.8194 0.8193 0.8193 0.8194 0.8194 0.8194 0.8194 0.8194 0.8194 0.8194 0.8194 0.8194 0.8194 0.8194 0.8194 0.8194 0.8194 0.8194 0.8194 0.8194 0.8194 0.8194 0.8194 0.8194 0.8194 0.8194 0.8194 0.8194 0.8194 0.8194 0.8194 0.8194 
Kmeans with centroids: 450
Distance computation
52657.5 11025.1
50742 10007.7
49998.2 9659.04
49579.2 9452.01
49324.1 9314.22
49169 9223.68
49077.3 9158.49
49021 9113.41
48983.9 9081.45
48963.7 9060.82
48946.4 9041.97
48936.7 9029.95
48928 9021.4
48921.8 9013.53
48917.5 9008.87
48914.6 9006.65
48912.3 9003.81
48908.8 9000.78
48906.7 8999.03
48905 8996.94
result for recall@ 1
31 315 579 828 1076 1317 1549 1781 2009 2230 2457 2682 2898 3107 3318 3517 3718 3915 4110 4288 4477 4653 4827 5000 5171 5341 5538 5728 5922 6124 6336 6550 6770 6992 7221 7451 7682 7922 8154 8394 8629 8873 9122 9392 9672 10000 
0.58 0.75 0.77 0.77 0.78 0.78 0.78 0.78 0.78 0.78 0.78 0.78 0.78 0.78 0.78 0.78 0.78 0.78 0.78 0.78 0.78 0.78 0.78 0.78 0.78 0.78 0.78 0.78 0.78 0.78 0.78 0.78 0.78 0.78 0.78 0.78 0.78 0.78 0.78 0.78 0.78 0.78 0.78 0.78 0.78 0.78 
result for recall@ 10
31 315 579 828 1076 1317 1549 1781 2009 2230 2457 2682 2898 3107 3318 3517 3718 3915 4110 4288 4477 4653 4827 5000 5171 5341 5538 5728 5922 6124 6336 6550 6770 6992 7221 7451 7682 7922 8154 8394 8629 8873 9122 9392 9672 10000 
0.45 0.754 0.766 0.772 0.773 0.774 0.774 0.774 0.774 0.774 0.774 0.774 0.774 0.774 0.774 0.774 0.774 0.774 0.774 0.774 0.774 0.774 0.774 0.774 0.774 0.774 0.774 0.774 0.774 0.774 0.774 0.774 0.774 0.774 0.774 0.774 0.774 0.774 0.774 0.774 0.774 0.774 0.774 0.774 0.774 0.774 
result for recall@ 100
31 315 579 828 1076 1317 1549 1781 2009 2230 2457 2682 2898 3107 3318 3517 3718 3915 4110 4288 4477 4653 4827 5000 5171 5341 5538 5728 5922 6124 6336 6550 6770 6992 7221 7451 7682 7922 8154 8394 8629 8873 9122 9392 9672 10000 
0.1728 0.6925 0.7794 0.8028 0.8108 0.8129 0.8148 0.816 0.8168 0.8173 0.8175 0.8175 0.8175 0.8175 0.8175 0.8175 0.8175 0.8175 0.8175 0.8175 0.8175 0.8175 0.8175 0.8175 0.8175 0.8175 0.8175 0.8175 0.8175 0.8175 0.8175 0.8175 0.8175 0.8175 0.8175 0.8175 0.8175 0.8175 0.8175 0.8175 0.8175 0.8175 0.8175 0.8175 0.8175 0.8175 
Kmeans with centroids: 500
Distance computation
51729.3 10919.9
49712.5 9892.25
48980.9 9530.2
48578.9 9324.57
48344.2 9188.3
48198.7 9106.5
48082.2 9037.17
48009.3 8993.39
47963.2 8964.86
47929.2 8940.5
47906.7 8921.82
47891.4 8908.77
47881.2 8900.1
47870.5 8896.19
47863.1 8889.75
47858.3 8884.72
47855.6 8880.75
47854.9 8878.97
