Kmeans with centroids: 100
Distance computation
65768 14257.5
63318.4 12454.8
62419.8 11752.7
61973.6 11343.6
61731.8 11079.7
61588.7 10895.3
61503.4 10757.3
61440 10656.5
61386.8 10581
61338.9 10524.5
61295.2 10477.9
61259.9 10439.6
61230.4 10403.5
61210.4 10373.1
61192 10343.2
61178.5 10318.7
61168 10293.2
61159.6 10276.6
61152.3 10259.1
61145.9 10244.8
61141 10235.6
61135.6 10224.6
61129.8 10215.6
61124.6 10205.7
61120.4 10197.2
61115 10190.6
61108.9 10183.4
61103.8 10176.5
61098.9 10169.8
61094.3 10164.6
61089.5 10162
61084.1 10158.1
61079.5 10154.8
61073.8 10152.9
61067.8 10149.9
61060.1 10147.5
61036.8 10146.7
61005.8 10146.7
60979.1 10142.8
60969.9 10139.7
60964.1 10136.7
60956.8 10136.9
60950.4 10135.2
60945.5 10129.9
60941.4 10125.9
60937.9 10121.7
60935.2 10119.1
60932.9 10114.5
60931.2 10111.4
60929.8 10109
result for recall@ 1
118 1269 2345 3401 4337 5164 5945 6826 7783 8812 10000 
0.39 0.65 0.65 0.65 0.65 0.65 0.65 0.65 0.65 0.65 0.65 
result for recall@ 10
118 1269 2345 3401 4337 5164 5945 6826 7783 8812 10000 
0.469 0.74 0.743 0.742 0.742 0.742 0.742 0.742 0.742 0.742 0.742 
result for recall@ 100
118 1269 2345 3401 4337 5164 5945 6826 7783 8812 10000 
0.3421 0.79 0.803 0.8047 0.8049 0.8049 0.8049 0.8049 0.8049 0.8049 0.8049 
Kmeans with centroids: 110
Distance computation
65187.4 14310.3
62778.1 12460.3
61907.9 11747.1
61426.6 11356.2
61150.9 11101.9
60965.6 10912.3
60826.2 10766.5
60706.5 10669
60608.6 10581.2
60539.1 10513.2
60485.4 10453.1
60441.7 10405.5
60404.4 10371.8
60370.1 10349.7
60341.8 10322.3
60317.6 10293.9
60299.1 10268.9
60286.5 10245.3
60277.3 10227.6
60270.3 10213.3
60263.2 10200
60254.2 10189
60245.9 10180.7
60241.8 10169
60240 10158.7
60237.4 10150.2
60236 10141.9
60235.1 10136.5
60234.2 10132.2
60233 10127.7
60232.5 10123.6
60232.3 10120.2
60232.4 10117.6
60232.4 10115.7
60232.4 10113.8
60232.4 10112.3
60232.4 10110.9
60232.4 10110
60232.4 10109.3
60232.3 10108.6
60232.3 10108
60232.3 10107.6
60232.3 10107.3
60232.3 10107
60232.3 10106.7
60232.4 10106.4
60232.4 10106.1
60232.4 10106
60232.4 10105.8
60232.4 10105.8
result for recall@ 1
105 1085 2029 2963 3831 4609 5385 6185 7059 7962 8927 10000 
0.55 0.72 0.71 0.71 0.71 0.71 0.71 0.71 0.71 0.71 0.71 0.71 
result for recall@ 10
105 1085 2029 2963 3831 4609 5385 6185 7059 7962 8927 10000 
0.469 0.755 0.757 0.757 0.757 0.757 0.757 0.757 0.757 0.757 0.757 0.757 
result for recall@ 100
105 1085 2029 2963 3831 4609 5385 6185 7059 7962 8927 10000 
0.3333 0.7855 0.8054 0.8084 0.8085 0.8085 0.8085 0.8085 0.8085 0.8085 0.8085 0.8085 
Kmeans with centroids: 120
Distance computation
64756.7 14195.3
62296.9 12393.1
61444.9 11678.8
60943.2 11294.8
60608 11035.9
60402.3 10847
60266.4 10705.2
60167.7 10595.3
60098.1 10510.8
60045.7 10453.5
59998.6 10406.2
59959.3 10369.4
59926.6 10335.4
59896.9 10302.9
59870.6 10280.1
59850.7 10255
59833.3 10237.2
59816.9 10223.6
59799.7 10206.6
59778 10199.3
59741.6 10191.4
59688.9 10170
59670.6 10156.9
59662.8 10144.8
59657.6 10135.4
59654.4 10125.1
59651.9 10116.4
59650.9 10109.1
59649.6 10102.6
59648.7 10098.4
59647.7 10093.9
59646.3 10091.9
59646 10089.4
59645.5 10086.8
59644.5 10086.3
59643.4 10084.7
59642.5 10083.6
59641.8 10082.7
59641.1 10081.8
59640.8 10080.3
59641 10079.1
59640.8 10078.2
59640.9 10077.4
59640.8 10076.5
59640.8 10076
59640.8 10075.6
59640.8 10075.3
59640.9 10075.1
59640.9 10074.9
59640.9 10074.8
result for recall@ 1
98 985 1831 2651 3449 4192 4962 5681 6405 7173 8011 8926 10000 
0.48 0.77 0.77 0.77 0.77 0.77 0.77 0.77 0.77 0.77 0.77 0.77 0.77 
result for recall@ 10
98 985 1831 2651 3449 4192 4962 5681 6405 7173 8011 8926 10000 
0.484 0.755 0.755 0.757 0.757 0.757 0.757 0.757 0.757 0.757 0.757 0.757 0.757 
result for recall@ 100
98 985 1831 2651 3449 4192 4962 5681 6405 7173 8011 8926 10000 
0.324 0.7728 0.7987 0.8033 0.8038 0.8039 0.8039 0.8039 0.8039 0.8039 0.8039 0.8039 0.8039 
Kmeans with centroids: 130
Distance computation
63843.9 14169.1
61490 12307.1
60675.2 11574.5
60246.2 11164.6
59981.5 10931
59806.5 10771.7
59676.9 10626.8
59584.5 10538.2
59508 10456.7
59444.1 10403.1
59383.8 10364
59323.5 10324.6
59277.9 10284.7
59238.6 10252.5
59203.1 10220.5
59182.8 10195.2
59167.2 10172.8
59155.2 10153.6
59145.8 10137.3
59137.2 10124.2
59128.7 10114.6
59119.3 10106.5
59111.6 10095.4
59103.9 10084.4
59099.6 10074.8
59095.7 10067
59091.8 10060.7
59088.4 10055.3
59085.9 10051.1
59082.6 10045.5
59080.8 10039.5
59079.4 10034.5
59079.3 10030.4
59079 10028.5
59078.1 10026.4
59077.5 10024
59076.8 10021.7
59076.3 10020.5
59075.8 10019.1
59075.9 10017.3
59075.8 10015.8
59075.9 10014.5
59075.9 10013.4
59076 10012.3
59076 10011.7
59076 10011.1
59076 10010.8
59076 10010.4
59076 10010.2
59076 10010
result for recall@ 1
95 952 1763 2550 3319 4031 4698 5364 5985 6657 7377 8128 8978 10000 
0.45 0.6 0.6 0.6 0.6 0.6 0.6 0.6 0.6 0.6 0.6 0.6 0.6 0.6 
result for recall@ 10
95 952 1763 2550 3319 4031 4698 5364 5985 6657 7377 8128 8978 10000 
0.459 0.742 0.751 0.752 0.752 0.752 0.752 0.752 0.752 0.752 0.752 0.752 0.752 0.752 
result for recall@ 100
95 952 1763 2550 3319 4031 4698 5364 5985 6657 7377 8128 8978 10000 
0.3026 0.7816 0.8083 0.8111 0.8112 0.8114 0.8114 0.8114 0.8114 0.8114 0.8114 0.8114 0.8114 0.8114 
Kmeans with centroids: 140
Distance computation
63599.2 14141.3
61124.2 12295.4
60168.2 11576.9
59674.3 11171.7
59377.3 10914.8
59161.2 10730.5
59013.8 10589.2
58916.6 10480.7
58843.4 10403.1
58781.9 10333.5
58730.4 10277.5
58682.1 10229.1
58647.8 10184
58619.1 10150
58595.3 10123.5
58574.1 10100
58551.9 10077.5
58536.4 10057.2
58523.6 10041
58512.6 10025.7
58502.5 10014.6
58491.1 10007.4
58482.4 9995.49
58476.1 9985.72
58472.1 9977.57
58468.9 9969.88
58466.9 9962.43
58465 9956.64
58463.4 9949.62
58461.6 9944.09
58460.1 9940.18
58459.3 9936.42
58458.1 9933.19
58457 9931.46
58456.1 9929.76
58455.4 9927.52
58455.2 9925.27
58455.3 9923.82
58455 9922.43
58454.9 9921.31
58454.9 9920.25
58455 9919.39
58455 9918.67
58455 9918.21
58454.9 9917.9
58454.9 9917.62
58454.9 9917.35
58455 9917.14
58455 9916.91
58455 9916.72
result for recall@ 1
88 910 1691 2461 3199 3862 4522 5095 5655 6231 6869 7551 8307 9072 10000 
0.47 0.71 0.72 0.72 0.72 0.72 0.72 0.72 0.72 0.72 0.72 0.72 0.72 0.72 0.72 
result for recall@ 10
88 910 1691 2461 3199 3862 4522 5095 5655 6231 6869 7551 8307 9072 10000 
0.476 0.742 0.748 0.749 0.749 0.749 0.749 0.749 0.749 0.749 0.749 0.749 0.749 0.749 0.749 
result for recall@ 100
88 910 1691 2461 3199 3862 4522 5095 5655 6231 6869 7551 8307 9072 10000 
0.2965 0.778 0.8057 0.81 0.8108 0.8108 0.8108 0.8108 0.8108 0.8108 0.8108 0.8108 0.8108 0.8108 0.8108 
Kmeans with centroids: 150
Distance computation
62653.4 13780.4
60453.9 12114.1
59641.7 11456.1
59193.4 11075.9
58912.2 10820
58715 10647.2
58574 10517.6
58482.7 10422.5
58410 10349.1
58346.2 10298.9
58290.2 10249.3
58242 10208.6
58199.3 10172.7
58161.2 10141.3
58132.8 10110.9
58115.2 10091.7
58098.8 10069
58087 10053.1
58074.6 10039.6
58063.3 10027.6
58054 10012.5
58046 10002.5
58036.2 9995.44
58025.2 9987.5
58013.7 9976.44
58005.5 9966.65
57996.9 9960.84
57988.4 9955.08
57981.8 9949.03
57976.6 9943.88
57969.5 9937.81
57964.7 9933.38
57960.8 9928.29
57957.8 9924.76
57954.1 9919.54
57951.9 9914.45
57950.5 9910.1
57949.8 9907.75
57947.9 9905.4
57945.7 9903.63
57944 9901.88
57941.6 9900.93
57938.7 9899.38
57937.3 9897.81
57935.4 9895.82
57934.5 9894.29
57932.7 9892.61
57929 9892.52
57925.4 9890.04
57924.5 9887.3
result for recall@ 1
83 808 1510 2185 2836 3478 4088 4631 5153 5686 6272 6897 7552 8273 9043 10000 
0.52 0.68 0.67 0.67 0.67 0.67 0.67 0.67 0.67 0.67 0.67 0.67 0.67 0.67 0.67 0.67 
result for recall@ 10
83 808 1510 2185 2836 3478 4088 4631 5153 5686 6272 6897 7552 8273 9043 10000 
0.497 0.756 0.76 0.762 0.762 0.762 0.762 0.762 0.762 0.762 0.762 0.762 0.762 0.762 0.762 0.762 
result for recall@ 100
83 808 1510 2185 2836 3478 4088 4631 5153 5686 6272 6897 7552 8273 9043 10000 
0.2906 0.7727 0.8003 0.8049 0.8055 0.8056 0.8057 0.8057 0.8057 0.8057 0.8057 0.8057 0.8057 0.8057 0.8057 0.8057 
Kmeans with centroids: 160
Distance computation
62281.7 13748.5
60060.2 12088.6
59211.3 11392.9
58775.8 11005.8
58499.5 10762
58303.2 10589.1
58168.4 10467.4
58075.9 10371
58000.9 10299.3
57944 10233.2
57899.3 10184.8
57864.8 10146.6
57835.3 10109.7
57813.7 10080.8
57793.1 10054.4
57776.6 10035.2
57760.3 10022.4
57746 10005.9
57735.4 9989.59
57721.1 9976.08
57705.8 9965.19
57693.9 9952.1
57681.2 9941.66
57670.8 9930.9
57663.1 9921.72
57657.3 9913.69
57652.3 9906.67
57648.9 9900.6
57645.5 9894.81
57641.3 9890.48
57637.6 9885.22
57634.2 9881.65
57632 9879.14
57630 9876.02
57627.7 9873.89
57626 9870.3
57625.1 9867.82
57624 9865.67
57622.9 9864.12
57620.8 9862.11
57619.7 9859.05
57619.6 9856.83
57619.6 9855.59
57619.2 9855.42
57618.5 9854.7
57618.4 9853.96
57618.1 9853.13
57618.2 9852.17
57618 9851.65
57618 9851.21
result for recall@ 1
77 788 1447 2082 2702 3312 3887 4396 4847 5315 5820 6383 6994 7644 8334 9080 10000 
0.46 0.71 0.71 0.71 0.71 0.71 0.71 0.71 0.71 0.71 0.71 0.71 0.71 0.71 0.71 0.71 0.71 
result for recall@ 10
77 788 1447 2082 2702 3312 3887 4396 4847 5315 5820 6383 6994 7644 8334 9080 10000 
0.444 0.754 0.759 0.759 0.759 0.759 0.759 0.759 0.759 0.759 0.759 0.759 0.759 0.759 0.759 0.759 0.759 
result for recall@ 100
77 788 1447 2082 2702 3312 3887 4396 4847 5315 5820 6383 6994 7644 8334 9080 10000 
0.2737 0.7655 0.8006 0.808 0.8086 0.8088 0.8089 0.8089 0.8089 0.8089 0.8089 0.8089 0.8089 0.8089 0.8089 0.8089 0.8089 
Kmeans with centroids: 170
Distance computation
62104.3 13826.5
59814.7 12081.5
58988.2 11371.5
58578.5 10987.3
58311.6 10740.2
58125.7 10581.4
57984 10452
57870.8 10360.7
57777.6 10284.6
57708.2 10210.7
57663.3 10161.7
57623.6 10118.2
57585.9 10078.5
57560.6 10044.3
57536 10017
57512 9998.98
57488.2 9982.35
57463.5 9967.21
57438.3 9951.73
57418.1 9936.82
57399.8 9926.73
57384.5 9918.37
57369.5 9904.05
57356.9 9895.64
57342.2 9886.89
57329.4 9876.21
57316.9 9867.33
57305.6 9856.02
57299.8 9848.93
57295 9840.68
57292 9833.85
57289.2 9828.81
57287.2 9823.99
57286.9 9819.44
57286.8 9815.94
57286.8 9813.06
57286.9 9811.26
57287 9809.69
57287 9808.48
57287.1 9807.47
57287 9806.64
57287 9805.9
57287.1 9805.43
57287 9805.08
57287 9804.71
57286.9 9804.39
57287 9804.2
57287 9804.07
57287 9803.96
57287 9803.84
result for recall@ 1
88 873 1628 2362 3045 3644 4231 4660 5055 5470 5909 6379 6878 7384 7941 8538 9159 10000 
0.44 0.71 0.73 0.73 0.73 0.73 0.73 0.73 0.73 0.73 0.73 0.73 0.73 0.73 0.73 0.73 0.73 0.73 
result for recall@ 10
88 873 1628 2362 3045 3644 4231 4660 5055 5470 5909 6379 6878 7384 7941 8538 9159 10000 
0.473 0.749 0.759 0.758 0.758 0.758 0.758 0.758 0.758 0.758 0.758 0.758 0.758 0.758 0.758 0.758 0.758 0.758 
result for recall@ 100
88 873 1628 2362 3045 3644 4231 4660 5055 5470 5909 6379 6878 7384 7941 8538 9159 10000 
0.3032 0.777 0.8062 0.812 0.8132 0.8137 0.8136 0.8136 0.8136 0.8136 0.8136 0.8136 0.8136 0.8136 0.8136 0.8136 0.8136 0.8136 
Kmeans with centroids: 180
