Kmeans with centroids: 100
Distance computation
61583.4 10775.5
61188.4 10453.8
61114.6 10376.1
61097.5 10345.8
61089.6 10329.3
61088.9 10319.4
61088.9 10312.7
61088.8 10306.5
61088.8 10302.3
61088.9 10296.9
result for recall@ 1
110.41 1151.18 2144.29 3129.96 4062.74 4886.38 5717.05 6635.61 7629.52 8750.46 10000 
0.47 0.62 0.62 0.62 0.62 0.62 0.62 0.62 0.62 0.62 0.62 
result for recall@ 10
220.82 2302.36 4288.58 6259.92 8125.48 9772.76 11434.1 13271.2 15259 17500.9 20000 
0.535 0.836 0.837 0.837 0.837 0.837 0.837 0.837 0.837 0.837 0.837 
result for recall@ 100
331.23 3453.54 6432.87 9389.88 12188.2 14659.1 17151.2 19906.8 22888.6 26251.4 30000 
0.3935 0.8689 0.8878 0.8892 0.8892 0.8892 0.8892 0.8892 0.8892 0.8892 0.8892 
Kmeans with centroids: 110
Distance computation
60934.6 10757.6
60474.9 10437
60400.3 10343.2
60379.1 10302.6
60372 10279.6
60370.8 10268.2
60370.7 10262.3
60370.6 10256
60370.7 10250.9
60370.6 10245.5
result for recall@ 1
97.9 1037.54 1952.65 2836.66 3702.1 4473.65 5164.99 5972.93 6907.83 7850.32 8865.98 10000 
0.5 0.7 0.7 0.7 0.7 0.7 0.7 0.7 0.7 0.7 0.7 0.7 
result for recall@ 10
195.8 2075.08 3905.3 5673.32 7404.2 8947.3 10330 11945.9 13815.7 15700.6 17732 20000 
0.544 0.831 0.834 0.834 0.834 0.834 0.834 0.834 0.834 0.834 0.834 0.834 
result for recall@ 100
293.7 3112.62 5857.95 8509.98 11106.3 13421 15495 17918.8 20723.5 23551 26597.9 30000 
0.3809 0.8732 0.89 0.8922 0.8925 0.8924 0.8924 0.8924 0.8924 0.8924 0.8924 0.8924 
Kmeans with centroids: 120
Distance computation
60220.8 10681.1
59858.5 10356.1
59785.6 10271
59778.2 10236.2
59774.1 10214.6
59774.1 10202.5
59774 10193.3
59774.2 10185.8
59774.1 10180
59774.1 10174.7
result for recall@ 1
90.76 959.82 1786.89 2582.71 3372.28 4139.54 4837.62 5541.72 6273.47 7075.26 7950.13 8914.11 10000 
0.47 0.68 0.68 0.68 0.68 0.68 0.68 0.68 0.68 0.68 0.68 0.68 0.68 
result for recall@ 10
181.52 1919.64 3573.78 5165.42 6744.56 8279.08 9675.24 11083.4 12546.9 14150.5 15900.3 17828.2 20000 
0.501 0.814 0.825 0.826 0.826 0.826 0.826 0.826 0.826 0.826 0.826 0.826 0.826 
result for recall@ 100
272.28 2879.46 5360.67 7748.13 10116.8 12418.6 14512.9 16625.2 18820.4 21225.8 23850.4 26742.3 30000 
0.336 0.8544 0.8812 0.8857 0.8866 0.8867 0.8867 0.8867 0.8867 0.8867 0.8867 0.8867 0.8867 
Kmeans with centroids: 130
Distance computation
59416.8 10646.1
58956.9 10293.8
58895.1 10199.8
58866.8 10159.1
58853.4 10135.3
58836.7 10115.7
58836.2 10103.3
58836 10096.8
58836 10089
58835.1 10081.7
result for recall@ 1
90.24 927.57 1712.22 2489.02 3260.87 3985.87 4672.35 5367.88 6035.58 6718.62 7451.31 8236.84 9025.18 10000 
0.5 0.72 0.73 0.73 0.73 0.73 0.73 0.73 0.73 0.73 0.73 0.73 0.73 0.73 
result for recall@ 10
180.48 1855.14 3424.44 4978.04 6521.74 7971.74 9344.7 10735.8 12071.2 13437.2 14902.6 16473.7 18050.4 20000 
0.558 0.82 0.828 0.83 0.83 0.83 0.83 0.83 0.83 0.83 0.83 0.83 0.83 0.83 
result for recall@ 100
270.72 2782.71 5136.66 7467.06 9782.61 11957.6 14017 16103.6 18106.7 20155.9 22353.9 24710.5 27075.5 30000 
0.3656 0.8633 0.8866 0.8911 0.8913 0.8915 0.8915 0.8915 0.8915 0.8915 0.8915 0.8915 0.8915 0.8915 
Kmeans with centroids: 140
Distance computation
58963.6 10628.1
58583.9 10301.3
58521.6 10215.7
58491.1 10169.2
58486.9 10150.2
58484.8 10139.5
58484.8 10129.4
58484.6 10120.4
58484.6 10111.1
58484.2 10103.1
result for recall@ 1
84.02 853.31 1562.78 2275.75 2971.03 3638.96 4297.3 4967.57 5590.24 6228.3 6884.7 7576.5 8290.3 9094.69 10000 
0.46 0.65 0.65 0.65 0.65 0.65 0.65 0.65 0.65 0.65 0.65 0.65 0.65 0.65 0.65 
result for recall@ 10
168.04 1706.62 3125.56 4551.5 5942.06 7277.92 8594.6 9935.14 11180.5 12456.6 13769.4 15153 16580.6 18189.4 20000 
0.51 0.795 0.798 0.798 0.798 0.798 0.798 0.798 0.798 0.798 0.798 0.798 0.798 0.798 0.798 
result for recall@ 100
252.06 2559.93 4688.34 6827.25 8913.09 10916.9 12891.9 14902.7 16770.7 18684.9 20654.1 22729.5 24870.9 27284.1 30000 
0.3571 0.8521 0.8805 0.8849 0.8862 0.8862 0.8862 0.8862 0.8862 0.8862 0.8862 0.8862 0.8862 0.8862 0.8862 
Kmeans with centroids: 150
Distance computation
58376.2 10613.1
58020.5 10264.5
57974.1 10163.4
57963.4 10130
57961.4 10107.5
57960.7 10097
57959.3 10086.3
57959.2 10076.2
57959.1 10068.8
57959.2 10061.4
result for recall@ 1
79.33 845.51 1578.52 2294.82 2999.15 3680.46 4324.8 4909.95 5436.95 6008.05 6592.48 7204.7 7852.68 8530.28 9243.2 10000 
0.48 0.69 0.7 0.7 0.7 0.7 0.7 0.7 0.7 0.7 0.7 0.7 0.7 0.7 0.7 0.7 
result for recall@ 10
158.66 1691.02 3157.04 4589.64 5998.3 7360.92 8649.6 9819.9 10873.9 12016.1 13185 14409.4 15705.4 17060.6 18486.4 20000 
0.501 0.811 0.821 0.822 0.822 0.822 0.822 0.822 0.822 0.822 0.822 0.822 0.822 0.822 0.822 0.822 
result for recall@ 100
237.99 2536.53 4735.56 6884.46 8997.45 11041.4 12974.4 14729.8 16310.8 18024.2 19777.4 21614.1 23558 25590.8 27729.6 30000 
0.3191 0.8556 0.8833 0.8884 0.8887 0.889 0.889 0.889 0.889 0.889 0.889 0.889 0.889 0.889 0.889 0.889 
Kmeans with centroids: 160
Distance computation
57943.1 10528.4
57553.5 10203.9
57450.2 10109.7
57432 10068.1
57430.6 10047.9
57430.4 10035.3
57430.4 10024.3
57430.3 10015.2
57430.4 10008.4
57430.5 10002.4
result for recall@ 1
77.64 761.25 1414.65 2034.87 2661.4 3261.21 3855.07 4400.88 4932.72 5446.93 5974.2 6526.88 7119.82 7758.38 8407.02 9121.75 10000 
0.54 0.75 0.75 0.75 0.75 0.75 0.75 0.75 0.75 0.75 0.75 0.75 0.75 0.75 0.75 0.75 0.75 
result for recall@ 10
155.28 1522.5 2829.3 4069.74 5322.8 6522.42 7710.14 8801.76 9865.44 10893.9 11948.4 13053.8 14239.6 15516.8 16814 18243.5 20000 
0.539 0.821 0.831 0.833 0.833 0.833 0.833 0.833 0.833 0.833 0.833 0.833 0.833 0.833 0.833 0.833 0.833 
result for recall@ 100
232.92 2283.75 4243.95 6104.61 7984.2 9783.63 11565.2 13202.6 14798.2 16340.8 17922.6 19580.6 21359.5 23275.1 25221.1 27365.2 30000 
0.3423 0.8474 0.8809 0.8882 0.8892 0.8893 0.8893 0.8893 0.8893 0.8893 0.8893 0.8893 0.8893 0.8893 0.8893 0.8893 0.8893 
Kmeans with centroids: 170
Distance computation
57442.4 10539.1
57098.1 10191.4
57062.2 10112
57054.6 10073
57054.4 10056.1
57054.4 10042.8
57054 10031.5
57054.1 10021.3
57054 10011.4
57054.1 10002.6
result for recall@ 1
73.99 739.94 1355.12 1946.39 2536.06 3091.08 3636.51 4155 4616.05 5063.37 5561.43 6069.76 6617.82 7209.61 7828.25 8471.97 9166.52 10000 
0.49 0.7 0.7 0.7 0.7 0.7 0.7 0.7 0.7 0.7 0.7 0.7 0.7 0.7 0.7 0.7 0.7 0.7 
result for recall@ 10
147.98 1479.88 2710.24 3892.78 5072.12 6182.16 7273.02 8310 9232.1 10126.7 11122.9 12139.5 13235.6 14419.2 15656.5 16943.9 18333 20000 
0.485 0.804 0.809 0.81 0.81 0.81 0.81 0.81 0.81 0.81 0.81 0.81 0.81 0.81 0.81 0.81 0.81 0.81 
result for recall@ 100
221.97 2219.82 4065.36 5839.17 7608.18 9273.24 10909.5 12465 13848.2 15190.1 16684.3 18209.3 19853.5 21628.8 23484.8 25415.9 27499.6 30000 
0.326 0.8397 0.8805 0.8876 0.8893 0.8898 0.8903 0.8903 0.8903 0.8903 0.8903 0.8903 0.8903 0.8903 0.8903 0.8903 0.8903 0.8903 
Kmeans with centroids: 180
Distance computation
57056.3 10501.5
56781.6 10162
56751.6 10083.4
56748.7 10049
56748.7 10028.6
56748.6 10012.5
56748.5 9999.88
56748.6 9990.79
56748.6 9981.09
56747.3 9971.51
result for recall@ 1
69.48 714.84 1319.34 1895.53 2481.88 3025.02 3567.91 4084.87 4581.43 5065.01 5502.68 5957.28 6452.33 6968.72 7486.26 8037.41 8601.59 9229.13 10000 
0.48 0.72 0.72 0.72 0.72 0.72 0.72 0.72 0.72 0.72 0.72 0.72 0.72 0.72 0.72 0.72 0.72 0.72 0.72 
result for recall@ 10
138.96 1429.68 2638.68 3791.06 4963.76 6050.04 7135.82 8169.74 9162.86 10130 11005.4 11914.6 12904.7 13937.4 14972.5 16074.8 17203.2 18458.3 20000 
0.467 0.818 0.83 0.83 0.83 0.829 0.829 0.829 0.829 0.829 0.829 0.829 0.829 0.829 0.829 0.829 0.829 0.829 0.829 
result for recall@ 100
208.44 2144.52 3958.02 5686.59 7445.64 9075.06 10703.7 12254.6 13744.3 15195 16508 17871.8 19357 20906.2 22458.8 24112.2 25804.8 27687.4 30000 
0.3073 0.8469 0.8881 0.8933 0.8947 0.895 0.8951 0.8951 0.8951 0.8951 0.8951 0.8951 0.8951 0.8951 0.8951 0.8951 0.8951 0.8951 0.8951 
Kmeans with centroids: 190
Distance computation
56443.5 10481
56080.1 10157.6
56040.9 10068.3
56013.8 10021.5
56003.9 9992.33
56003.2 9972.25
56003.2 9957.46
56003.4 9946.12
56003.2 9932.34
55999.3 9920.01
result for recall@ 1
59.08 651.16 1215.34 1771.14 2316.65 2852.47 3365.17 3847.69 4295.38 4731.92 5159.8 5628.28 6119.82 6609.42 7117.44 7663.96 8222.75 8785.32 9380.1 10000 
0.47 0.66 0.66 0.66 0.66 0.66 0.66 0.66 0.66 0.66 0.66 0.66 0.66 0.66 0.66 0.66 0.66 0.66 0.66 0.66 
result for recall@ 10
118.16 1302.32 2430.68 3542.28 4633.3 5704.94 6730.34 7695.38 8590.76 9463.84 10319.6 11256.6 12239.6 13218.8 14234.9 15327.9 16445.5 17570.6 18760.2 20000 
0.491 0.809 0.82 0.821 0.821 0.821 0.821 0.821 0.821 0.821 0.821 0.821 0.821 0.821 0.821 0.821 0.821 0.821 0.821 0.821 
result for recall@ 100
177.24 1953.48 3646.02 5313.42 6949.95 8557.41 10095.5 11543.1 12886.1 14195.8 15479.4 16884.8 18359.5 19828.3 21352.3 22991.9 24668.2 26356 28140.3 30000 
0.2827 0.8403 0.8805 0.8899 0.8919 0.8926 0.8926 0.8926 0.8926 0.8926 0.8926 0.8926 0.8926 0.8926 0.8926 0.8926 0.8926 0.8926 0.8926 0.8926 
Kmeans with centroids: 200
Distance computation
56253.7 10510.1
55940.5 10163.2
55894.7 10065.1
55892.6 10025.7
55891.4 10002.4
55890.9 9986.24
55890.9 9972.49
55890.9 9956.58
55890.9 9938.89
55890.8 9926.68
result for recall@ 1
62.8 669.54 1248.23 1800.58 2361.2 2895.65 3438.63 3935.23 4421.97 4813.33 5176.83 5557.74 5973.5 6391.41 6835.34 7286.64 7774.69 8281.73 8791.9 9343.02 10000 
0.43 0.64 0.63 0.63 0.63 0.63 0.63 0.63 0.63 0.63 0.63 0.63 0.63 0.63 0.63 0.63 0.63 0.63 0.63 0.63 0.63 
result for recall@ 10
125.6 1339.08 2496.46 3601.16 4722.4 5791.3 6877.26 7870.46 8843.94 9626.66 10353.7 11115.5 11947 12782.8 13670.7 14573.3 15549.4 16563.5 17583.8 18686 20000 
0.495 0.812 0.819 0.821 0.821 0.821 0.821 0.821 0.821 0.821 0.821 0.821 0.821 0.821 0.821 0.821 0.821 0.821 0.821 0.821 0.821 
result for recall@ 100
188.4 2008.62 3744.69 5401.74 7083.6 8686.95 10315.9 11805.7 13265.9 14440 15530.5 16673.2 17920.5 19174.2 20506 21859.9 23324.1 24845.2 26375.7 28029.1 30000 
0.3004 0.8362 0.8751 0.8838 0.8872 0.8871 0.8875 0.8875 0.8875 0.8875 0.8875 0.8875 0.8875 0.8875 0.8875 0.8875 0.8875 0.8875 0.8875 0.8875 0.8875 
