Kmeans with centroids: 100
Distance computation
69321.1 14739.5
66226.2 12586.4
65118.4 11806.8
64519.9 11409.3
64174 11168.2
63944.5 11003.4
63781.5 10882.7
63660.9 10791.8
63559.9 10721.5
63476 10666.5
63406.5 10621
63352.5 10583
63309.4 10551.1
63273.4 10523.9
63243.9 10501.1
63218.4 10480.6
63195.6 10462
63176 10446.7
63157.4 10432.9
63141.9 10420.5
63126.2 10409.2
63113.3 10398.3
63103.2 10388.5
63093.5 10379.6
63086.1 10371
63079.1 10363.5
63071.6 10357.1
63064.9 10350.9
63058.3 10345
63050.7 10339.5
63044.1 10335.2
63038.6 10331.2
63031.9 10327.3
63026.6 10323.7
63020.7 10319.9
63015.4 10317.2
63010.6 10313.7
63005.7 10310.5
63001.4 10308.1
62996.7 10305.8
62993.5 10303.5
62989.9 10301.1
62986.7 10298.9
62983 10296.3
62979.9 10293.7
62976.7 10291.3
62974.2 10288.8
62971.8 10287
62970.2 10285.1
62968.5 10283.1
result for recall@ 1
11106 120017 225447 327107 421515 504122 586998 677231 771259 879206 1.00002e+06 
0.3446 0.4559 0.4567 0.4568 0.4568 0.4568 0.4568 0.4568 0.4568 0.4568 0.4568 
result for recall@ 10
11106 120017 225447 327107 421515 504122 586998 677231 771259 879206 1.00002e+06 
0.4142 0.55505 0.55633 0.55637 0.55637 0.55637 0.55637 0.55637 0.55637 0.55637 0.55637 
result for recall@ 100
11106 120017 225447 327107 421515 504122 586998 677231 771259 879206 1.00002e+06 
0.436869 0.631336 0.63342 0.633535 0.633545 0.633546 0.633546 0.633546 0.633546 0.633546 0.633546 
Kmeans with centroids: 150
Distance computation
65966.6 14407.1
63165.7 12320.4
62276.2 11563.5
61802.8 11183.3
61492.8 10944.8
61281.5 10780.8
61137.2 10663.5
61037.2 10575.9
60963.3 10506.1
60905.7 10452.5
60860.4 10408.8
60824.1 10372
60793.5 10341.7
60768.5 10315.2
60743.9 10293.4
60721.8 10273.5
60704.8 10256.1
60688.6 10241.3
60672.5 10227.9
60658.6 10216.1
60646.4 10205.7
60634.5 10197
60624.1 10188.1
60614 10180.7
60604.8 10173.2
60596.8 10166.9
60588.2 10160.8
60579.1 10155
60572.4 10149.7
60566.1 10144.4
60559.7 10139.8
60553.6 10136.1
60548.3 10131.8
60542.1 10128.1
60538.3 10125
60534 10121.4
60529.7 10118.4
60525.5 10115.3
60522.2 10112.8
60518.1 10110.3
60515.8 10107.6
60513.1 10104.9
60510.3 10103.2
60508.2 10100.9
60505.1 10098.4
60503.3 10096.9
60501.2 10094.8
60499.3 10093.1
60497.5 10091.4
60495.5 10090
result for recall@ 1
7074 76624 144957 212692 279854 345830 408852 470383 531221 589225 648198 710596 777299 846728 919967 1.00002e+06 
0.3419 0.4592 0.4607 0.4608 0.4608 0.4608 0.4608 0.4608 0.4608 0.4608 0.4608 0.4608 0.4608 0.4608 0.4608 0.4608 
result for recall@ 10
7074 76624 144957 212692 279854 345830 408852 470383 531221 589225 648198 710596 777299 846728 919967 1.00002e+06 
0.39519 0.55924 0.5613 0.56146 0.56149 0.56149 0.56149 0.56149 0.56149 0.56149 0.56149 0.56149 0.56149 0.56149 0.56149 0.56149 
result for recall@ 100
7074 76624 144957 212692 279854 345830 408852 470383 531221 589225 648198 710596 777299 846728 919967 1.00002e+06 
0.407171 0.63253 0.637076 0.637493 0.637539 0.637551 0.637552 0.637552 0.637552 0.637552 0.637552 0.637552 0.637552 0.637552 0.637552 0.637552 
Kmeans with centroids: 200
Distance computation
64229.9 14146.9
61500.6 12188.8
60620.9 11449.6
60171.8 11071.2
59903.6 10837.5
59732.6 10676.7
59607.2 10557.2
59513.2 10467
59437.5 10397.2
59373.8 10341.8
59319.6 10295.5
59274 10255.8
59232.9 10223.7
59193.3 10196.1
59156.2 10171
59119.5 10148.7
59086.4 10129.4
59058.4 10112.8
59035.3 10098.2
59017.6 10085.1
59001.8 10074.4
58989.3 10065
58976.4 10055.3
58964.8 10047.8
58955.4 10040.9
58946.5 10034.2
58938.7 10028
58932.1 10022.5
58925.1 10017.7
58918.2 10012.9
58911.6 10007.8
58905.7 10003.2
58900.2 9999.09
58896 9994.88
58889.8 9991.64
58884.3 9988.02
58880.3 9984.63
58876.9 9981.45
58873.4 9979.12
58870 9976.18
58865.9 9973.33
58862.2 9970.81
58860.2 9968.82
58856.6 9966.91
58854.3 9964.56
58851.4 9962.38
58848.1 9960.64
58845.9 9958.44
58843.5 9956.83
58841.1 9955.5
result for recall@ 1
5367 58084 109699 160406 210483 259942 308814 356590 403754 451365 497735 542585 586007 630202 675592 722186 770824 822540 877254 935933 1.00002e+06 
0.3205 0.4624 0.4638 0.4641 0.4643 0.4643 0.4643 0.4643 0.4643 0.4643 0.4643 0.4643 0.4643 0.4643 0.4643 0.4643 0.4643 0.4643 0.4643 0.4643 0.4643 
result for recall@ 10
5367 58084 109699 160406 210483 259942 308814 356590 403754 451365 497735 542585 586007 630202 675592 722186 770824 822540 877254 935933 1.00002e+06 
0.38262 0.5616 0.56498 0.56526 0.56531 0.56532 0.56532 0.56532 0.56532 0.56532 0.56532 0.56532 0.56532 0.56532 0.56532 0.56532 0.56532 0.56532 0.56532 0.56532 0.56532 
result for recall@ 100
5367 58084 109699 160406 210483 259942 308814 356590 403754 451365 497735 542585 586007 630202 675592 722186 770824 822540 877254 935933 1.00002e+06 
0.390013 0.631687 0.638428 0.639296 0.639471 0.639495 0.639502 0.639504 0.639505 0.639505 0.639505 0.639505 0.639505 0.639505 0.639505 0.639505 0.639505 0.639505 0.639505 0.639505 0.639505 
Kmeans with centroids: 250
Distance computation
62738.8 13921.4
60184.2 11988.9
59364.6 11275.9
58935.3 10911.1
58669.3 10686.6
58485.1 10531.8
58352.4 10419
58251.6 10331.3
58173.9 10263.5
58110.6 10208.1
58057 10162.1
58013.7 10125
57975.6 10094.9
57944.8 10068.9
57917.9 10047.5
57892.8 10029.3
57869.7 10013
57849.2 9999.09
57830.3 9986.7
57814.8 9975.58
57799.1 9965.78
57785.5 9956.43
57773.2 9948.35
57760.4 9940.79
57748.8 9934.22
57738.7 9928.27
57728.8 9922.42
57720.1 9917.14
57711.6 9912.53
57703.3 9908.69
57695.7 9904.14
57688.8 9900.13
57681.8 9896.51
57675 9892.9
57668.8 9890.17
57664.2 9887.17
57659 9883.95
57655 9880.74
57650.9 9878.2
57646.3 9875.47
57642 9873.18
57638.1 9871.06
57633.8 9869.08
57629.2 9866.92
57625.5 9864.57
57621.5 9862.83
57617.5 9860.85
57614.2 9859.14
57611.3 9857.71
57607.6 9855.93
result for recall@ 1
4288 46405 87723 128566 169193 209468 249441 289158 328420 366862 404665 442386 478603 513163 548747 583802 619332 655629 692525 730021 768663 809555 853228 899210 947439 1.00002e+06 
0.3093 0.4562 0.4585 0.4591 0.4593 0.4594 0.4594 0.4594 0.4594 0.4594 0.4594 0.4594 0.4594 0.4594 0.4594 0.4594 0.4594 0.4594 0.4594 0.4594 0.4594 0.4594 0.4594 0.4594 0.4594 0.4594 
result for recall@ 10
4288 46405 87723 128566 169193 209468 249441 289158 328420 366862 404665 442386 478603 513163 548747 583802 619332 655629 692525 730021 768663 809555 853228 899210 947439 1.00002e+06 
0.37236 0.56236 0.56623 0.56684 0.56703 0.56708 0.56709 0.56709 0.56709 0.56709 0.56709 0.56709 0.56709 0.56709 0.56709 0.56709 0.56709 0.56709 0.56709 0.56709 0.56709 0.56709 0.56709 0.56709 0.56709 0.56709 
result for recall@ 100
4288 46405 87723 128566 169193 209468 249441 289158 328420 366862 404665 442386 478603 513163 548747 583802 619332 655629 692525 730021 768663 809555 853228 899210 947439 1.00002e+06 
0.374052 0.63107 0.639751 0.641137 0.641468 0.641557 0.641584 0.641588 0.641594 0.641594 0.641595 0.641595 0.641595 0.641595 0.641595 0.641595 0.641595 0.641595 0.641595 0.641595 0.641595 0.641595 0.641595 0.641595 0.641595 0.641595 
Kmeans with centroids: 300
Distance computation
61569.5 13814.4
59052.4 11925.7
58215.7 11195.1
57778.2 10820.8
57525.6 10588.1
57358.1 10430.2
57240.8 10316.4
57151.8 10231.4
57082.2 10163.9
57028 10111.3
56983.8 10068.6
56946.5 10033.2
56914.4 10003.3
56887.5 9978.08
56863.1 9957.12
56840.6 9937.97
56821.8 9920.95
56804.3 9906.77
56787.8 9894.25
56772 9883.04
56758 9872.4
56743.6 9862.99
56731.3 9853.87
56720.9 9846.11
56710.5 9839.03
56702 9832.54
56694.1 9825.78
56686.9 9820.83
56679.5 9816.18
56673 9811.57
56668.2 9806.82
56662.8 9802.69
56659.1 9798.82
56654.1 9795.4
56649.6 9791.88
56645.9 9788.88
56642.1 9786.09
56638.8 9783.11
56635.5 9780.51
56632.4 9777.96
56629.2 9775.63
56626.3 9773.88
56623.3 9771.67
56620.3 9769.42
56618.4 9767.59
56615.2 9765.82
56613.3 9763.47
56611.2 9761.89
56608.7 9760.18
56606.4 9758.49
result for recall@ 1
3565 38758 73434 107663 141608 175362 208901 242213 275186 307716 339796 371246 402323 433417 465015 496178 526423 555638 585122 614911 644989 675490 706439 738077 770701 804692 840059 876741 915024 955266 1.00002e+06 
0.3085 0.4592 0.4616 0.4622 0.4622 0.4622 0.4623 0.4623 0.4623 0.4623 0.4623 0.4623 0.4623 0.4623 0.4623 0.4623 0.4623 0.4623 0.4623 0.4623 0.4623 0.4623 0.4623 0.4623 0.4623 0.4623 0.4623 0.4623 0.4623 0.4623 0.4623 
result for recall@ 10
3565 38758 73434 107663 141608 175362 208901 242213 275186 307716 339796 371246 402323 433417 465015 496178 526423 555638 585122 614911 644989 675490 706439 738077 770701 804692 840059 876741 915024 955266 1.00002e+06 
0.36731 0.56127 0.56651 0.56751 0.56778 0.56782 0.56786 0.56786 0.56786 0.56786 0.56786 0.56786 0.56786 0.56786 0.56786 0.56786 0.56786 0.56786 0.56786 0.56786 0.56786 0.56786 0.56786 0.56786 0.56786 0.56786 0.56786 0.56786 0.56786 0.56786 0.56786 
result for recall@ 100
3565 38758 73434 107663 141608 175362 208901 242213 275186 307716 339796 371246 402323 433417 465015 496178 526423 555638 585122 614911 644989 675490 706439 738077 770701 804692 840059 876741 915024 955266 1.00002e+06 
0.364409 0.629663 0.640339 0.642252 0.64273 0.642894 0.642957 0.642969 0.642978 0.64298 0.642981 0.642981 0.642981 0.642981 0.642981 0.642981 0.642981 0.642981 0.642981 0.642981 0.642981 0.642981 0.642981 0.642981 0.642981 0.642981 0.642981 0.642981 0.642981 0.642981 0.642981 
Kmeans with centroids: 350
Distance computation
60724.5 13618.6
58346.1 11807.5
57543.2 11111.6
57090.2 10745.1
56818.3 10517.3
56644.3 10360.1
56517.8 10247.6
56422.8 10162.4
56345.7 10094.5
56282.4 10041.6
56231.5 9997.22
56188.7 9960.35
56153.1 9929.88
56122 9904.28
56092.8 9882.18
56068.8 9862.74
56047.1 9846.62
56027.2 9831.73
56009.7 9819.5
55993.7 9808
55978.7 9797.78
55964.3 9787.66
55952.4 9779.13
55940.4 9771.02
55930.4 9763.46
55921.3 9756.88
55912 9750.8
55904.9 9745.33
55897.6 9740.15
55890.8 9735.12
55884.5 9730.69
55877.9 9726.65
55871 9722.79
55866.2 9718.85
55861.7 9715.45
55856.8 9712.08
55851.5 9708.93
55847.4 9706.17
55842.8 9703.78
55838.5 9701.08
55834.7 9698.34
55830.7 9695.93
55827.1 9693.77
55823.2 9691.55
55819.3 9689.43
55816.8 9687.9
55813.1 9686.06
55809.6 9684.35
55806.5 9682.47
55804 9680.89
result for recall@ 1
3080 33353 63132 92563 121746 150770 179599 208230 236748 265087 293128 320836 348165 375234 402225 429254 456555 482590 508074 533909 559217 584424 609720 635253 661095 687256 713831 740901 768624 797269 827011 858064 890534 924212 959708 1.00002e+06 
0.3119 0.4596 0.463 0.4633 0.4635 0.4635 0.4635 0.4635 0.4635 0.4635 0.4635 0.4635 0.4635 0.4635 0.4635 0.4635 0.4635 0.4635 0.4635 0.4635 0.4635 0.4635 0.4635 0.4635 0.4635 0.4635 0.4635 0.4635 0.4635 0.4635 0.4635 0.4635 0.4635 0.4635 0.4635 0.4635 
result for recall@ 10
3080 33353 63132 92563 121746 150770 179599 208230 236748 265087 293128 320836 348165 375234 402225 429254 456555 482590 508074 533909 559217 584424 609720 635253 661095 687256 713831 740901 768624 797269 827011 858064 890534 924212 959708 1.00002e+06 
0.36285 0.56357 0.5698 0.57075 0.57096 0.57107 0.57108 0.57109 0.57109 0.57109 0.57109 0.57109 0.57109 0.57109 0.57109 0.57109 0.57109 0.57109 0.57109 0.57109 0.57109 0.57109 0.57109 0.57109 0.57109 0.57109 0.57109 0.57109 0.57109 0.57109 0.57109 0.57109 0.57109 0.57109 0.57109 0.57109 
result for recall@ 100
3080 33353 63132 92563 121746 150770 179599 208230 236748 265087 293128 320836 348165 375234 402225 429254 456555 482590 508074 533909 559217 584424 609720 635253 661095 687256 713831 740901 768624 797269 827011 858064 890534 924212 959708 1.00002e+06 
0.35584 0.627733 0.640073 0.642468 0.643126 0.643367 0.643445 0.643475 0.643485 0.643487 0.643489 0.643491 0.643491 0.643492 0.643492 0.643492 0.643492 0.643492 0.643492 0.643492 0.643492 0.643492 0.643492 0.643492 0.643492 0.643492 0.643492 0.643492 0.643492 0.643492 0.643492 0.643492 0.643492 0.643492 0.643492 0.643492 
Kmeans with centroids: 400
Distance computation
59661.6 13525.5
57345.9 11702.4
56630.8 11006.1
56274.5 10652.3
56054.6 10432.1
55903.6 10278.8
55790.4 10167.5
55702.5 10082.4
55632.5 10016.8
55571.5 9965.7
55521.3 9923.72
55477.6 9887.96
55441.3 9858.03
55411.1 9833.32
55383.8 9811.12
55359.3 9792.06
55337.6 9775.08
55320.1 9760.77
55301.8 9747.79
55285.6 9736.3
55271.4 9725.7
55257.5 9715.92
55245 9707.83
55233.5 9700.4
55222.3 9692.95
55212.4 9686.95
55203.8 9681.28
55193.8 9676.15
55185.1 9671
55177.8 9666.51
55169.7 9662.12
55162.8 9657.97
55156.3 9653.97
55150 9650.62
55145 9647.54
55140.9 9644.54
55136.4 9641.33
55132 9638.54
55127.7 9636.04
55124.1 9633.93
55120.6 9631.91
55117.5 9629.75
55113.7 9627.67
55110.2 9625.53
55107.1 9623.64
55104.1 9621.35
55102.3 9619.15
55099.1 9617.7
55096.8 9615.58
55094.8 9613.52
result for recall@ 1
2653 29040 55054 80850 106533 132101 157545 182893 208167 233345 258432 283330 308042 332486 356645 380479 404109 427645 451157 474702 497226 519562 541328 563183 585306 607679 630331 653318 676684 700360 724332 748636 773244 798177 823714 850265 877913 906438 935695 966057 1.00002e+06 
0.3094 0.471 0.474 0.4746 0.4748 0.4748 0.4748 0.4748 0.4748 0.4748 0.4748 0.4748 0.4748 0.4748 0.4748 0.4748 0.4748 0.4748 0.4748 0.4748 0.4748 0.4748 0.4748 0.4748 0.4748 0.4748 0.4748 0.4748 0.4748 0.4748 0.4748 0.4748 0.4748 0.4748 0.4748 0.4748 0.4748 0.4748 0.4748 0.4748 0.4748 
result for recall@ 10
2653 29040 55054 80850 106533 132101 157545 182893 208167 233345 258432 283330 308042 332486 356645 380479 404109 427645 451157 474702 497226 519562 541328 563183 585306 607679 630331 653318 676684 700360 724332 748636 773244 798177 823714 850265 877913 906438 935695 966057 1.00002e+06 
0.35845 0.56249 0.57007 0.5714 0.57172 0.57186 0.57187 0.57188 0.57189 0.57189 0.57189 0.57189 0.57189 0.57189 0.57189 0.57189 0.57189 0.57189 0.57189 0.57189 0.57189 0.57189 0.57189 0.57189 0.57189 0.57189 0.57189 0.57189 0.57189 0.57189 0.57189 0.57189 0.57189 0.57189 0.57189 0.57189 0.57189 0.57189 0.57189 0.57189 0.57189 
result for recall@ 100
2653 29040 55054 80850 106533 132101 157545 182893 208167 233345 258432 283330 308042 332486 356645 380479 404109 427645 451157 474702 497226 519562 541328 563183 585306 607679 630331 653318 676684 700360 724332 748636 773244 798177 823714 850265 877913 906438 935695 966057 1.00002e+06 
0.348749 0.627264 0.640871 0.643797 0.644608 0.64489 0.645005 0.645052 0.645068 0.645076 0.64508 0.645083 0.645084 0.645084 0.645084 0.645084 0.645085 0.645085 0.645085 0.645085 0.645085 0.645085 0.645085 0.645085 0.645085 0.645085 0.645085 0.645085 0.645085 0.645085 0.645085 0.645085 0.645085 0.645085 0.645085 0.645085 0.645085 0.645085 0.645085 0.645085 0.645085 
Kmeans with centroids: 450
Distance computation
59018 13394.7
56730.2 11588.3
56007.8 10904.9
55643.7 10555.5
55422.4 10339.5
55270.6 10189.8
55157.4 10082.7
55069.4 10001.6
54999.2 9938.93
54942.9 9888.4
54898 9848.07
54859.8 9814.62
54825.1 9787.13
54795 9762.82
54769.1 9742.04
54746.2 9724.49
54726 9708.68
54707.4 9695.27
54691.6 9683.31
54676.7 9672.24
54662.3 9662.29
54648.9 9652.81
54637 9643.88
54624.8 9636.84
54613.2 9629.92
54603.4 9623.85
54593.4 9618.32
54583.7 9612.48
54575.1 9607.5
54567 9602.65
54559.2 9597.65
54551.4 9593.53
54545.2 9589.46
54540.5 9585.64
54535.2 9581.98
54530.2 9578.89
54526 9575.73
54521.4 9572.98
54516.2 9570.17
54512.2 9567.34
54509.4 9564.99
54506.2 9562.61
54502.8 9560.47
54499.8 9558.35
54497.6 9556.31
54495.5 9554.53
54492.7 9552.45
54490 9551.01
54487.9 9549.46
54485.1 9547.88
result for recall@ 1
2397 26099 49506 72649 95636 118434 141104 163683 186138 208492 230702 252774 274648 296434 318045 339567 360834 381870 402789 423637 444567 465113 484435 503845 523687 543537 563207 582931 602766 622734 642874 663260 683834 704619 725649 747000 768712 790885 813676 837248 861788 887031 912817 939366 967518 1.00002e+06 
0.3003 0.4594 0.465 0.4658 0.4663 0.4662 0.4663 0.4663 0.4663 0.4663 0.4663 0.4663 0.4663 0.4663 0.4663 0.4663 0.4663 0.4663 0.4663 0.4663 0.4663 0.4663 0.4663 0.4663 0.4663 0.4663 0.4663 0.4663 0.4663 0.4663 0.4663 0.4663 0.4663 0.4663 0.4663 0.4663 0.4663 0.4663 0.4663 0.4663 0.4663 0.4663 0.4663 0.4663 0.4663 0.4663 
result for recall@ 10
2397 26099 49506 72649 95636 118434 141104 163683 186138 208492 230702 252774 274648 296434 318045 339567 360834 381870 402789 423637 444567 465113 484435 503845 523687 543537 563207 582931 602766 622734 642874 663260 683834 704619 725649 747000 768712 790885 813676 837248 861788 887031 912817 939366 967518 1.00002e+06 
0.35447 0.56288 0.57114 0.57241 0.57273 0.57288 0.57294 0.57297 0.57298 0.57298 0.57299 0.57299 0.573 0.573 0.573 0.573 0.573 0.573 0.573 0.573 0.573 0.573 0.573 0.573 0.573 0.573 0.573 0.573 0.573 0.573 0.573 0.573 0.573 0.573 0.573 0.573 0.573 0.573 0.573 0.573 0.573 0.573 0.573 0.573 0.573 0.573 
result for recall@ 100
2397 26099 49506 72649 95636 118434 141104 163683 186138 208492 230702 252774 274648 296434 318045 339567 360834 381870 402789 423637 444567 465113 484435 503845 523687 543537 563207 582931 602766 622734 642874 663260 683834 704619 725649 747000 768712 790885 813676 837248 861788 887031 912817 939366 967518 1.00002e+06 
0.340835 0.626155 0.641148 0.644461 0.64553 0.645937 0.646067 0.646118 0.646158 0.646173 0.646182 0.646186 0.646186 0.646187 0.646188 0.646187 0.646187 0.646187 0.646187 0.646187 0.646187 0.646187 0.646187 0.646187 0.646187 0.646187 0.646187 0.646187 0.646187 0.646187 0.646187 0.646187 0.646187 0.646187 0.646187 0.646187 0.646187 0.646187 0.646187 0.646187 0.646187 0.646187 0.646187 0.646187 0.646187 0.646187 
Kmeans with centroids: 500
Distance computation
58517.8 13335.9
56255.3 11580.5
55525.3 10888.7
55149.2 10529.1
54921.6 10306.6
54767.9 10153.3
54655.2 10043.4
54569.7 9959.51
54498.9 9895.01
54440.8 9843.25
54392.9 9801.12
54351.8 9765.81
54316.5 9735.99
54285.9 9711.38
54259.4 9690.44
54235.6 9672.01
54212.8 9656.02
54193.7 9641.91
54174 9629.74
54156.6 9618.63
54139.5 9608.56
54124.2 9599.69
54110 9591.41
54096.1 9584.39
54084.2 9577.15
54072.8 9570.72
54062.4 9565.15
54052.1 9559.47
54043.1 9553.84
54035.2 9548.72
54027.3 9544.53
54020.6 9540.54
54013.6 9536.54
54007 9532.26
54000.4 9528.93
53995 9525.64
53989.7 9523.12
53985.2 9519.97
53979.9 9516.98
53974.9 9514.3
53969.2 9511.79
53965.3 9509.32
53961.6 9506.97
53957.7 9504.99
53955.1 9502.58
53951.6 9500.58
53948 9498.94
53945.6 9497.3
53942.5 9495.59
53939.9 9494.14
result for recall@ 1
2139 23409 44405 65204 85844 106374 126758 147057 167247 187407 207481 227443 247319 267066 286700 306196 325523 344635 363631 382568 401464 420374 439422 458618 477505 495425 513443 531110 548599 566143 583806 601608 619573 637717 655980 674382 692932 711660 730603 749856 769445 789403 809790 830689 852251 874457 897281 920722 945151 970941 1.00002e+06 
0.2981 0.4642 0.4698 0.4699 0.4706 0.4707 0.4708 0.4708 0.4708 0.4708 0.4708 0.4708 0.4708 0.4708 0.4708 0.4708 0.4708 0.4708 0.4708 0.4708 0.4708 0.4708 0.4708 0.4708 0.4708 0.4708 0.4708 0.4708 0.4708 0.4708 0.4708 0.4708 0.4708 0.4708 0.4708 0.4708 0.4708 0.4708 0.4708 0.4708 0.4708 0.4708 0.4708 0.4708 0.4708 0.4708 0.4708 0.4708 0.4708 0.4708 0.4708 
result for recall@ 10
2139 23409 44405 65204 85844 106374 126758 147057 167247 187407 207481 227443 247319 267066 286700 306196 325523 344635 363631 382568 401464 420374 439422 458618 477505 495425 513443 531110 548599 566143 583806 601608 619573 637717 655980 674382 692932 711660 730603 749856 769445 789403 809790 830689 852251 874457 897281 920722 945151 970941 1.00002e+06 
0.34806 0.5643 0.57296 0.5746 0.57506 0.57531 0.57536 0.57543 0.57544 0.57545 0.57545 0.57545 0.57545 0.57545 0.57545 0.57545 0.57545 0.57545 0.57545 0.57545 0.57545 0.57545 0.57545 0.57545 0.57545 0.57545 0.57545 0.57545 0.57545 0.57545 0.57545 0.57545 0.57545 0.57545 0.57545 0.57545 0.57545 0.57545 0.57545 0.57545 0.57545 0.57545 0.57545 0.57545 0.57545 0.57545 0.57545 0.57545 0.57545 0.57545 0.57545 
result for recall@ 100
2139 23409 44405 65204 85844 106374 126758 147057 167247 187407 207481 227443 247319 267066 286700 306196 325523 344635 363631 382568 401464 420374 439422 458618 477505 495425 513443 531110 548599 566143 583806 601608 619573 637717 655980 674382 692932 711660 730603 749856 769445 789403 809790 830689 852251 874457 897281 920722 945151 970941 1.00002e+06 
0.331478 0.624483 0.64089 0.64475 0.645962 0.646465 0.646668 0.646769 0.646813 0.646839 0.646851 0.646854 0.646853 0.646853 0.646854 0.646854 0.646854 0.646854 0.646854 0.646854 0.646854 0.646854 0.646854 0.646854 0.646854 0.646854 0.646854 0.646854 0.646854 0.646854 0.646854 0.646854 0.646854 0.646854 0.646854 0.646854 0.646854 0.646854 0.646854 0.646854 0.646854 0.646854 0.646854 0.646854 0.646854 0.646854 0.646854 0.646854 0.646854 0.646854 0.646854 
Kmeans with centroids: 550
Distance computation
57877 13171.1
55730.1 11477.4
55029 10812.7
54653.7 10465
54420.5 10245.7
54260.6 10092.3
54143.1 9980.6
54051.5 9896.2
53978.6 9830.92
53919.2 9777.89
53868.4 9735.59
53826.5 9700.16
53791.1 9670.74
53759.9 9645.89
53734.7 9625.35
53711.5 9607.1
53691.2 9591.98
53673.9 9578.33
53656.4 9566.24
53641.8 9556.38
53628.5 9547.56
53616.3 9539.49
53605 9532.06
53595.7 9525.31
53586.2 9519.05
53577.3 9513.2
53569.3 9507.52
53562.6 9502.54
53553.9 9497.26
53547.6 9493.01
53540.9 9488.76
53534.3 9484.53
53528.5 9481.01
53523.2 9477.65
53517.3 9473.87
53513.1 9470.69
53508.7 9467.56
53505.3 9464.89
53501.6 9462.04
53496.9 9459.47
53493.7 9457.3
53489.1 9455.11
53485.4 9453.07
53481.7 9451.2
53477.6 9449.29
53473.9 9447.29
53470.6 9445.47
53466.5 9443.78
53463.8 9441.93
53461.3 9440.49
result for recall@ 1
1950 21385 40541 59475 78264 96972 115544 134059 152508 170897 189183 207399 225570 243676 261733 279684 297472 315145 332668 350063 367339 384509 401627 418716 435832 453147 470716 487770 504202 520274 536023 551794 567640 583606 599683 615863 632170 648567 665094 681769 698591 715609 732779 750201 767927 785978 804407 823266 842659 862790 883650 905078 927113 949775 973449 1.00002e+06 
0.2967 0.4655 0.4705 0.4724 0.4728 0.4731 0.4731 0.4732 0.4732 0.4732 0.4732 0.4732 0.4733 0.4733 0.4733 0.4733 0.4733 0.4733 0.4733 0.4733 0.4733 0.4733 0.4733 0.4733 0.4733 0.4733 0.4733 0.4733 0.4733 0.4733 0.4733 0.4733 0.4733 0.4733 0.4733 0.4733 0.4733 0.4733 0.4733 0.4733 0.4733 0.4733 0.4733 0.4733 0.4733 0.4733 0.4733 0.4733 0.4733 0.4733 0.4733 0.4733 0.4733 0.4733 0.4733 0.4733 
result for recall@ 10
1950 21385 40541 59475 78264 96972 115544 134059 152508 170897 189183 207399 225570 243676 261733 279684 297472 315145 332668 350063 367339 384509 401627 418716 435832 453147 470716 487770 504202 520274 536023 551794 567640 583606 599683 615863 632170 648567 665094 681769 698591 715609 732779 750201 767927 785978 804407 823266 842659 862790 883650 905078 927113 949775 973449 1.00002e+06 
0.34629 0.56478 0.57384 0.57568 0.57625 0.57642 0.5765 0.57655 0.57657 0.57656 0.57657 0.57657 0.57658 0.57658 0.57658 0.57658 0.57658 0.57658 0.57658 0.57658 0.57658 0.57658 0.57658 0.57658 0.57658 0.57658 0.57658 0.57658 0.57658 0.57658 0.57658 0.57658 0.57658 0.57658 0.57658 0.57658 0.57658 0.57658 0.57658 0.57658 0.57658 0.57658 0.57658 0.57658 0.57658 0.57658 0.57658 0.57658 0.57658 0.57658 0.57658 0.57658 0.57658 0.57658 0.57658 0.57658 
result for recall@ 100
1950 21385 40541 59475 78264 96972 115544 134059 152508 170897 189183 207399 225570 243676 261733 279684 297472 315145 332668 350063 367339 384509 401627 418716 435832 453147 470716 487770 504202 520274 536023 551794 567640 583606 599683 615863 632170 648567 665094 681769 698591 715609 732779 750201 767927 785978 804407 823266 842659 862790 883650 905078 927113 949775 973449 1.00002e+06 
0.328172 0.623344 0.641027 0.645106 0.646518 0.647094 0.647323 0.647428 0.647483 0.647512 0.647538 0.647547 0.647548 0.647551 0.647553 0.647553 0.647553 0.647553 0.647553 0.647553 0.647553 0.647553 0.647553 0.647553 0.647553 0.647553 0.647553 0.647553 0.647553 0.647553 0.647553 0.647553 0.647553 0.647553 0.647553 0.647553 0.647553 0.647553 0.647553 0.647553 0.647553 0.647553 0.647553 0.647553 0.647553 0.647553 0.647553 0.647553 0.647553 0.647553 0.647553 0.647553 0.647553 0.647553 0.647553 0.647553 
Kmeans with centroids: 600
Distance computation
57757 13260.8
55428.3 11483.2
54661.4 10795.4
54267.9 10441.4
54025.9 10218.9
53861 10065
53737.6 9952.12
53642.7 9866.2
53564.9 9799.54
53502.2 9746.23
53451.4 9702.29
53409.4 9667.54
53375.6 9638.71
53343.9 9613.46
53317 9592.9
53293.9 9574.68
53273 9559.18
53253 9545.3
53234.3 9533.4
53217.4 9522.42
53202.7 9513.1
53189.1 9504.33
53178.1 9496.1
53167.8 9488.42
53157.4 9481.6
53148.1 9475.48
53138.8 9469.4
53130.7 9463.71
53123.8 9458.72
53116 9453.83
53107.6 9449.39
53101.6 9445.06
53096 9441.38
53090.4 9438.12
53085.2 9434.83
53080 9431.77
53075.5 9428.77
53070.9 9425.75
53065.9 9423.1
53061.3 9421.32
53056.1 9418.54
53052 9416.29
53047.5 9414.05
53043.6 9411.94
53039.8 9409.49
53036.2 9407.67
53033 9406.29
53030 9404.18
53026.3 9402.56
53023.4 9400.75
result for recall@ 1
1779 19489 36944 54233 71373 88436 105401 122328 139217 156042 172798 189529 206182 222785 239326 255828 272294 288684 304981 321197 337303 353340 369305 385190 400996 416768 432513 448313 464295 480466 496631 511370 525918 540488 555075 569703 584382 599131 613933 628831 643838 658960 674200 689578 705094 720773 736626 752675 768950 785489 802305 819483 837098 855239 873967 893205 912904 933065 953696 975313 1.00002e+06 
0.2922 0.4595 0.4666 0.4679 0.4688 0.469 0.469 0.469 0.469 0.469 0.469 0.469 0.469 0.469 0.469 0.469 0.469 0.469 0.469 0.469 0.469 0.469 0.469 0.469 0.469 0.469 0.469 0.469 0.469 0.469 0.469 0.469 0.469 0.469 0.469 0.469 0.469 0.469 0.469 0.469 0.469 0.469 0.469 0.469 0.469 0.469 0.469 0.469 0.469 0.469 0.469 0.469 0.469 0.469 0.469 0.469 0.469 0.469 0.469 0.469 0.469 
result for recall@ 10
1779 19489 36944 54233 71373 88436 105401 122328 139217 156042 172798 189529 206182 222785 239326 255828 272294 288684 304981 321197 337303 353340 369305 385190 400996 416768 432513 448313 464295 480466 496631 511370 525918 540488 555075 569703 584382 599131 613933 628831 643838 658960 674200 689578 705094 720773 736626 752675 768950 785489 802305 819483 837098 855239 873967 893205 912904 933065 953696 975313 1.00002e+06 
0.34081 0.5637 0.57387 0.57588 0.57664 0.57692 0.57704 0.57708 0.57708 0.57711 0.57711 0.57711 0.57711 0.57711 0.57711 0.57711 0.57711 0.57711 0.57711 0.57711 0.57711 0.57711 0.57711 0.57711 0.57711 0.57711 0.57711 0.57711 0.57711 0.57711 0.57711 0.57711 0.57711 0.57711 0.57711 0.57711 0.57711 0.57711 0.57711 0.57711 0.57711 0.57711 0.57711 0.57711 0.57711 0.57711 0.57711 0.57711 0.57711 0.57711 0.57711 0.57711 0.57711 0.57711 0.57711 0.57711 0.57711 0.57711 0.57711 0.57711 0.57711 
result for recall@ 100
1779 19489 36944 54233 71373 88436 105401 122328 139217 156042 172798 189529 206182 222785 239326 255828 272294 288684 304981 321197 337303 353340 369305 385190 400996 416768 432513 448313 464295 480466 496631 511370 525918 540488 555075 569703 584382 599131 613933 628831 643838 658960 674200 689578 705094 720773 736626 752675 768950 785489 802305 819483 837098 855239 873967 893205 912904 933065 953696 975313 1.00002e+06 
0.320843 0.621735 0.640506 0.645392 0.647002 0.647663 0.647979 0.648104 0.648168 0.648203 0.648233 0.648235 0.648237 0.648239 0.648241 0.648241 0.648241 0.648241 0.648242 0.648242 0.648242 0.648242 0.648242 0.648242 0.648242 0.648242 0.648242 0.648242 0.648242 0.648242 0.648242 0.648242 0.648242 0.648242 0.648242 0.648242 0.648242 0.648242 0.648242 0.648242 0.648242 0.648242 0.648242 0.648242 0.648242 0.648242 0.648242 0.648242 0.648242 0.648242 0.648242 0.648242 0.648242 0.648242 0.648242 0.648242 0.648242 0.648242 0.648242 0.648242 0.648242 
Kmeans with centroids: 650
Distance computation
57172.1 13121
54973.3 11389.6
54258.8 10718.7
53887.6 10373.2
53655.6 10155.5
53498.2 10005.6
53382.4 9895.72
53292.4 9814.07
53221.2 9749.88
53159.4 9698.78
53111.3 9657.82
53068.8 9624.19
53031.7 9595.8
52998.5 9572.13
52970.4 9552
52946.9 9534.76
52922.1 9518.84
52903.9 9505.07
52883.6 9493.11
52867 9482.3
52851.3 9472.62
52837.3 9464.45
52825.4 9456.42
52813.7 9449.15
52802.8 9442.53
52793.5 9436.42
52784 9430.85
52775.1 9425.5
52767.6 9420.75
52760.3 9416.12
52753.2 9411.76
52746.3 9408
52740.2 9403.4
52733.8 9399.92
52728.4 9396.87
52722.8 9394.08
52717.1 9391.14
52712.2 9388.91
52706.4 9386.38
52701.9 9383.54
52697.1 9380.64
52693.4 9378.24
52688.8 9375.75
52685.2 9373.23
52681.6 9371.15
52677.7 9369
52673.8 9367.02
52671 9365.11
52667.7 9363.29
52664.4 9362.05
result for recall@ 1
1663 18115 34344 50420 66380 82247 98022 113726 129376 144966 160495 175996 191460 206863 222219 237507 252761 267899 283003 298040 313009 327874 342652 357340 371949 386487 401003 415529 430111 444726 459081 472619 486090 499633 513376 527325 540971 554476 567978 581483 595023 608631 622344 636153 650104 664166 678357 692686 707174 721834 736671 751695 766917 782348 797997 813883 830068 846574 863539 880939 898811 917200 936033 955390 976047 1.00002e+06 
0.2966 0.4668 0.4732 0.4741 0.4743 0.4742 0.4741 0.4742 0.4742 0.4742 0.4742 0.4742 0.4742 0.4742 0.4742 0.4742 0.4742 0.4742 0.4742 0.4742 0.4742 0.4742 0.4742 0.4742 0.4742 0.4742 0.4742 0.4742 0.4742 0.4742 0.4742 0.4742 0.4742 0.4742 0.4742 0.4742 0.4742 0.4742 0.4742 0.4742 0.4742 0.4742 0.4742 0.4742 0.4742 0.4742 0.4742 0.4742 0.4742 0.4742 0.4742 0.4742 0.4742 0.4742 0.4742 0.4742 0.4742 0.4742 0.4742 0.4742 0.4742 0.4742 0.4742 0.4742 0.4742 0.4742 
result for recall@ 10
1663 18115 34344 50420 66380 82247 98022 113726 129376 144966 160495 175996 191460 206863 222219 237507 252761 267899 283003 298040 313009 327874 342652 357340 371949 386487 401003 415529 430111 444726 459081 472619 486090 499633 513376 527325 540971 554476 567978 581483 595023 608631 622344 636153 650104 664166 678357 692686 707174 721834 736671 751695 766917 782348 797997 813883 830068 846574 863539 880939 898811 917200 936033 955390 976047 1.00002e+06 
0.3391 0.56344 0.57384 0.57564 0.57639 0.57669 0.57676 0.57679 0.57682 0.57685 0.57686 0.57686 0.57686 0.57687 0.57687 0.57687 0.57687 0.57687 0.57687 0.57687 0.57687 0.57687 0.57687 0.57687 0.57687 0.57687 0.57687 0.57687 0.57687 0.57687 0.57687 0.57687 0.57687 0.57687 0.57687 0.57687 0.57687 0.57687 0.57687 0.57687 0.57687 0.57687 0.57687 0.57687 0.57687 0.57687 0.57687 0.57687 0.57687 0.57687 0.57687 0.57687 0.57687 0.57687 0.57687 0.57687 0.57687 0.57687 0.57687 0.57687 0.57687 0.57687 0.57687 0.57687 0.57687 0.57687 
result for recall@ 100
1663 18115 34344 50420 66380 82247 98022 113726 129376 144966 160495 175996 191460 206863 222219 237507 252761 267899 283003 298040 313009 327874 342652 357340 371949 386487 401003 415529 430111 444726 459081 472619 486090 499633 513376 527325 540971 554476 567978 581483 595023 608631 622344 636153 650104 664166 678357 692686 707174 721834 736671 751695 766917 782348 797997 813883 830068 846574 863539 880939 898811 917200 936033 955390 976047 1.00002e+06 
0.315809 0.620717 0.640754 0.645985 0.647853 0.648687 0.648992 0.649139 0.649237 0.649291 0.649319 0.649341 0.649349 0.64935 0.649352 0.649353 0.649354 0.649354 0.649354 0.649354 0.649354 0.649354 0.649354 0.649355 0.649355 0.649355 0.649355 0.649355 0.649355 0.649355 0.649355 0.649355 0.649355 0.649355 0.649355 0.649355 0.649355 0.649355 0.649355 0.649355 0.649355 0.649355 0.649355 0.649355 0.649355 0.649355 0.649355 0.649355 0.649355 0.649355 0.649355 0.649355 0.649355 0.649355 0.649355 0.649355 0.649355 0.649355 0.649355 0.649355 0.649355 0.649355 0.649355 0.649355 0.649355 0.649355 
Kmeans with centroids: 700
Distance computation
56605.7 13055.1
54435.9 11341.6
53751.5 10669.7
53401.8 10321.3
53180.7 10104.6
53026 9955.63
52910.6 9847.56
52821.9 9765.59
52750.6 9702.49
52694.7 9652.7
52647.5 9612.31
52606.5 9578.86
52573.2 9551.63
52545 9527.29
52520.2 9506.14
52499.4 9489.13
52480.4 9472.67
52464.6 9459.44
52450.1 9447.25
52435.8 9436.37
52422.9 9426.7
52411.5 9417.72
52401.2 9410.08
52392.1 9403.02
52384.1 9396.83
52376.6 9390.92
52369.4 9385.48
52362.7 9380.71
52356 9375.9
52350.4 9371
52344.5 9366.64
52338.4 9362.69
52334 9359.04
52330.4 9356.4
52325.5 9352.96
52321 9349.57
52316.9 9346.54
52312.9 9343.66
52309.7 9341.09
52305.4 9338.18
52301.5 9335.64
52297.7 9333.16
52295 9330.81
52292.1 9328.81
52290.1 9327.25
52287.3 9325.36
52283.8 9323.74
52281.4 9322.24
52278.7 9320.19
52276.5 9318.51
result for recall@ 1
1541 16914 32142 47205 62168 77047 91853 106614 121333 135966 150559 165087 179582 194022 208424 222791 237073 251270 265427 279501 293518 307443 321272 334996 348653 362226 375705 389102 402489 415868 429264 442670 456113 469288 481848 494368 506945 519573 532039 544435 556854 569332 581859 594461 607113 619849 632659 645557 658519 671550 684688 697917 711278 724781 738405 752204 766185 780354 794705 809281 824135 839316 854902 870974 887518 904512 922022 940079 958714 978149 1.00002e+06 
0.2886 0.466 0.4724 0.4743 0.4748 0.4751 0.4752 0.4753 0.4753 0.4754 0.4754 0.4754 0.4754 0.4754 0.4754 0.4754 0.4754 0.4754 0.4754 0.4754 0.4754 0.4754 0.4754 0.4754 0.4754 0.4754 0.4754 0.4754 0.4754 0.4754 0.4754 0.4754 0.4754 0.4754 0.4754 0.4754 0.4754 0.4754 0.4754 0.4754 0.4754 0.4754 0.4754 0.4754 0.4754 0.4754 0.4754 0.4754 0.4754 0.4754 0.4754 0.4754 0.4754 0.4754 0.4754 0.4754 0.4754 0.4754 0.4754 0.4754 0.4754 0.4754 0.4754 0.4754 0.4754 0.4754 0.4754 0.4754 0.4754 0.4754 0.4754 
result for recall@ 10
1541 16914 32142 47205 62168 77047 91853 106614 121333 135966 150559 165087 179582 194022 208424 222791 237073 251270 265427 279501 293518 307443 321272 334996 348653 362226 375705 389102 402489 415868 429264 442670 456113 469288 481848 494368 506945 519573 532039 544435 556854 569332 581859 594461 607113 619849 632659 645557 658519 671550 684688 697917 711278 724781 738405 752204 766185 780354 794705 809281 824135 839316 854902 870974 887518 904512 922022 940079 958714 978149 1.00002e+06 
0.33484 0.56266 0.57381 0.57645 0.57743 0.57776 0.57788 0.57793 0.57798 0.57803 0.57803 0.57804 0.57805 0.57805 0.57805 0.57805 0.57805 0.57805 0.57805 0.57805 0.57805 0.57805 0.57805 0.57805 0.57805 0.57805 0.57805 0.57805 0.57805 0.57805 0.57805 0.57805 0.57805 0.57805 0.57805 0.57805 0.57805 0.57805 0.57805 0.57805 0.57805 0.57805 0.57805 0.57805 0.57805 0.57805 0.57805 0.57805 0.57805 0.57805 0.57805 0.57805 0.57805 0.57805 0.57805 0.57805 0.57805 0.57805 0.57805 0.57805 0.57805 0.57805 0.57805 0.57805 0.57805 0.57805 0.57805 0.57805 0.57805 0.57805 0.57805 
result for recall@ 100
1541 16914 32142 47205 62168 77047 91853 106614 121333 135966 150559 165087 179582 194022 208424 222791 237073 251270 265427 279501 293518 307443 321272 334996 348653 362226 375705 389102 402489 415868 429264 442670 456113 469288 481848 494368 506945 519573 532039 544435 556854 569332 581859 594461 607113 619849 632659 645557 658519 671550 684688 697917 711278 724781 738405 752204 766185 780354 794705 809281 824135 839316 854902 870974 887518 904512 922022 940079 958714 978149 1.00002e+06 
0.309985 0.619509 0.640648 0.646131 0.648104 0.648986 0.649407 0.649615 0.649721 0.649784 0.649808 0.649824 0.649831 0.649837 0.649843 0.649846 0.649846 0.649847 0.649849 0.649849 0.649849 0.649849 0.649849 0.649849 0.649849 0.649849 0.649849 0.649849 0.649849 0.649849 0.649849 0.649849 0.649849 0.649849 0.649849 0.649849 0.649849 0.649849 0.649849 0.649849 0.649849 0.649849 0.649849 0.649849 0.649849 0.649849 0.649849 0.649849 0.649849 0.649849 0.649849 0.649849 0.649849 0.649849 0.649849 0.649849 0.649849 0.649849 0.649849 0.649849 0.649849 0.649849 0.649849 0.649849 0.649849 0.649849 0.649849 0.649849 0.649849 0.649849 0.649849 
Kmeans with centroids: 750
Distance computation
56337.9 12985.9
54220.7 11316.1
53510.5 10646.6
53140.2 10299
52909.1 10082.2
52750.6 9933.89
52633 9825.44
52542.7 9742.77
52470.3 9677.37
52409.4 9624.24
52361.3 9580.99
52320.1 9545.85
52284.1 9516.65
52252 9492.57
52224.1 9471.27
52199 9453.45
52175.9 9437.83
52156.7 9424.05
52139.7 9411.73
52124.6 9400.59
52110.5 9391.01
52097.3 9381.49
52085.9 9372.99
52075.7 9365.13
52067.6 9358.52
52058.6 9351.95
52051.6 9346
52043.5 9340.75
52036.1 9336.09
52028.8 9331.47
52022.5 9327.37
52016.9 9323.12
52011 9319.9
52005 9316.14
51999.1 9312.68
51993.2 9309.43
51987.5 9306.45
51982.9 9303.34
51979.4 9300.52
51974.5 9297.56
51971 9295.09
51967.2 9292.58
51963 9289.99
51959.1 9287.95
51956.1 9286.02
51952.7 9284.3
51948.8 9282.46
51945.7 9280.49
51942.4 9278.55
51938.9 9276.95
result for recall@ 1
1437 15754 29867 43845 57709 71483 85186 98854 112481 126077 139637 153147 166618 180062 193463 206821 220137 233414 246652 259869 273013 286111 299182 312168 325070 337913 350664 363362 376033 388602 401108 413640 426188 438850 451584 464436 477344 489590 501608 513445 524972 536467 547981 559527 571131 582786 594511 606292 618151 630068 642062 654144 666295 678536 690879 703297 715843 728504 741258 754158 767203 780399 793767 807307 821070 835086 849395 864094 879181 894660 910530 926800 943433 960508 978770 1.00002e+06 
0.2933 0.4722 0.4801 0.4819 0.4825 0.4825 0.4825 0.4824 0.4824 0.4825 0.4825 0.4825 0.4825 0.4825 0.4825 0.4825 0.4825 0.4825 0.4825 0.4825 0.4825 0.4825 0.4825 0.4825 0.4825 0.4825 0.4825 0.4825 0.4825 0.4825 0.4825 0.4825 0.4825 0.4825 0.4825 0.4825 0.4825 0.4825 0.4825 0.4825 0.4825 0.4825 0.4825 0.4825 0.4825 0.4825 0.4825 0.4825 0.4825 0.4825 0.4825 0.4825 0.4825 0.4825 0.4825 0.4825 0.4825 0.4825 0.4825 0.4825 0.4825 0.4825 0.4825 0.4825 0.4825 0.4825 0.4825 0.4825 0.4825 0.4825 0.4825 0.4825 0.4825 0.4825 0.4825 0.4825 
result for recall@ 10
1437 15754 29867 43845 57709 71483 85186 98854 112481 126077 139637 153147 166618 180062 193463 206821 220137 233414 246652 259869 273013 286111 299182 312168 325070 337913 350664 363362 376033 388602 401108 413640 426188 438850 451584 464436 477344 489590 501608 513445 524972 536467 547981 559527 571131 582786 594511 606292 618151 630068 642062 654144 666295 678536 690879 703297 715843 728504 741258 754158 767203 780399 793767 807307 821070 835086 849395 864094 879181 894660 910530 926800 943433 960508 978770 1.00002e+06 
0.33269 0.56168 0.573 0.57615 0.57695 0.57726 0.57734 0.57745 0.57744 0.57748 0.57748 0.57749 0.57749 0.57749 0.57749 0.57749 0.57749 0.57749 0.57749 0.57749 0.57749 0.57749 0.57749 0.57749 0.57749 0.57749 0.57749 0.57749 0.57749 0.57749 0.57749 0.57749 0.57749 0.57749 0.57749 0.57749 0.57749 0.57749 0.57749 0.57749 0.57749 0.57749 0.57749 0.57749 0.57749 0.57749 0.57749 0.57749 0.57749 0.57749 0.57749 0.57749 0.57749 0.57749 0.57749 0.57749 0.57749 0.57749 0.57749 0.57749 0.57749 0.57749 0.57749 0.57749 0.57749 0.57749 0.57749 0.57749 0.57749 0.57749 0.57749 0.57749 0.57749 0.57749 0.57749 0.57749 
result for recall@ 100
1437 15754 29867 43845 57709 71483 85186 98854 112481 126077 139637 153147 166618 180062 193463 206821 220137 233414 246652 259869 273013 286111 299182 312168 325070 337913 350664 363362 376033 388602 401108 413640 426188 438850 451584 464436 477344 489590 501608 513445 524972 536467 547981 559527 571131 582786 594511 606292 618151 630068 642062 654144 666295 678536 690879 703297 715843 728504 741258 754158 767203 780399 793767 807307 821070 835086 849395 864094 879181 894660 910530 926800 943433 960508 978770 1.00002e+06 
0.305807 0.617494 0.640077 0.646151 0.648286 0.649168 0.649629 0.64987 0.649999 0.650082 0.650119 0.650144 0.650151 0.65016 0.650167 0.650169 0.650174 0.650177 0.650176 0.650176 0.650177 0.650177 0.650177 0.650178 0.650178 0.650178 0.650178 0.650178 0.650178 0.650178 0.650178 0.650178 0.650178 0.650178 0.650178 0.650178 0.650178 0.650178 0.650178 0.650178 0.650178 0.650178 0.650178 0.650178 0.650178 0.650178 0.650178 0.650178 0.650178 0.650178 0.650178 0.650178 0.650178 0.650178 0.650178 0.650178 0.650178 0.650178 0.650178 0.650178 0.650178 0.650178 0.650178 0.650178 0.650178 0.650178 0.650178 0.650178 0.650178 0.650178 0.650178 0.650178 0.650178 0.650178 0.650178 0.650178 
Kmeans with centroids: 800
Distance computation
56110 12984
53935.3 11282.4
53233.8 10616.3
52869.4 10273.5
52639.4 10056.3
52478 9907.71
52359 9799.58
52265.3 9717.12
52190.3 9651.55
52128.3 9599.29
52076.1 9557.19
52032.5 9522.24
51993.7 9492.35
51961.3 9466.67
51933.2 9444.4
51907.9 9424.31
51886.6 9408.08
51867.8 9393.48
51850.6 9380.64
51835.6 9369.96
51821.6 9359.59
51808.7 9350.47
51796.8 9342.38
51786.3 9334.23
51776.4 9327.46
51766.1 9320.76
51757.8 9315.06
51750.4 9309.75
51742.3 9304.94
51735.4 9300.55
51728.9 9296.63
51722 9292.87
51714.9 9288.91
51709.6 9285.7
51704.5 9282.89
51698.7 9279.9
51695 9277.18
51690 9274.61
51685.4 9272.08
51680.6 9269.49
51676 9267.37
51673 9265.43
51670.3 9263.06
51667.1 9261.2
51664.1 9259.32
51661.4 9257.17
51658.7 9255.71
51656.1 9254.13
51653.8 9252.25
51651.4 9250.34
result for recall@ 1
1337 14656 27757 40722 53591 66378 79092 91756 104376 116951 129500 141995 154486 166938 179375 191784 204164 216525 228838 241142 253414 265661 277910 290103 302283 314416 326509 338550 350558 362516 374425 386324 398212 410106 422020 433972 446034 458243 470649 483213 495557 506740 517716 528658 539581 550497 561434 572398 583388 594419 605476 616581 627733 638929 650201 661520 672900 684349 695887 707512 719211 731024 742944 754973 767130 779457 791953 804657 817581 830714 844119 857791 871741 886015 900622 915543 930817 946525 962774 980048 1.00002e+06 
0.2883 0.4717 0.4786 0.4797 0.4807 0.4811 0.4817 0.4817 0.4817 0.4817 0.4817 0.4817 0.4817 0.4817 0.4817 0.4817 0.4817 0.4817 0.4817 0.4817 0.4817 0.4817 0.4817 0.4817 0.4817 0.4817 0.4817 0.4817 0.4817 0.4817 0.4817 0.4817 0.4817 0.4817 0.4817 0.4817 0.4817 0.4817 0.4817 0.4817 0.4817 0.4817 0.4817 0.4817 0.4817 0.4817 0.4817 0.4817 0.4817 0.4817 0.4817 0.4817 0.4817 0.4817 0.4817 0.4817 0.4817 0.4817 0.4817 0.4817 0.4817 0.4817 0.4817 0.4817 0.4817 0.4817 0.4817 0.4817 0.4817 0.4817 0.4817 0.4817 0.4817 0.4817 0.4817 0.4817 0.4817 0.4817 0.4817 0.4817 0.4817 
result for recall@ 10
1337 14656 27757 40722 53591 66378 79092 91756 104376 116951 129500 141995 154486 166938 179375 191784 204164 216525 228838 241142 253414 265661 277910 290103 302283 314416 326509 338550 350558 362516 374425 386324 398212 410106 422020 433972 446034 458243 470649 483213 495557 506740 517716 528658 539581 550497 561434 572398 583388 594419 605476 616581 627733 638929 650201 661520 672900 684349 695887 707512 719211 731024 742944 754973 767130 779457 791953 804657 817581 830714 844119 857791 871741 886015 900622 915543 930817 946525 962774 980048 1.00002e+06 
0.32965 0.56341 0.57637 0.57915 0.58019 0.58067 0.5809 0.58095 0.58096 0.58099 0.58103 0.58104 0.58105 0.58105 0.58105 0.58105 0.58105 0.58105 0.58105 0.58105 0.58105 0.58105 0.58105 0.58105 0.58105 0.58105 0.58105 0.58105 0.58105 0.58105 0.58105 0.58105 0.58105 0.58105 0.58105 0.58105 0.58105 0.58105 0.58105 0.58105 0.58105 0.58105 0.58105 0.58105 0.58105 0.58105 0.58105 0.58105 0.58105 0.58105 0.58105 0.58105 0.58105 0.58105 0.58105 0.58105 0.58105 0.58105 0.58105 0.58105 0.58105 0.58105 0.58105 0.58105 0.58105 0.58105 0.58105 0.58105 0.58105 0.58105 0.58105 0.58105 0.58105 0.58105 0.58105 0.58105 0.58105 0.58105 0.58105 0.58105 0.58105 
result for recall@ 100
1337 14656 27757 40722 53591 66378 79092 91756 104376 116951 129500 141995 154486 166938 179375 191784 204164 216525 228838 241142 253414 265661 277910 290103 302283 314416 326509 338550 350558 362516 374425 386324 398212 410106 422020 433972 446034 458243 470649 483213 495557 506740 517716 528658 539581 550497 561434 572398 583388 594419 605476 616581 627733 638929 650201 661520 672900 684349 695887 707512 719211 731024 742944 754973 767130 779457 791953 804657 817581 830714 844119 857791 871741 886015 900622 915543 930817 946525 962774 980048 1.00002e+06 
0.301471 0.615998 0.639916 0.646369 0.648768 0.649881 0.650455 0.650767 0.650946 0.651026 0.651076 0.651106 0.651126 0.651141 0.651151 0.651155 0.651159 0.651161 0.651162 0.651162 0.651162 0.651162 0.651162 0.651162 0.651162 0.651162 0.651162 0.651162 0.651162 0.651162 0.651162 0.651162 0.651162 0.651162 0.651162 0.651162 0.651162 0.651162 0.651162 0.651162 0.651162 0.651162 0.651162 0.651162 0.651162 0.651162 0.651162 0.651162 0.651162 0.651162 0.651162 0.651162 0.651162 0.651162 0.651162 0.651162 0.651162 0.651162 0.651162 0.651162 0.651162 0.651162 0.651162 0.651162 0.651162 0.651162 0.651162 0.651162 0.651162 0.651162 0.651162 0.651162 0.651162 0.651162 0.651162 0.651162 0.651162 0.651162 0.651162 0.651162 0.651162 
Kmeans with centroids: 850
Distance computation
55613.4 12828.8
53566.1 11205.1
52895 10561.1
52539.9 10227.3
52311.8 10014.4
52150.4 9867.51
52033.2 9759.27
51943 9677.14
51870.4 9613.81
51814.7 9562.92
51766.6 9521.56
51726.8 9487.06
51691.2 9458.11
51661.7 9433.55
51635.6 9412.33
51612.6 9394.29
51591.4 9377.83
51573.6 9363.81
51555.8 9351.92
51541.2 9340.51
51528.2 9330.26
51515.4 9321.33
51503.7 9312.86
51493.6 9305.46
51483.9 9298.49
51473.6 9292.4
51465.2 9286.5
51457.5 9281.64
51450.8 9276.39
51444 9272.35
51436.6 9268.12
51429.3 9264.53
51422.9 9260.3
51416.4 9257.01
51410.2 9253.79
51405 9251.44
51401 9248.41
51395.9 9245.5
51391.3 9243.54
51386.5 9241.07
51381.6 9238.7
51377.5 9236.03
51374 9233.74
51370.5 9231.79
51368 9230.06
51364.8 9228.22
51361.8 9226.34
51358.9 9224.85
51356.3 9223.38
51354.2 9222.14
result for recall@ 1
1265 13848 26253 38531 50704 62813 74851 86865 98820 110729 122605 134446 146253 158034 169790 181515 193215 204888 216533 228158 239734 251272 262791 274247 285671 297066 308412 319707 330952 342147 353318 364454 375572 386673 397763 408899 420068 431297 442603 454008 465587 477327 488779 499885 510619 521013 531349 541664 551983 562306 572658 583017 593421 603835 614286 624763 635296 645874 656505 667211 677982 688827 699745 710748 721832 733009 744268 755619 767076 778662 790347 802165 814152 826313 838675 851270 864114 877255 890750 904608 918883 933565 948653 964234 980866 1.00002e+06 
0.289 0.4659 0.4752 0.477 0.4777 0.4777 0.4779 0.4779 0.4781 0.4781 0.4781 0.4781 0.4781 0.4781 0.4781 0.4781 0.4781 0.4781 0.4781 0.4781 0.4781 0.4781 0.4781 0.4781 0.4781 0.4781 0.4781 0.4781 0.4781 0.4781 0.4781 0.4781 0.4781 0.4781 0.4781 0.4781 0.4781 0.4781 0.4781 0.4781 0.4781 0.4781 0.4781 0.4781 0.4781 0.4781 0.4781 0.4781 0.4781 0.4781 0.4781 0.4781 0.4781 0.4781 0.4781 0.4781 0.4781 0.4781 0.4781 0.4781 0.4781 0.4781 0.4781 0.4781 0.4781 0.4781 0.4781 0.4781 0.4781 0.4781 0.4781 0.4781 0.4781 0.4781 0.4781 0.4781 0.4781 0.4781 0.4781 0.4781 0.4781 0.4781 0.4781 0.4781 0.4781 0.4781 
result for recall@ 10
1265 13848 26253 38531 50704 62813 74851 86865 98820 110729 122605 134446 146253 158034 169790 181515 193215 204888 216533 228158 239734 251272 262791 274247 285671 297066 308412 319707 330952 342147 353318 364454 375572 386673 397763 408899 420068 431297 442603 454008 465587 477327 488779 499885 510619 521013 531349 541664 551983 562306 572658 583017 593421 603835 614286 624763 635296 645874 656505 667211 677982 688827 699745 710748 721832 733009 744268 755619 767076 778662 790347 802165 814152 826313 838675 851270 864114 877255 890750 904608 918883 933565 948653 964234 980866 1.00002e+06 
0.32653 0.56197 0.57537 0.5781 0.57957 0.57999 0.58015 0.58034 0.58042 0.58048 0.5805 0.58052 0.58053 0.58055 0.58055 0.58056 0.58056 0.58056 0.58056 0.58056 0.58056 0.58056 0.58056 0.58056 0.58056 0.58056 0.58056 0.58056 0.58056 0.58056 0.58056 0.58056 0.58056 0.58056 0.58056 0.58056 0.58056 0.58056 0.58056 0.58056 0.58056 0.58056 0.58056 0.58056 0.58056 0.58056 0.58056 0.58056 0.58056 0.58056 0.58056 0.58056 0.58056 0.58056 0.58056 0.58056 0.58056 0.58056 0.58056 0.58056 0.58056 0.58056 0.58056 0.58056 0.58056 0.58056 0.58056 0.58056 0.58056 0.58056 0.58056 0.58056 0.58056 0.58056 0.58056 0.58056 0.58056 0.58056 0.58056 0.58056 0.58056 0.58056 0.58056 0.58056 0.58056 0.58056 
result for recall@ 100
1265 13848 26253 38531 50704 62813 74851 86865 98820 110729 122605 134446 146253 158034 169790 181515 193215 204888 216533 228158 239734 251272 262791 274247 285671 297066 308412 319707 330952 342147 353318 364454 375572 386673 397763 408899 420068 431297 442603 454008 465587 477327 488779 499885 510619 521013 531349 541664 551983 562306 572658 583017 593421 603835 614286 624763 635296 645874 656505 667211 677982 688827 699745 710748 721832 733009 744268 755619 767076 778662 790347 802165 814152 826313 838675 851270 864114 877255 890750 904608 918883 933565 948653 964234 980866 1.00002e+06 
0.297588 0.6152 0.640179 0.647124 0.64979 0.650971 0.651581 0.651859 0.652009 0.652111 0.652166 0.652197 0.652211 0.652221 0.652231 0.652238 0.652241 0.65224 0.652242 0.652244 0.652244 0.652244 0.652244 0.652244 0.652246 0.652246 0.652246 0.652246 0.652246 0.652246 0.652246 0.652246 0.652246 0.652246 0.652246 0.652246 0.652246 0.652246 0.652246 0.652246 0.652246 0.652246 0.652246 0.652246 0.652246 0.652246 0.652246 0.652246 0.652246 0.652246 0.652246 0.652246 0.652246 0.652246 0.652246 0.652246 0.652246 0.652246 0.652246 0.652246 0.652246 0.652246 0.652246 0.652246 0.652246 0.652246 0.652246 0.652246 0.652246 0.652246 0.652246 0.652246 0.652246 0.652246 0.652246 0.652246 0.652246 0.652246 0.652246 0.652246 0.652246 0.652246 0.652246 0.652246 0.652246 0.652246 
Kmeans with centroids: 900
Distance computation
55454.7 12833.6
53352 11189.3
52652.3 10541.7
52283.2 10203
52056.1 9990.15
51901.1 9840.38
51786.5 9731.82
51697.4 9648.99
51625.9 9584.54
51567.5 9532.29
51518.2 9490.48
51474.9 9455.5
51438.3 9425.77
51407.5 9400.88
51378.7 9380.93
51354 9362.95
51331.1 9347.2
51310.4 9333.19
51291.6 9321.88
51275.5 9311.33
51260.2 9301.7
51245.2 9293.04
51231.2 9284.98
51219.6 9277.45
51208.6 9270.86
51198.2 9264.88
51188.3 9259.58
51179.9 9255
51171.8 9249.92
51163.9 9245.71
51155.8 9241.35
51148.9 9237.41
51142 9233.33
51136.7 9229.93
51131.4 9226.26
51125.6 9222.18
51120.5 9219.63
51116.4 9216.65
51112.7 9213.78
51108.8 9211.06
51104.5 9208.59
51101.1 9206
51098 9203.36
51094.1 9201.42
51090.9 9199.51
51087.3 9197.31
51084.1 9195.41
51080.4 9193.77
51077.9 9191.8
51075.6 9190.42
result for recall@ 1
1194 13113 24872 36503 48062 59551 70975 82350 93705 105016 116291 127520 138729 149922 161067 172198 183299 194374 205430 216456 227449 238416 249342 260241 271118 281973 292785 303552 314299 324997 335628 346228 356801 367338 377853 388353 398847 409366 419894 430461 441076 451735 462466 473249 483556 493824 504171 514296 524107 533866 543613 553378 563153 572952 582780 592637 602525 612458 622405 632394 642421 652497 662639 672818 683054 693354 703705 714128 724604 735145 745782 756493 767287 778186 789201 800358 811672 823163 834879 846813 858996 871406 884092 897051 910275 923773 937581 951765 966509 982191 1.00002e+06 
0.281 0.467 0.4761 0.4776 0.478 0.4784 0.4784 0.4785 0.4785 0.4785 0.4785 0.4785 0.4785 0.4785 0.4785 0.4785 0.4785 0.4785 0.4785 0.4785 0.4785 0.4785 0.4785 0.4785 0.4785 0.4785 0.4785 0.4785 0.4785 0.4785 0.4785 0.4785 0.4785 0.4785 0.4785 0.4785 0.4785 0.4785 0.4785 0.4785 0.4785 0.4785 0.4785 0.4785 0.4785 0.4785 0.4785 0.4785 0.4785 0.4785 0.4785 0.4785 0.4785 0.4785 0.4785 0.4785 0.4785 0.4785 0.4785 0.4785 0.4785 0.4785 0.4785 0.4785 0.4785 0.4785 0.4785 0.4785 0.4785 0.4785 0.4785 0.4785 0.4785 0.4785 0.4785 0.4785 0.4785 0.4785 0.4785 0.4785 0.4785 0.4785 0.4785 0.4785 0.4785 0.4785 0.4785 0.4785 0.4785 0.4785 0.4785 
result for recall@ 10
1194 13113 24872 36503 48062 59551 70975 82350 93705 105016 116291 127520 138729 149922 161067 172198 183299 194374 205430 216456 227449 238416 249342 260241 271118 281973 292785 303552 314299 324997 335628 346228 356801 367338 377853 388353 398847 409366 419894 430461 441076 451735 462466 473249 483556 493824 504171 514296 524107 533866 543613 553378 563153 572952 582780 592637 602525 612458 622405 632394 642421 652497 662639 672818 683054 693354 703705 714128 724604 735145 745782 756493 767287 778186 789201 800358 811672 823163 834879 846813 858996 871406 884092 897051 910275 923773 937581 951765 966509 982191 1.00002e+06 
0.32651 0.5625 0.5759 0.57878 0.57996 0.58053 0.58082 0.58094 0.58096 0.58099 0.58101 0.58101 0.58102 0.58105 0.58105 0.58105 0.58105 0.58105 0.58105 0.58105 0.58105 0.58105 0.58105 0.58105 0.58105 0.58105 0.58105 0.58105 0.58105 0.58105 0.58105 0.58105 0.58105 0.58105 0.58105 0.58105 0.58105 0.58105 0.58105 0.58105 0.58105 0.58105 0.58105 0.58105 0.58105 0.58105 0.58105 0.58105 0.58105 0.58105 0.58105 0.58105 0.58105 0.58105 0.58105 0.58105 0.58105 0.58105 0.58105 0.58105 0.58105 0.58105 0.58105 0.58105 0.58105 0.58105 0.58105 0.58105 0.58105 0.58105 0.58105 0.58105 0.58105 0.58105 0.58105 0.58105 0.58105 0.58105 0.58105 0.58105 0.58105 0.58105 0.58105 0.58105 0.58105 0.58105 0.58105 0.58105 0.58105 0.58105 0.58105 
result for recall@ 100
1194 13113 24872 36503 48062 59551 70975 82350 93705 105016 116291 127520 138729 149922 161067 172198 183299 194374 205430 216456 227449 238416 249342 260241 271118 281973 292785 303552 314299 324997 335628 346228 356801 367338 377853 388353 398847 409366 419894 430461 441076 451735 462466 473249 483556 493824 504171 514296 524107 533866 543613 553378 563153 572952 582780 592637 602525 612458 622405 632394 642421 652497 662639 672818 683054 693354 703705 714128 724604 735145 745782 756493 767287 778186 789201 800358 811672 823163 834879 846813 858996 871406 884092 897051 910275 923773 937581 951765 966509 982191 1.00002e+06 
0.293447 0.61358 0.638877 0.646112 0.648863 0.650116 0.6508 0.651165 0.651377 0.651497 0.651572 0.651598 0.651624 0.651656 0.651671 0.651678 0.651686 0.651693 0.651697 0.651699 0.651699 0.651699 0.651699 0.651699 0.651699 0.651699 0.651699 0.651699 0.651699 0.651699 0.651699 0.651699 0.651699 0.651699 0.651699 0.651699 0.651699 0.651699 0.651699 0.651699 0.651699 0.651699 0.651699 0.651699 0.651699 0.651699 0.651699 0.651699 0.651699 0.651699 0.651699 0.651699 0.651699 0.651699 0.651699 0.651699 0.651699 0.651699 0.651699 0.651699 0.651699 0.651699 0.651699 0.651699 0.651699 0.651699 0.651699 0.651699 0.651699 0.651699 0.651699 0.651699 0.651699 0.651699 0.651699 0.651699 0.651699 0.651699 0.651699 0.651699 0.651699 0.651699 0.651699 0.651699 0.651699 0.651699 0.651699 0.651699 0.651699 0.651699 0.651699 
Kmeans with centroids: 950
Distance computation
55168.6 12739.2
53083.4 11147.1
52393.3 10508.8
52022.9 10174.2
51781.8 9962.93
51611.5 9814.71
51487.3 9704.86
51391.2 9619.99
51315.3 9554.94
51257.2 9501.99
51210.8 9459.19
51172.6 9423.94
51140.9 9395.04
51113.4 9371.17
51089.5 9350.81
51069.1 9333.75
51049.6 9318.38
51032.5 9305.13
51016 9293.31
51001.9 9282.97
50989.3 9273.7
50977.8 9265.08
50967.5 9257.45
50957.9 9250.4
50948.7 9244.37
50938.6 9238.33
50930.4 9233
50923.2 9227.83
50915.8 9222.76
50908.7 9217.71
50901.8 9212.96
50896.4 9209.18
50890.5 9205.14
50885.3 9201.81
50878.8 9198.31
50874.3 9194.97
50869.6 9191.75
50865.4 9189
50860.7 9186.29
50857 9183.36
50853.4 9180.72
50850.2 9178.43
50846.9 9176.55
50843.1 9174.39
50839.1 9172.23
50835.8 9170.35
50833 9168.36
50830.4 9166.75
50828.5 9165.23
50826.4 9163.47
result for recall@ 1
1132 12430 23540 34546 45480 56330 67128 77883 88608 99289 109932 120550 131147 141698 152228 162742 173220 183695 194158 204593 215026 225425 235823 246184 256517 266831 277124 287388 297622 307845 318031 328196 338329 348442 358492 368514 378509 388490 398454 408422 418397 428376 438386 448469 458656 468984 479465 489475 499378 508941 518138 527287 536399 545515 554657 563820 572994 582201 591437 600695 609989 619315 628678 638081 647525 657018 666555 676149 685789 695495 705248 715069 724963 734937 744997 755141 765377 775716 786176 796778 807540 818454 829554 840842 852335 864032 875969 888128 900511 913145 926035 939220 952767 966790 981969 1.00002e+06 
0.2772 0.4576 0.4661 0.4685 0.4702 0.4701 0.4702 0.4703 0.4703 0.4704 0.4704 0.4704 0.4704 0.4704 0.4704 0.4704 0.4704 0.4704 0.4704 0.4704 0.4704 0.4704 0.4704 0.4704 0.4704 0.4704 0.4704 0.4704 0.4704 0.4704 0.4704 0.4704 0.4704 0.4704 0.4704 0.4704 0.4704 0.4704 0.4704 0.4704 0.4704 0.4704 0.4704 0.4704 0.4704 0.4704 0.4704 0.4704 0.4704 0.4704 0.4704 0.4704 0.4704 0.4704 0.4704 0.4704 0.4704 0.4704 0.4704 0.4704 0.4704 0.4704 0.4704 0.4704 0.4704 0.4704 0.4704 0.4704 0.4704 0.4704 0.4704 0.4704 0.4704 0.4704 0.4704 0.4704 0.4704 0.4704 0.4704 0.4704 0.4704 0.4704 0.4704 0.4704 0.4704 0.4704 0.4704 0.4704 0.4704 0.4704 0.4704 0.4704 0.4704 0.4704 0.4704 0.4704 
result for recall@ 10
1132 12430 23540 34546 45480 56330 67128 77883 88608 99289 109932 120550 131147 141698 152228 162742 173220 183695 194158 204593 215026 225425 235823 246184 256517 266831 277124 287388 297622 307845 318031 328196 338329 348442 358492 368514 378509 388490 398454 408422 418397 428376 438386 448469 458656 468984 479465 489475 499378 508941 518138 527287 536399 545515 554657 563820 572994 582201 591437 600695 609989 619315 628678 638081 647525 657018 666555 676149 685789 695495 705248 715069 724963 734937 744997 755141 765377 775716 786176 796778 807540 818454 829554 840842 852335 864032 875969 888128 900511 913145 926035 939220 952767 966790 981969 1.00002e+06 
0.32247 0.56073 0.57412 0.57812 0.5795 0.58014 0.58044 0.5806 0.5807 0.58071 0.5807 0.58073 0.58074 0.58076 0.58076 0.58076 0.58077 0.58077 0.58077 0.58077 0.58077 0.58077 0.58078 0.58078 0.58078 0.58078 0.58078 0.58078 0.58078 0.58078 0.58078 0.58078 0.58078 0.58078 0.58078 0.58078 0.58078 0.58078 0.58078 0.58078 0.58078 0.58078 0.58078 0.58078 0.58078 0.58078 0.58078 0.58078 0.58078 0.58078 0.58078 0.58078 0.58078 0.58078 0.58078 0.58078 0.58078 0.58078 0.58078 0.58078 0.58078 0.58078 0.58078 0.58078 0.58078 0.58078 0.58078 0.58078 0.58078 0.58078 0.58078 0.58078 0.58078 0.58078 0.58078 0.58078 0.58078 0.58078 0.58078 0.58078 0.58078 0.58078 0.58078 0.58078 0.58078 0.58078 0.58078 0.58078 0.58078 0.58078 0.58078 0.58078 0.58078 0.58078 0.58078 0.58078 
result for recall@ 100
1132 12430 23540 34546 45480 56330 67128 77883 88608 99289 109932 120550 131147 141698 152228 162742 173220 183695 194158 204593 215026 225425 235823 246184 256517 266831 277124 287388 297622 307845 318031 328196 338329 348442 358492 368514 378509 388490 398454 408422 418397 428376 438386 448469 458656 468984 479465 489475 499378 508941 518138 527287 536399 545515 554657 563820 572994 582201 591437 600695 609989 619315 628678 638081 647525 657018 666555 676149 685789 695495 705248 715069 724963 734937 744997 755141 765377 775716 786176 796778 807540 818454 829554 840842 852335 864032 875969 888128 900511 913145 926035 939220 952767 966790 981969 1.00002e+06 
0.290393 0.612914 0.639019 0.64674 0.649805 0.65123 0.651922 0.652326 0.652558 0.652684 0.65278 0.652828 0.652863 0.652883 0.652906 0.652923 0.652931 0.65294 0.652942 0.652944 0.652945 0.652945 0.652946 0.652946 0.652947 0.652947 0.652947 0.652948 0.652948 0.652948 0.652948 0.652948 0.652948 0.652948 0.652948 0.652948 0.652948 0.652948 0.652948 0.652948 0.652948 0.652948 0.652948 0.652948 0.652948 0.652948 0.652948 0.652948 0.652948 0.652948 0.652948 0.652948 0.652948 0.652948 0.652948 0.652948 0.652948 0.652948 0.652948 0.652948 0.652948 0.652948 0.652948 0.652948 0.652948 0.652948 0.652948 0.652948 0.652948 0.652948 0.652948 0.652948 0.652948 0.652948 0.652948 0.652948 0.652948 0.652948 0.652948 0.652948 0.652948 0.652948 0.652948 0.652948 0.652948 0.652948 0.652948 0.652948 0.652948 0.652948 0.652948 0.652948 0.652948 0.652948 0.652948 0.652948 
Kmeans with centroids: 1000
Distance computation
54889.7 12817.1
52839.6 11149.8
52160.2 10491.7
51798.9 10148.4
51574.5 9932.63
51420 9783.4
51305 9673.65
51215.6 9589.95
51143.6 9524.71
51083.3 9472.67
51031.2 9430.53
50986.4 9396.5
50947.9 9367.54
50916.2 9343.08
50888.2 9321.78
50862.6 9303.17
50840.9 9287.51
50821.6 9273.6
50805 9262.1
50789.3 9251.58
50776.5 9241.79
50764.4 9233.52
50752.2 9225.16
50741.6 9217.64
50731.5 9210.68
50721.8 9204.21
50713.3 9198.29
50706.3 9193.34
50698.6 9188.49
50691.5 9184.32
50685 9180.13
50679.8 9176.18
50674.5 9172.58
50668.8 9169.11
50662.7 9165.78
50657.6 9162.71
50652.9 9159.42
50648.3 9156.76
50643.7 9153.99
50639.8 9151.62
50636.2 9149.06
50633.2 9146.95
50629.9 9144.89
50626.6 9142.81
50624 9140.65
50620.4 9139.18
50617.8 9137.54
50615.7 9136.12
50613.1 9134.5
50610.5 9133.18
result for recall@ 1
1081 11854 22439 32918 43333 53681 63970 74211 84425 94625 104788 114916 125022 135112 145162 155181 165191 175180 185163 195118 205055 214968 224870 234766 244631 254474 264290 274090 283864 293597 303313 312994 322640 332270 341875 351459 360990 370502 379978 389450 398923 408410 417921 427466 437066 446703 456375 465510 474323 483117 491956 500884 509899 518990 527930 536723 545511 554292 563080 571881 580687 589526 598384 607272 616184 625143 634137 643180 652261 661407 670599 679835 689135 698478 707883 717341 726858 736428 746072 755799 765602 775481 785446 795488 805647 815915 826310 836853 847552 858450 869546 880906 892543 904450 916623 929050 941783 954864 968445 982976 1.00002e+06 
0.2818 0.4729 0.4817 0.4838 0.4838 0.4842 0.4845 0.4846 0.4846 0.4846 0.4846 0.4846 0.4846 0.4846 0.4846 0.4846 0.4846 0.4846 0.4846 0.4846 0.4846 0.4846 0.4846 0.4846 0.4846 0.4846 0.4846 0.4846 0.4846 0.4846 0.4846 0.4846 0.4846 0.4846 0.4846 0.4846 0.4846 0.4846 0.4846 0.4846 0.4846 0.4846 0.4846 0.4846 0.4846 0.4846 0.4846 0.4846 0.4846 0.4846 0.4846 0.4846 0.4846 0.4846 0.4846 0.4846 0.4846 0.4846 0.4846 0.4846 0.4846 0.4846 0.4846 0.4846 0.4846 0.4846 0.4846 0.4846 0.4846 0.4846 0.4846 0.4846 0.4846 0.4846 0.4846 0.4846 0.4846 0.4846 0.4846 0.4846 0.4846 0.4846 0.4846 0.4846 0.4846 0.4846 0.4846 0.4846 0.4846 0.4846 0.4846 0.4846 0.4846 0.4846 0.4846 0.4846 0.4846 0.4846 0.4846 0.4846 0.4846 
result for recall@ 10
1081 11854 22439 32918 43333 53681 63970 74211 84425 94625 104788 114916 125022 135112 145162 155181 165191 175180 185163 195118 205055 214968 224870 234766 244631 254474 264290 274090 283864 293597 303313 312994 322640 332270 341875 351459 360990 370502 379978 389450 398923 408410 417921 427466 437066 446703 456375 465510 474323 483117 491956 500884 509899 518990 527930 536723 545511 554292 563080 571881 580687 589526 598384 607272 616184 625143 634137 643180 652261 661407 670599 679835 689135 698478 707883 717341 726858 736428 746072 755799 765602 775481 785446 795488 805647 815915 826310 836853 847552 858450 869546 880906 892543 904450 916623 929050 941783 954864 968445 982976 1.00002e+06 
0.31933 0.56069 0.57483 0.5785 0.58014 0.58072 0.58097 0.58112 0.58119 0.58122 0.58123 0.58125 0.58125 0.58124 0.58124 0.58126 0.58126 0.58127 0.58127 0.58127 0.58127 0.58127 0.58127 0.58127 0.58127 0.58127 0.58127 0.58127 0.58127 0.58127 0.58127 0.58127 0.58127 0.58127 0.58127 0.58127 0.58127 0.58127 0.58127 0.58127 0.58127 0.58127 0.58127 0.58127 0.58127 0.58127 0.58127 0.58127 0.58127 0.58127 0.58127 0.58127 0.58127 0.58127 0.58127 0.58127 0.58127 0.58127 0.58127 0.58127 0.58127 0.58127 0.58127 0.58127 0.58127 0.58127 0.58127 0.58127 0.58127 0.58127 0.58127 0.58127 0.58127 0.58127 0.58127 0.58127 0.58127 0.58127 0.58127 0.58127 0.58127 0.58127 0.58127 0.58127 0.58127 0.58127 0.58127 0.58127 0.58127 0.58127 0.58127 0.58127 0.58127 0.58127 0.58127 0.58127 0.58127 0.58127 0.58127 0.58127 0.58127 
result for recall@ 100
1081 11854 22439 32918 43333 53681 63970 74211 84425 94625 104788 114916 125022 135112 145162 155181 165191 175180 185163 195118 205055 214968 224870 234766 244631 254474 264290 274090 283864 293597 303313 312994 322640 332270 341875 351459 360990 370502 379978 389450 398923 408410 417921 427466 437066 446703 456375 465510 474323 483117 491956 500884 509899 518990 527930 536723 545511 554292 563080 571881 580687 589526 598384 607272 616184 625143 634137 643180 652261 661407 670599 679835 689135 698478 707883 717341 726858 736428 746072 755799 765602 775481 785446 795488 805647 815915 826310 836853 847552 858450 869546 880906 892543 904450 916623 929050 941783 954864 968445 982976 1.00002e+06 
0.286578 0.61089 0.638004 0.64601 0.649188 0.650728 0.651532 0.651955 0.652195 0.652347 0.652426 0.652467 0.652499 0.652526 0.652541 0.652553 0.652565 0.652574 0.65258 0.652584 0.652588 0.652589 0.652589 0.652589 0.652589 0.652589 0.652589 0.652591 0.652591 0.652591 0.652591 0.652591 0.652591 0.652591 0.652591 0.652591 0.652591 0.652591 0.652591 0.652591 0.652591 0.652591 0.652591 0.652591 0.652591 0.652591 0.652591 0.652591 0.652591 0.652591 0.652591 0.652591 0.652591 0.652591 0.652591 0.652591 0.652591 0.652591 0.652591 0.652591 0.652591 0.652591 0.652591 0.652591 0.652591 0.652591 0.652591 0.652591 0.652591 0.652591 0.652591 0.652591 0.652591 0.652591 0.652591 0.652591 0.652591 0.652591 0.652591 0.652591 0.652591 0.652591 0.652591 0.652591 0.652591 0.652591 0.652591 0.652591 0.652591 0.652591 0.652591 0.652591 0.652591 0.652591 0.652591 0.652591 0.652591 0.652591 0.652591 0.652591 0.652591 
