Kmeans with centroids: 100
Distance computation
66785.3 14943.5
64388.8 12830
63469.4 12035.7
62938.2 11619.8
62617.4 11350.2
62380.1 11154.2
62215.5 11003.4
62083.8 10893.6
61989.9 10796
61924.6 10716.1
61863.5 10661.8
61816.4 10607.3
61771.1 10562
61733.7 10525.4
61702.5 10494.5
61671.8 10469.8
61646.9 10447.9
61617.8 10429.1
61585.4 10408.5
61562 10394.5
61543.6 10377.5
61525.9 10367.3
61510.8 10357.4
61492.3 10350.5
61469 10339.7
61444.3 10333.8
61427.8 10320.7
61416.5 10309.5
61405.5 10296.4
61397.9 10284.8
61392.2 10274.6
61388 10267.6
61384.5 10258.5
61382.5 10249.4
61381.5 10243.5
61380.3 10237.8
61379.3 10232.8
61379.1 10229.2
61378.4 10224.8
61378.1 10222.3
61377.5 10218.8
61377.5 10216.6
61377.4 10214.8
61377.2 10213.2
61377.2 10211.6
61377.1 10210.1
61377.1 10209.2
61377 10208.4
61377.1 10207.9
61377.1 10207.5
result for recall@ 1
115.86 1152.33 2152.91 3116.7 4002.97 4777.89 5601.74 6599.58 7646.64 8795.16 10000 
0.52 0.71 0.71 0.71 0.71 0.71 0.71 0.71 0.71 0.71 0.71 
result for recall@ 10
231.72 2304.66 4305.82 6233.4 8005.94 9555.78 11203.5 13199.2 15293.3 17590.3 20000 
0.546 0.819 0.821 0.822 0.822 0.822 0.822 0.822 0.822 0.822 0.822 
result for recall@ 100
347.58 3456.99 6458.73 9350.1 12008.9 14333.7 16805.2 19798.7 22939.9 26385.5 30000 
0.4147 0.8645 0.8836 0.8859 0.886 0.886 0.886 0.886 0.886 0.886 0.886 
Kmeans with centroids: 110
Distance computation
66163.4 14728.4
63730.3 12709.8
62763.1 11933.2
62259.9 11488.7
61933.2 11209.3
61739.1 11026.6
61605.9 10881.9
61507.2 10780.8
61426.3 10695.4
61360.6 10627.3
61308.3 10568.3
61266.5 10525.3
61227.9 10489.7
61196.8 10457.7
61171.1 10430.4
61154.7 10402.9
61144.3 10376.6
61135.5 10358.5
61124 10343.8
61115.1 10328.8
61106.4 10318.3
61098.9 10303.7
61095 10290.6
61089.8 10279.6
61085 10272
61081.9 10264.6
61078.5 10259.7
61074.8 10254
61071.5 10250.1
61067.5 10246.8
61063.5 10240
61061.1 10233.2
61058.1 10227.4
61056 10222.1
61054.3 10218.5
61052.6 10215.6
61051 10212.3
61049.5 10210.8
61047.5 10208.3
61045.9 10205.3
61044.3 10202.2
61043.1 10202.1
61040.1 10198.6
61037 10196.2
61035.1 10193.3
61034 10189.7
61033.8 10186.6
61033.5 10185.4
61032.8 10184.6
61032.2 10182.4
result for recall@ 1
132.09 1415.49 2643.75 3755.63 4568.58 5206.53 5826.51 6456.85 7196.07 8067.26 9025.82 10000 
0.5 0.71 0.71 0.71 0.71 0.71 0.71 0.71 0.71 0.71 0.71 0.71 
result for recall@ 10
264.18 2830.98 5287.5 7511.26 9137.16 10413.1 11653 12913.7 14392.1 16134.5 18051.6 20000 
0.516 0.818 0.823 0.823 0.823 0.823 0.823 0.823 0.823 0.823 0.823 0.823 
result for recall@ 100
396.27 4246.47 7931.25 11266.9 13705.7 15619.6 17479.5 19370.6 21588.2 24201.8 27077.5 30000 
0.3909 0.8699 0.8853 0.8869 0.8869 0.8871 0.8871 0.8871 0.8871 0.8871 0.8871 0.8871 
Kmeans with centroids: 120
Distance computation
65910.2 14962.3
63351.1 12857.4
