Kmeans with centroids: 100
Distance computation
65929.9 15268.5
63571.8 13113.7
62653.4 12222.8
62188.2 11754.3
61912.7 11438.8
61725.7 11228.9
61598.5 11081.1
61500.5 10959.7
61426.7 10867.7
61361.7 10791.9
61308 10722.2
61265.7 10661.6
61224.9 10612.4
61186.2 10573.3
61150.8 10537.2
61124.2 10502.9
61099.9 10475.8
61077.7 10453.3
61058.1 10432.4
61040.1 10413.6
61024.2 10392
61010.3 10378.1
60995.6 10359.5
60984 10341.1
60976.1 10328.3
60967.3 10316.3
60962 10303.4
60955.8 10291.5
60950 10282.8
60944.5 10277.5
60939.7 10268.5
60935.4 10259.8
60929.5 10256.2
60924.8 10252.4
60920.4 10246
60918.1 10238.2
60915.8 10232.6
60914.3 10229.6
60911.1 10227.3
60907.9 10222.8
60904.7 10222.1
60902.3 10218.6
60899.6 10216.4
60897.1 10212.4
60895.7 10208.3
60894.9 10203.2
60893.7 10201.7
60892 10199.9
60890.2 10197
60889.1 10194.3
result for recall@ 1
120.72 1155.43 2149.36 3130.41 4042.1 4902.94 5807.64 6751.37 7724.34 8761.44 10000 
0.52 0.66 0.67 0.67 0.67 0.67 0.67 0.67 0.67 0.67 0.67 
result for recall@ 10
120.72 1155.43 2149.36 3130.41 4042.1 4902.94 5807.64 6751.37 7724.34 8761.44 10000 
0.492 0.74 0.749 0.749 0.749 0.749 0.749 0.749 0.749 0.749 0.749 
result for recall@ 100
120.72 1155.43 2149.36 3130.41 4042.1 4902.94 5807.64 6751.37 7724.34 8761.44 10000 
0.3595 0.783 0.8023 0.8046 0.8046 0.8046 0.8046 0.8046 0.8046 0.8046 0.8046 
Kmeans with centroids: 110
Distance computation
65208.4 14956.1
62815.3 12906.7
61864.8 12071.9
61406 11603.6
61146.9 11282.8
60978 11048
60864.4 10887.4
60768.6 10766.5
60699.4 10673.4
60642 10600.5
60592.3 10545
60542 10499.6
60491.3 10458.3
60452 10429.4
60414.6 10396.1
60387.9 10363.9
60368.4 10339.5
60347.7 10320.7
60324.7 10308.8
60299.4 10292.5
60274.9 10277.2
60256.7 10263.3
60241.3 10247.9
60227.2 10234.8
60215.4 10221.1
60204.9 10209.9
60195.2 10197.2
60187.5 10187.1
60181.7 10177.9
60177.5 10170.8
60174.4 10163.9
60173 10155.2
60172.5 10148
60171.5 10142.6
60170.1 10136.4
60169 10134
60167.4 10129.7
60167 10125.6
60166.7 10122.3
60166.6 10119.4
60166.6 10117
60166.6 10115.2
60166.6 10113.5
60166.6 10112.2
60166.6 10111.2
60166.6 10110.4
60166.6 10109.8
60166.5 10109.4
60166.6 10109.1
60166.6 10108.8
result for recall@ 1
103.3 1074.26 2002.65 2907.83 3780.43 4603.25 5400.6 6189.64 7024.32 7908.58 8876.69 10000 
0.52 0.68 0.68 0.68 0.68 0.68 0.68 0.68 0.68 0.68 0.68 0.68 
result for recall@ 10
103.3 1074.26 2002.65 2907.83 3780.43 4603.25 5400.6 6189.64 7024.32 7908.58 8876.69 10000 
0.472 0.749 0.755 0.756 0.756 0.756 0.756 0.756 0.756 0.756 0.756 0.756 
result for recall@ 100
103.3 1074.26 2002.65 2907.83 3780.43 4603.25 5400.6 6189.64 7024.32 7908.58 8876.69 10000 
0.319 0.7898 0.8075 0.8084 0.8087 0.8086 0.8086 0.8086 0.8086 0.8086 0.8086 0.8086 
Kmeans with centroids: 120
Distance computation
63964.6 14823
61883.8 12762.7
61154.3 11957.1
60770.7 11503.2
60499 11216.8
60302.6 11001.2
60165.9 10850.2
60064.7 10731.6
59994.3 10635
59946.2 10554.9
59904.7 10486.5
59869.6 10433.8
59842.8 10391.5
59817.5 10359.6
59796.2 10333.7
59778.6 10304.7
59763.3 10278.2
59750.2 10256.3
59740.6 10234
59734.3 10217.6
59727.7 10203.9
59721.3 10192.1
59714.1 10182
59710 10171.3
59707.4 10162.9
59704.9 10154
59702.9 10144.9
59702 10136.6
59701.3 10130.3
59701 10124.9
59701.1 10120.8
59701.1 10117.2
59701.1 10114.2
59701.1 10111.7
59701.1 10109.7
59701.1 10108.1
59701.1 10106.8
59701.1 10105.6
59701.1 10104.6
59701.1 10103.9
59701.1 10103.3
59701.1 10102.9
59701 10102.4
59700.9 10102.1
59700.6 10101.9
59699.8 10101.4
59699.2 10100.9
59698.5 10100.9
59698.3 10100.5
59698.3 10099.8
result for recall@ 1
97.91 1029.51 1924.18 2796.92 3630.75 4342.83 5045.46 5706.4 6451.68 7268.47 8122.48 8999.78 10000 
0.54 0.73 0.72 0.72 0.72 0.72 0.72 0.72 0.72 0.72 0.72 0.72 0.72 
result for recall@ 10
97.91 1029.51 1924.18 2796.92 3630.75 4342.83 5045.46 5706.4 6451.68 7268.47 8122.48 8999.78 10000 
0.495 0.74 0.744 0.745 0.745 0.745 0.745 0.745 0.745 0.745 0.745 0.745 0.745 
result for recall@ 100
97.91 1029.51 1924.18 2796.92 3630.75 4342.83 5045.46 5706.4 6451.68 7268.47 8122.48 8999.78 10000 
0.315 0.7815 0.8049 0.808 0.8084 0.8084 0.8084 0.8084 0.8084 0.8084 0.8084 0.8084 0.8084 
Kmeans with centroids: 130
Distance computation
64066.6 15114.1
61649.5 13084.5
60692.1 12228.4
60209.1 11744.2
59931.2 11423.3
59721.8 11183.5
59578.2 11003.9
59479 10870.4
59413.6 10759
59376.6 10679.6
59349.4 10617
59327.1 10568.8
59303.6 10531.2
59280.9 10501.1
59260.3 10470.2
59241.7 10443.4
59223.2 10416.4
59206.4 10390.6
59189.6 10370.4
59174.7 10355
59159.7 10341.4
59138.2 10328.7
59125.6 10314.9
59115.7 10302.8
59106.3 10290.3
59096 10284.2
59078.9 10278.8
59057 10269.5
59042 10259.5
59032.5 10250.5
59026 10242.5
59021.8 10233.7
59019.7 10227.6
59017.6 10223.2
59015.3 10218.3
59014.3 10212.8
59013.3 10207.9
59012 10202.7
59010.5 10198.6
59009.3 10195.8
59008.6 10193.6
59008 10190.4
59007.8 10187.1
59007.6 10184.4
59007.7 10181.2
59007.8 10178.4
59007.7 10175.9
59007.7 10173.6
59007.7 10171.4
59007.6 10169.6
result for recall@ 1
90.94 933.87 1718 2496.82 3246.1 3968.44 4646.04 5315.32 5984.58 6689.27 7438.72 8237.75 9104.92 10000 
0.43 0.66 0.67 0.67 0.67 0.67 0.67 0.67 0.67 0.67 0.67 0.67 0.67 0.67 
result for recall@ 10
90.94 933.87 1718 2496.82 3246.1 3968.44 4646.04 5315.32 5984.58 6689.27 7438.72 8237.75 9104.92 10000 
0.444 0.744 0.755 0.756 0.756 0.756 0.756 0.756 0.756 0.756 0.756 0.756 0.756 0.756 
result for recall@ 100
90.94 933.87 1718 2496.82 3246.1 3968.44 4646.04 5315.32 5984.58 6689.27 7438.72 8237.75 9104.92 10000 
0.3014 0.7832 0.8044 0.8085 0.8092 0.8095 0.8095 0.8095 0.8095 0.8095 0.8095 0.8095 0.8095 0.8095 
Kmeans with centroids: 140
Distance computation
63014.6 14695
60809.6 12697.9
59990.3 11879.3
59559.4 11429.5
59289 11137.9
59114.9 10922.4
58982.7 10757.7
58881.7 10647.7
58796.1 10559.6
58719.6 10485.4
58660.5 10426.3
58619.6 10375
58588.9 10324.4
58565.2 10285
58548.4 10247
58535.6 10220.1
58521.3 10196.1
58504.5 10175.6
58488.8 10159.7
58474.4 10144.7
58460.5 10129
58450.1 10114.9
58440.1 10101.1
58433.8 10087.5
58427.9 10077.7
58422.1 10068.5
58417.4 10060
58412.9 10053.7
58408.9 10045.2
58407.1 10037.2
58406 10029.6
58404.5 10025.7
58402.6 10021.5
58401.1 10018.5
58399.4 10015.5
58397.7 10013.3
58395.4 10010.4
58393.3 10008.3
58389.9 10007.2
58388 10005.4
58386.6 10001.7
58385.2 9997.93
58384.8 9994.73
58384.9 9992.4
58384.9 9990.71
58385 9989.27
58385 9988.19
58385 9987.26
58384.8 9986.41
58384.9 9985.68
result for recall@ 1
89.56 881.08 1648.73 2378.35 3098.29 3792.69 4415.89 5064.73 5664.38 6284.37 6966.13 7643.35 8352.85 9101.01 10000 
0.48 0.68 0.68 0.68 0.68 0.68 0.68 0.68 0.68 0.68 0.68 0.68 0.68 0.68 0.68 
result for recall@ 10
89.56 881.08 1648.73 2378.35 3098.29 3792.69 4415.89 5064.73 5664.38 6284.37 6966.13 7643.35 8352.85 9101.01 10000 
0.467 0.749 0.754 0.755 0.755 0.755 0.755 0.755 0.755 0.755 0.755 0.755 0.755 0.755 0.755 
result for recall@ 100
89.56 881.08 1648.73 2378.35 3098.29 3792.69 4415.89 5064.73 5664.38 6284.37 6966.13 7643.35 8352.85 9101.01 10000 
0.3141 0.7803 0.8053 0.8091 0.8101 0.8102 0.8102 0.8102 0.8102 0.8102 0.8102 0.8102 0.8102 0.8102 0.8102 
Kmeans with centroids: 150
Distance computation
62992.8 14709.9
60654.1 12703.1
59723.8 11869.6
59178.4 11404.1
58836.5 11098.9
58618.9 10880.9
58470 10716.7
58357.8 10594.6
58253.8 10497.7
58173.5 10418.2
58109.7 10351.8
58061.3 10299.4
58027.6 10255.7
58002.8 10216
57983.6 10182
57970.1 10152.2
57958.1 10128
57949 10103.8
57942.6 10085.1
57934.9 10073
57929.1 10059.1
57924.2 10046.2
57920.4 10033.4
57917.3 10022.8
57914.8 10014.3
57912.5 10007.3
57908.1 10001.4
57905.3 9995.25
57903.1 9989.41
57901.6 9984.03
57901 9978.1
57900.3 9973.66
57899.7 9969.16
57899.7 9965.47
57899.8 9962.28
57899.7 9959.82
57899.8 9958.07
57899.8 9956.63
57899.7 9955.38
57899.7 9954.37
57899.8 9953.17
57899.6 9951.95
57899.5 9950.9
57899.5 9949.76
57899.4 9948.75
57899.5 9947.68
57899.5 9946.73
57899.5 9946.11
57899.6 9945.53
57899.6 9944.88
result for recall@ 1
84.35 816.08 1516.19 2187.2 2866.05 3504.28 4121.5 4761.93 5307.26 5842.77 6396.88 7004.7 7668.26 8345.15 9090.78 10000 
0.47 0.7 0.7 0.7 0.7 0.7 0.7 0.7 0.7 0.7 0.7 0.7 0.7 0.7 0.7 0.7 
result for recall@ 10
84.35 816.08 1516.19 2187.2 2866.05 3504.28 4121.5 4761.93 5307.26 5842.77 6396.88 7004.7 7668.26 8345.15 9090.78 10000 
0.458 0.754 0.76 0.76 0.762 0.762 0.762 0.762 0.762 0.762 0.762 0.762 0.762 0.762 0.762 0.762 
result for recall@ 100
84.35 816.08 1516.19 2187.2 2866.05 3504.28 4121.5 4761.93 5307.26 5842.77 6396.88 7004.7 7668.26 8345.15 9090.78 10000 
0.2882 0.765 0.8004 0.8054 0.8072 0.8072 0.8072 0.8072 0.8072 0.8072 0.8072 0.8072 0.8072 0.8072 0.8072 0.8072 
Kmeans with centroids: 160
Distance computation
61967.5 14525.4
59803.1 12571.3
59010.5 11779.5
58617.9 11329.5
58374.1 11039.1
58197.5 10838.2
58073.4 10691.2
57972.4 10578.3
57900.5 10494.7
57836.5 10422.7
57778.4 10362.6
57735 10304.5
57702.3 10258.6
57675.4 10214.8
57654.7 10184.9
57627.5 10157
57604.6 10130.6
57589.8 10107.4
57571.7 10089.5
57555.9 10073.6
57544.5 10058.3
57533.4 10044.8
57525.8 10030.2
57519.6 10021.1
57509.6 10008
57505.3 9997.51
57501.4 9987.06
57499.9 9978.65
57499.3 9971.42
57498.7 9966.28
57497.6 9961.26
57496.5 9957.25
57495.6 9953
57494.6 9949.36
57493.5 9947.82
57491.2 9945.84
57489.4 9943.71
57487.9 9942.58
57485.6 9939.8
57482.2 9937.73
57477.6 9937.35
57471.2 9936.32
57465.6 9933.5
57463.4 9930.58
57461.3 9927.85
57459.7 9925.23
57458.9 9922.83
57458 9920
57457.3 9918.69
57456.3 9917.75
result for recall@ 1
74.01 771.56 1444.05 2088.51 2738.4 3364.44 3945.14 4508.38 5078.15 5607.64 6139.35 6677.87 7257.88 7876.07 8527.86 9215.33 10000 
0.42 0.76 0.76 0.76 0.76 0.76 0.76 0.76 0.76 0.76 0.76 0.76 0.76 0.76 0.76 0.76 0.76 
result for recall@ 10
74.01 771.56 1444.05 2088.51 2738.4 3364.44 3945.14 4508.38 5078.15 5607.64 6139.35 6677.87 7257.88 7876.07 8527.86 9215.33 10000 
0.427 0.729 0.738 0.739 0.74 0.74 0.74 0.74 0.74 0.74 0.74 0.74 0.74 0.74 0.74 0.74 0.74 
result for recall@ 100
74.01 771.56 1444.05 2088.51 2738.4 3364.44 3945.14 4508.38 5078.15 5607.64 6139.35 6677.87 7257.88 7876.07 8527.86 9215.33 10000 
0.2764 0.7685 0.805 0.8101 0.8118 0.8121 0.8121 0.8121 0.8121 0.8121 0.8121 0.8121 0.8121 0.8121 0.8121 0.8121 0.8121 
Kmeans with centroids: 170
Distance computation
61757.2 14556.9
59559.1 12608.3
58724.8 11802
58268.1 11338
57965 11046.6
57763.9 10822.7
57614.9 10656.1
57521.5 10530.3
57458.7 10427.7
57399.3 10356.2
57334.8 10292.3
57283.2 10235.3
57238.4 10189.4
57207.1 10148.8
57184.4 10112.9
57163.4 10086.2
57147.3 10060.2
57131.7 10035.6
57119.1 10013.3
57109.8 9996.46
57100.5 9982.07
57089.5 9969.55
57080.9 9957.62
57074.6 9947.01
57069.7 9936.31
57066.2 9927.76
57062.8 9919.92
57057.4 9914.5
57050.1 9909.56
57043.9 9904.26
57039.6 9896.07
57038.1 9889.77
57037.8 9885.35
57036.5 9882.18
57035 9880.5
57032.2 9878.58
57030.2 9876.23
57028.4 9873.59
57026.1 9872.66
57023.6 9870.52
57021.3 9867.93
57018 9867.08
57013.1 9865.87
57009.2 9864.84
57004.7 9861.69
57001.1 9858.83
56999 9855.15
56997.9 9850.86
56997.7 9847.33
56997.6 9844.59
result for recall@ 1
70.21 730.64 1357.78 1969.25 2587.98 3188.52 3739.4 4261.08 4766.06 5253.32 5740.83 6274.96 6816.92 7368.52 7959.1 8574.01 9243.19 10000 
0.4 0.68 0.69 0.69 0.69 0.69 0.69 0.69 0.69 0.69 0.69 0.69 0.69 0.69 0.69 0.69 0.69 0.69 
result for recall@ 10
70.21 730.64 1357.78 1969.25 2587.98 3188.52 3739.4 4261.08 4766.06 5253.32 5740.83 6274.96 6816.92 7368.52 7959.1 8574.01 9243.19 10000 
0.404 0.741 0.754 0.757 0.757 0.757 0.757 0.757 0.757 0.757 0.757 0.757 0.757 0.757 0.757 0.757 0.757 0.757 
result for recall@ 100
70.21 730.64 1357.78 1969.25 2587.98 3188.52 3739.4 4261.08 4766.06 5253.32 5740.83 6274.96 6816.92 7368.52 7959.1 8574.01 9243.19 10000 
0.2545 0.7642 0.8012 0.8052 0.8062 0.8062 0.8062 0.8062 0.8062 0.8062 0.8062 0.8062 0.8062 0.8062 0.8062 0.8062 0.8062 0.8062 
Kmeans with centroids: 180
Distance computation
60879.1 14495.2
58764 12528.4
57996.9 11725.4
57607.4 11255
57351.9 10952.4
57178.2 10735.1
57059.3 10582.3
56954 10463.3
56868.6 10367.8
56804.5 10288.3
56758.8 10226.1
56716.8 10178.9
56677.5 10137.8
56649.1 10099.5
56623.8 10071.7
56597.1 10043.6
56570.7 10022.9
56547.4 10002.1
56531.2 9978.45
56517.4 9961.41
56505.6 9948.77
56495.5 9933.5
56487.5 9922.48
56480.5 9912.41
56473.7 9904.01
56464.6 9895.6
56455.9 9887
56453.3 9880.65
56449.2 9876.54
56446.8 9869.88
56444.4 9865.32
56441.1 9862.51
56438.7 9859.89
56435.3 9857.68
56433.3 9855.84
56430.9 9853.52
56428.6 9849.53
56427.8 9847.14
56426.5 9844.66
56425.4 9843.43
56424.3 9841.41
56423.7 9839.33
56423.5 9837.32
56423.5 9835.82
56423.5 9834.79
56423.5 9834.04
56423.5 9833.49
56423.5 9833.03
56423.4 9832.57
56423.5 9832.28
result for recall@ 1
70.95 692.65 1298.62 1882.4 2450.51 3017.47 3556.33 4080.23 4573.39 5046.65 5492.03 5945.62 6413.3 6912.83 7445.21 8001.3 8595.96 9236.92 10000 
0.47 0.7 0.7 0.7 0.7 0.7 0.7 0.7 0.7 0.7 0.7 0.7 0.7 0.7 0.7 0.7 0.7 0.7 0.7 
result for recall@ 10
70.95 692.65 1298.62 1882.4 2450.51 3017.47 3556.33 4080.23 4573.39 5046.65 5492.03 5945.62 6413.3 6912.83 7445.21 8001.3 8595.96 9236.92 10000 
0.448 0.732 0.738 0.739 0.739 0.739 0.739 0.739 0.739 0.739 0.739 0.739 0.739 0.739 0.739 0.739 0.739 0.739 0.739 
result for recall@ 100
70.95 692.65 1298.62 1882.4 2450.51 3017.47 3556.33 4080.23 4573.39 5046.65 5492.03 5945.62 6413.3 6912.83 7445.21 8001.3 8595.96 9236.92 10000 
0.2769 0.7686 0.8003 0.8052 0.8061 0.8065 0.8066 0.8068 0.8068 0.8068 0.8068 0.8068 0.8068 0.8068 0.8068 0.8068 0.8068 0.8068 0.8068 
Kmeans with centroids: 190
Distance computation
60589 14432.3
58532.8 12506.7
57690.2 11722
57224.8 11250.3
56925.4 10935.2
56728.1 10730.1
56587.5 10565.3
56489.5 10447.3
56415.7 10356.6
56352.3 10273.2
56306 10203.2
56268.6 10150.8
56245.2 10105.9
56229.9 10070.1
56219.3 10038.8
56211.2 10010.9
56204 9990.45
56197.8 9971.38
56193.4 9955.59
56188.1 9943.37
56183.1 9931.65
56179.1 9919.4
56177.5 9907.03
56176.2 9899.33
56175.3 9891.79
56173.9 9886.33
56173.3 9880.64
56172.8 9876.48
56171.6 9872.83
56170.8 9869.48
56169.7 9864.78
56169.1 9861.32
56168.7 9858.87
56167.9 9856.55
56167.7 9854.18
56167.7 9852.34
56167.8 9850.7
56167.4 9850.7
56166.1 9850
56165.3 9848.51
56165.2 9847.17
56164.9 9845.99
56164.6 9844.37
56164.5 9842.95
56164.6 9841.66
56164.5 9840.53
56164.4 9839.69
56164.4 9838.91
56164.5 9838.28
56164.4 9837.96
result for recall@ 1
67.9 659.95 1221.52 1768.53 2314.92 2841.72 3354.65 3833.21 4288.55 4730.97 5166.47 5620.55 6098.96 6567.94 7047.43 7558.65 8088.52 8635.35 9225.36 10000 
0.46 0.67 0.67 0.67 0.67 0.67 0.67 0.67 0.67 0.67 0.67 0.67 0.67 0.67 0.67 0.67 0.67 0.67 0.67 0.67 
result for recall@ 10
67.9 659.95 1221.52 1768.53 2314.92 2841.72 3354.65 3833.21 4288.55 4730.97 5166.47 5620.55 6098.96 6567.94 7047.43 7558.65 8088.52 8635.35 9225.36 10000 
0.438 0.728 0.747 0.748 0.751 0.751 0.751 0.751 0.751 0.751 0.751 0.751 0.751 0.751 0.751 0.751 0.751 0.751 0.751 0.751 
result for recall@ 100
67.9 659.95 1221.52 1768.53 2314.92 2841.72 3354.65 3833.21 4288.55 4730.97 5166.47 5620.55 6098.96 6567.94 7047.43 7558.65 8088.52 8635.35 9225.36 10000 
0.2567 0.7537 0.7966 0.8054 0.8089 0.8095 0.8097 0.8097 0.8097 0.8097 0.8097 0.8097 0.8097 0.8097 0.8097 0.8097 0.8097 0.8097 0.8097 0.8097 
Kmeans with centroids: 200
Distance computation
60147.4 14657.5
58031.8 12670.6
57201.6 11850.3
56787.2 11410.3
56511.2 11129.6
56323.4 10927.2
56185.4 10772
56074.9 10640.9
55999 10529.9
55945.2 10451.5
55900.3 10375
55868.3 10321.3
55847.1 10277.1
55830.6 10237.9
55817.9 10206.5
55806.2 10179.6
55794.8 10158.2
55786.3 10138.1
55780.7 10119.2
55776.4 10101.6
55771.9 10086.3
55766.4 10072.4
55761.8 10059.5
55758.2 10048.3
55754.2 10040
55749.9 10028.9
55748.5 10018.5
55747.9 10008.6
55747.5 10001.2
55747.4 9994
55746.9 9988.86
55746.3 9983.22
55746.1 9978.15
55745.8 9973.59
55745.7 9969.77
55745.8 9966.42
55745.9 9963.3
55745.9 9960.05
55745.9 9957.08
55745.9 9954.41
55745.8 9952.14
55745.8 9949.95
55745.8 9947.69
55745.9 9945.28
55745.9 9943.14
55745.8 9940.93
55745.8 9938.96
55745.9 9937.18
55745.8 9935.25
55746 9933.06
result for recall@ 1
62.42 622.13 1146.87 1654.37 2158.35 2664.15 3147.5 3614.31 4056.22 4500.28 4899.15 5314.76 5756.52 6211.27 6673.72 7151.37 7657.29 8166.93 8707.06 9256.4 10000 
0.48 0.69 0.69 0.69 0.69 0.69 0.69 0.69 0.69 0.69 0.69 0.69 0.69 0.69 0.69 0.69 0.69 0.69 0.69 0.69 0.69 
result for recall@ 10
62.42 622.13 1146.87 1654.37 2158.35 2664.15 3147.5 3614.31 4056.22 4500.28 4899.15 5314.76 5756.52 6211.27 6673.72 7151.37 7657.29 8166.93 8707.06 9256.4 10000 
0.45 0.738 0.751 0.755 0.755 0.755 0.755 0.755 0.755 0.755 0.755 0.755 0.755 0.755 0.755 0.755 0.755 0.755 0.755 0.755 0.755 
result for recall@ 100
62.42 622.13 1146.87 1654.37 2158.35 2664.15 3147.5 3614.31 4056.22 4500.28 4899.15 5314.76 5756.52 6211.27 6673.72 7151.37 7657.29 8166.93 8707.06 9256.4 10000 
0.2411 0.7522 0.7978 0.8072 0.8108 0.8109 0.8111 0.8112 0.8112 0.8112 0.8112 0.8112 0.8112 0.8112 0.8112 0.8112 0.8112 0.8112 0.8112 0.8112 0.8112 
