Kmeans with centroids: 100
Distance computation
68561.9 12143.9
65905.7 11147.2
64915.9 10852.2
64410.8 10702.4
64131.5 10616.8
63950.1 10561.3
63818.3 10520
63718.2 10490.6
63635.5 10467.9
63566.4 10450.8
63507.7 10437.5
63457.7 10426.4
63412.6 10416.8
63372 10407.7
63335 10399.8
63306.1 10392.7
63280.8 10386.4
63259 10380.8
63241 10375.9
63225.2 10370.8
result for recall@ 1
11015 117951 221826 322747 419278 496000 576967 669096 767086 878136 1.00002e+06 
0.3373 0.4515 0.4522 0.4522 0.4522 0.4522 0.4522 0.4522 0.4522 0.4522 0.4522 
result for recall@ 10
11015 117951 221826 322747 419278 496000 576967 669096 767086 878136 1.00002e+06 
0.4131 0.55407 0.55513 0.55519 0.55519 0.5552 0.5552 0.5552 0.5552 0.5552 0.5552 
result for recall@ 100
11015 117951 221826 322747 419278 496000 576967 669096 767086 878136 1.00002e+06 
0.433297 0.63022 0.632425 0.632543 0.632551 0.632555 0.632555 0.632555 0.632555 0.632555 0.632555 
Kmeans with centroids: 150
Distance computation
64951.9 11861.4
62835 10916.7
62059.3 10638.2
61645.2 10507
61391 10425.6
61212.4 10368.3
61077.6 10322.8
60971 10290.5
60887 10265.4
60820.3 10246.4
60768.3 10231.4
60726.4 10218.3
60691.7 10207.6
60660.5 10198.3
60634.2 10189.7
60611.1 10182.3
60592.3 10175.1
60575.1 10169
60559.9 10163.2
60546.9 10158.2
