Kmeans with centroids: 100
Distance computation
66129.3 15111.4
63518.6 13042.4
62672.5 12217.8
62282.9 11739
62031.8 11430.7
61846 11221
61715.9 11063.4
61618 10942.8
61545 10843.8
61490.4 10770.8
61434.8 10709.1
61389.1 10654.7
61354.1 10605.5
61323.3 10566.6
61294.7 10533.6
61273.2 10502.8
61254.5 10481.6
61235.8 10459.1
61219.3 10440.4
61202.8 10421.2
61188.5 10402.9
61177 10388.5
61167.8 10375.9
61158.6 10366.7
61148.5 10357.9
61138.7 10349.9
61131.2 10340
61124 10331.2
61116.8 10322.5
61110.4 10315.2
61104.3 10308.6
61099.2 10301.4
61095.1 10293.3
61091.6 10286.9
61088.2 10280.8
61084.2 10276.6
61079.6 10272.2
61075 10268.2
61070.8 10263.3
61067.2 10256.5
61065.5 10250.6
61064.5 10245.6
61064 10240.6
61063.8 10236.3
61063.6 10232.9
61063.4 10230
61063.4 10227.8
61063.5 10225.8
61063.4 10223.8
61063.5 10221.9
result for recall@ 1
115.74 1160.36 2185.37 3184.97 4080.33 4821.67 5582.28 6544.67 7600.94 8714.77 10000 
0.5 0.69 0.69 0.69 0.69 0.69 0.69 0.69 0.69 0.69 0.69 
result for recall@ 10
231.48 2320.72 4370.74 6369.94 8160.66 9643.34 11164.6 13089.3 15201.9 17429.5 20000 
0.519 0.831 0.833 0.832 0.832 0.832 0.832 0.832 0.832 0.832 0.832 
result for recall@ 100
347.22 3481.08 6556.11 9554.91 12241 14465 16746.8 19634 22802.8 26144.3 30000 
0.3808 0.8653 0.8867 0.8881 0.8883 0.8883 0.8883 0.8883 0.8883 0.8883 0.8883 
Kmeans with centroids: 110
Distance computation
64954.1 15140.1
62738.4 13043.8
61897.8 12211.5
61433.8 11724
61152.4 11408.3
60961 11194.9
60821 11035
60715.9 10908.3
60635.7 10810.8
60575.1 10731.3
60524.5 10659.6
60490.6 10604.9
60466.6 10556.3
60445.8 10513.9
60430.9 10475.5
60421.6 10443.4
60414.4 10414.2
60407.8 10388.5
60402.8 10367.8
60398 10352.5
60393.8 10336.9
60389.9 10322
60386.2 10312.1
60383.5 10302.1
60381.7 10294
60380.4 10285.4
60379.2 10278.5
60377.3 10274
60374.8 10268.7
60372.8 10263.1
60371.4 10257.7
60369.7 10253.8
60367.8 10249.2
60365.7 10245.6
60363.7 10241.7
60362.6 10239.3
60361.4 10236.4
60359.8 10233.6
60358.9 10231
60357.5 10227.7
60356.8 10224.3
60356 10222.1
60354.4 10220.5
60353 10218
60351 10216.7
60347.5 10216.1
60344.5 10213.5
60343.1 10211.8
60340.6 10209.7
60338.4 10207.7
result for recall@ 1
102.2 1057.1 1974.97 2886.78 3747.52 4556.92 5317.15 6112.14 6969.27 7870.24 8859 10000 
0.47 0.67 0.67 0.67 0.67 0.67 0.67 0.67 0.67 0.67 0.67 0.67 
result for recall@ 10
204.4 2114.2 3949.94 5773.56 7495.04 9113.84 10634.3 12224.3 13938.5 15740.5 17718 20000 
0.543 0.84 0.842 0.843 0.843 0.843 0.843 0.843 0.843 0.843 0.843 0.843 
result for recall@ 100
306.6 3171.3 5924.91 8660.34 11242.6 13670.8 15951.5 18336.4 20907.8 23610.7 26577 30000 
0.3803 0.8687 0.8869 0.8903 0.8906 0.8907 0.8907 0.8907 0.8907 0.8907 0.8907 0.8907 
Kmeans with centroids: 120
Distance computation
64545.9 15071.7
62170.4 13006.8
61225.5 12134.6
60753.5 11633.4
60473.1 11324.4
60299 11101.9
60169.2 10951.8
60076.7 10824.2
60012.3 10725.7
59964.7 10648.8
59921.4 10590.4
59883.8 10539.7
59847.1 10495.1
59817.7 10458.1
59795.3 10425.9
59777.1 10395.9
59763.1 10368.6
59753.4 10348.5
59739.8 10329.7
59722.4 10312.7
59708.3 10297.5
59697.9 10284.2
59688.1 10271.6
59680.4 10260.8
59671.9 10247.3
59666.1 10235.1
59662 10225.7
59658.3 10215
59655.7 10203.8
59654.5 10195.2
59653.1 10188.6
59651.9 10184.1
59650.6 10178.7
59648.7 10173.8
59647.1 10168.8
59646.1 10164.8
59645.5 10160.7
59645.1 10157
59644.5 10153.2
59643.9 10149.6
59643.5 10146.6
59643 10143.9
59642.5 10141.4
59642.3 10139.2
59642.2 10136.9
59642.3 10134.8
59642.2 10133.2
59642.3 10132.1
59642.2 10131.1
59641.8 10130.3
result for recall@ 1
101.43 1037.37 1917.54 2771.47 3596.82 4342.67 5091.63 5791.5 6531.56 7290.83 8107.97 8957.27 10000 
0.52 0.7 0.69 0.69 0.69 0.69 0.69 0.69 0.69 0.69 0.69 0.69 0.69 
result for recall@ 10
202.86 2074.74 3835.08 5542.94 7193.64 8685.34 10183.3 11583 13063.1 14581.7 16215.9 17914.5 20000 
0.553 0.81 0.813 0.815 0.815 0.815 0.815 0.815 0.815 0.815 0.815 0.815 0.815 
result for recall@ 100
304.29 3112.11 5752.62 8314.41 10790.5 13028 15274.9 17374.5 19594.7 21872.5 24323.9 26871.8 30000 
0.3861 0.8652 0.8849 0.8877 0.8877 0.8877 0.8877 0.8877 0.8877 0.8877 0.8877 0.8877 0.8877 
Kmeans with centroids: 130
Distance computation
64356.1 15017.1
61935.5 12961.6
60983.1 12128.2
60477.2 11669.1
60159.8 11361.5
59957.5 11140.2
59806.9 10983.2
59683.2 10866.9
59571.5 10775.6
59481.3 10695.5
59416.7 10619.2
59360.9 10562.1
59320.1 10507.8
59285.9 10461.4
59256.6 10429.8
59227.4 10398.6
59201.7 10366.1
59181.6 10342.2
59161.5 10319.2
59145 10299.7
59132.5 10282.8
59119.4 10264.6
59111.9 10249.5
59105.9 10236.9
59100.1 10226.5
59090.9 10217.8
59076.5 10209.5
59067.1 10199.9
59060.9 10190.8
59056 10182
59051.8 10173
59050.4 10164
59050.4 10156.9
59050.4 10151.1
59050.4 10146.7
59050.3 10142.5
59050.3 10139
59050.3 10135.9
59050.3 10133.8
59050.1 10132.3
59049.6 10129.9
59049.1 10127.8
59049.1 10125.5
59049.2 10123.7
59049 10122
59049 10120.5
59049 10118.9
59049 10117.4
59049.1 10115.9
59049 10114.7
result for recall@ 1
89.29 912.43 1697.91 2463.63 3225.39 3933.75 4597.83 5248.29 5920.51 6628.84 7391.52 8178.44 9003.16 10000 
0.52 0.7 0.7 0.7 0.7 0.7 0.7 0.7 0.7 0.7 0.7 0.7 0.7 0.7 
result for recall@ 10
178.58 1824.86 3395.82 4927.26 6450.78 7867.5 9195.66 10496.6 11841 13257.7 14783 16356.9 18006.3 20000 
0.518 0.822 0.83 0.83 0.83 0.83 0.83 0.83 0.83 0.83 0.83 0.83 0.83 0.83 
result for recall@ 100
267.87 2737.29 5093.73 7390.89 9676.17 11801.2 13793.5 15744.9 17761.5 19886.5 22174.6 24535.3 27009.5 30000 
0.3659 0.8592 0.884 0.8871 0.8875 0.8876 0.8876 0.8876 0.8876 0.8876 0.8876 0.8876 0.8876 0.8876 
Kmeans with centroids: 140
Distance computation
63291.3 14999.3
60981.4 12925.1
60123.6 12063.7
59645.1 11590.9
59356 11291.6
59150.8 11072.2
59011.6 10897.7
58920.8 10762.7
58857.9 10658.5
58812.1 10573.2
58770 10511.3
58735.5 10467.2
58706.1 10416.3
58683.5 10376.5
58659.4 10347
58638.5 10322.7
58621.4 10299.1
58605.7 10272.7
58593.9 10249.8
58586.7 10231.5
58578.6 10217
58572.1 10202.9
58566.9 10187.3
58562.7 10175.7
58557.5 10170.6
58545.1 10164.2
58534.1 10158
58525.5 10149.1
58521.8 10140.7
58517.7 10133.8
58513.5 10127.2
58509.8 10120.6
58506.6 10114.2
58503.2 10106.2
58501.5 10101.9
58499.4 10096.1
58497.7 10092.2
58496.2 10088.2
58493.3 10083
58490.8 10080.5
58488.6 10075.2
58487 10070.5
58484.9 10068.9
58482.1 10066.4
58481 10062.7
58479.9 10059.2
58478.8 10057.5
58478 10054.7
58477.4 10051.9
58477 10049
result for recall@ 1
89.27 871.24 1615.44 2329.61 3024.44 3685.97 4307.23 4902.29 5491.88 6099.74 6746.09 7427.8 8188.6 9012.68 10000 
0.5 0.66 0.69 0.69 0.69 0.69 0.69 0.69 0.69 0.69 0.69 0.69 0.69 0.69 0.69 
result for recall@ 10
178.54 1742.48 3230.88 4659.22 6048.88 7371.94 8614.46 9804.58 10983.8 12199.5 13492.2 14855.6 16377.2 18025.4 20000 
0.542 0.804 0.816 0.818 0.818 0.818 0.818 0.818 0.818 0.818 0.818 0.818 0.818 0.818 0.818 
result for recall@ 100
267.81 2613.72 4846.32 6988.83 9073.32 11057.9 12921.7 14706.9 16475.6 18299.2 20238.3 22283.4 24565.8 27038 30000 
0.3745 0.8592 0.8867 0.8907 0.8919 0.8918 0.8918 0.8918 0.8918 0.8918 0.8918 0.8918 0.8918 0.8918 0.8918 
Kmeans with centroids: 150
Distance computation
62576.8 14935.1
60313.3 12930.6
59415.6 12069.4
58975.4 11579.6
58732.3 11265.7
58558.5 11046.5
58444.1 10878.6
58363.3 10751.3
58303.6 10649.8
58258.9 10577
58221.3 10514.9
58186.5 10469.8
58154.6 10425.8
58133.3 10386.8
58113 10351.9
58091.6 10320.9
58073.6 10296.3
58059.9 10273.9
58049.1 10256.7
58035.9 10239.7
58026.7 10219.8
58019.5 10205.2
58012.6 10191
58007.3 10178.5
58002.8 10168.4
57997.2 10161.6
57990.7 10152.9
57987.4 10144
57984.5 10136.9
57979.7 10130.6
57975.8 10126.2
57971.6 10120.4
57968.8 10114.4
57967.2 10109.6
57964.2 10104.3
57962.5 10100.6
57960 10096.7
57958.4 10092.1
57958 10087.3
57957.6 10083.1
57957.2 10080
57956.9 10078
57956.2 10075
57955.9 10071.3
57956 10068.5
57956 10065.9
57955.9 10063.8
57955.9 10061.9
57955.9 10060.4
57956 10059.1
result for recall@ 1
79.21 801.6 1471.89 2133.14 2789.09 3434.19 4042.05 4625.86 5173.19 5723.17 6294.26 6903.37 7584.22 8316.14 9102.92 10000 
0.47 0.71 0.71 0.72 0.72 0.72 0.72 0.72 0.72 0.72 0.72 0.72 0.72 0.72 0.72 0.72 
result for recall@ 10
158.42 1603.2 2943.78 4266.28 5578.18 6868.38 8084.1 9251.72 10346.4 11446.3 12588.5 13806.7 15168.4 16632.3 18205.8 20000 
0.514 0.817 0.823 0.825 0.825 0.825 0.825 0.825 0.825 0.825 0.825 0.825 0.825 0.825 0.825 0.825 
result for recall@ 100
237.63 2404.8 4415.67 6399.42 8367.27 10302.6 12126.2 13877.6 15519.6 17169.5 18882.8 20710.1 22752.7 24948.4 27308.8 30000 
0.3338 0.8515 0.8826 0.8913 0.8925 0.8927 0.8928 0.8928 0.8928 0.8928 0.8928 0.8928 0.8928 0.8928 0.8928 0.8928 
Kmeans with centroids: 160
Distance computation
62021.2 14764.7
59736.8 12749.4
58933.6 11920.4
58559.2 11462
58346.2 11171.2
58201 10963.7
58102.1 10816.2
58028.3 10705.5
57958.8 10620.7
57906.1 10549.3
57858.5 10493.1
57813.2 10446.7
57776.3 10408
57737.7 10371.3
57714.5 10335.7
57698.4 10303.5
57682.7 10278.4
57670.5 10254.8
57658.4 10237.7
57647.5 10221
57639.6 10205
57630 10190.7
57618.1 10179.8
57605.6 10169.9
57595.5 10159.1
57586.2 10148.6
57579.4 10137.8
57573.2 10123.9
57567.5 10114.6
57564.6 10104.3
57562.8 10095.4
57559.7 10089.5
57556.4 10082.9
57553.6 10077.9
57551.1 10073.3
57549 10068.6
57546.6 10063.6
57545.8 10058.7
57545.5 10054.6
57545.5 10051.1
57545.5 10048.2
57545.5 10045.5
57545.5 10043.1
57545.6 10041
57545.5 10038.9
57545.5 10037.1
57545.5 10035.2
57545.5 10034.2
57545.4 10032.6
57545.2 10031.2
result for recall@ 1
75.78 721.39 1346.74 1956.59 2570.48 3168.03 3736.45 4289.44 4806.83 5381.52 5955.46 6538.69 7139.88 7765.96 8425.79 9136.01 10000 
0.47 0.69 0.69 0.69 0.69 0.69 0.69 0.69 0.69 0.69 0.69 0.69 0.69 0.69 0.69 0.69 0.69 
result for recall@ 10
151.56 1442.78 2693.48 3913.18 5140.96 6336.06 7472.9 8578.88 9613.66 10763 11910.9 13077.4 14279.8 15531.9 16851.6 18272 20000 
0.52 0.821 0.831 0.834 0.835 0.835 0.835 0.835 0.835 0.835 0.835 0.835 0.835 0.835 0.835 0.835 0.835 
result for recall@ 100
227.34 2164.17 4040.22 5869.77 7711.44 9504.09 11209.3 12868.3 14420.5 16144.6 17866.4 19616.1 21419.6 23297.9 25277.4 27408 30000 
0.3404 0.8382 0.8761 0.8851 0.8874 0.8878 0.8881 0.8882 0.8882 0.8882 0.8882 0.8882 0.8882 0.8882 0.8882 0.8882 0.8882 
Kmeans with centroids: 170
Distance computation
61386 14747.5
59292.5 12723.6
58517.9 11919.6
58101.9 11478
57850.6 11162.7
57707.4 10947.8
57582.8 10800.7
57485.6 10678
57395.8 10574.7
57323 10500.8
57269.6 10435.5
57228.6 10382.4
57193.6 10334.7
57168.8 10296.7
57145.7 10263.5
57123.4 10233.7
57104.3 10207.3
57090.4 10185.4
57080 10169.4
57069.3 10155.8
57056.9 10141
57045.5 10128.7
57036.4 10116
57030.9 10102.2
57027.1 10091
57022.1 10079.6
57015.8 10074.5
57007.4 10069.6
56996.3 10065
56986.8 10060.4
56977.3 10054.1
56969 10045.5
56958.3 10040.4
56948.4 10035.4
56938 10027.4
56930.8 10019.8
56924.5 10013.2
56921.2 10007
56919.1 9999.83
56917.3 9994.2
56915.5 9990.55
56914.2 9986.69
56912.2 9982.69
56910.9 9978.59
56910.7 9973.98
56910.7 9970.01
56910.8 9966.7
56910.7 9964.07
56910.7 9961.79
56910.6 9959.64
result for recall@ 1
71.96 737.49 1372.35 1982.81 2591.19 3190.53 3773.38 4307.27 4843.97 5349.51 5851.49 6389.84 6923.72 7458.62 8017.91 8598.6 9240.51 10000 
0.46 0.68 0.68 0.68 0.68 0.68 0.68 0.68 0.68 0.68 0.68 0.68 0.68 0.68 0.68 0.68 0.68 0.68 
result for recall@ 10
143.92 1474.98 2744.7 3965.62 5182.38 6381.06 7546.76 8614.54 9687.94 10699 11703 12779.7 13847.4 14917.2 16035.8 17197.2 18481 20000 
0.491 0.829 0.837 0.838 0.838 0.838 0.838 0.838 0.838 0.838 0.838 0.838 0.838 0.838 0.838 0.838 0.838 0.838 
result for recall@ 100
215.88 2212.47 4117.05 5948.43 7773.57 9571.59 11320.1 12921.8 14531.9 16048.5 17554.5 19169.5 20771.2 22375.9 24053.7 25795.8 27721.5 30000 
0.3276 0.8455 0.8848 0.8881 0.8889 0.8891 0.8892 0.8892 0.8892 0.8892 0.8892 0.8892 0.8892 0.8892 0.8892 0.8892 0.8892 0.8892 
Kmeans with centroids: 180
Distance computation
61049.2 14613.5
58861.2 12659.7
58026.3 11871.2
57564.3 11417.5
57282.3 11133.2
57100.8 10927.5
56970.1 10773.1
56871.9 10651.7
56807.1 10545.8
56757.1 10464.2
56717.3 10396.4
56683 10342
56651.7 10298.5
56621.1 10255.6
56606.7 10222.4
56594.8 10194.5
56584.9 10171.7
56574.3 10149.6
56565.2 10128.5
56558.5 10110.5
56555.2 10093
56551.7 10081.2
56546.5 10072.7
56540.6 10062.8
56537 10053.7
56534.5 10045
56531.8 10038
56528.9 10032.3
56527.6 10025.2
56526.3 10020.7
56524.5 10016.5
56522.3 10010.9
56521.6 10005.6
56520.9 10001.3
56520 9999.05
56518.2 9995.24
56517.4 9991.29
56516 9987.66
56515.1 9985.41
56514.3 9982.33
56513.7 9980.1
56513.5 9976.8
56513.2 9973.65
56513.2 9970.63
56513.1 9967.81
56513.2 9965.67
56513.3 9963.37
56513.3 9961.23
56513.3 9959.23
56513.2 9957.83
result for recall@ 1
65.81 687.87 1291.59 1859.35 2432.36 2972.59 3487.11 3979.1 4430.47 4845.07 5300.52 5804.85 6335.49 6884.51 7437 8024.51 8635.59 9260.7 10000 
0.55 0.73 0.73 0.73 0.73 0.73 0.73 0.73 0.73 0.73 0.73 0.73 0.73 0.73 0.73 0.73 0.73 0.73 0.73 
result for recall@ 10
131.62 1375.74 2583.18 3718.7 4864.72 5945.18 6974.22 7958.2 8860.94 9690.14 10601 11609.7 12671 13769 14874 16049 17271.2 18521.4 20000 
0.508 0.805 0.821 0.822 0.823 0.823 0.823 0.823 0.823 0.823 0.823 0.823 0.823 0.823 0.823 0.823 0.823 0.823 0.823 
result for recall@ 100
197.43 2063.61 3874.77 5578.05 7297.08 8917.77 10461.3 11937.3 13291.4 14535.2 15901.6 17414.6 19006.5 20653.5 22311 24073.5 25906.8 27782.1 30000 
0.298 0.8449 0.8856 0.8913 0.8916 0.8918 0.8919 0.8919 0.8919 0.8919 0.8919 0.8919 0.8919 0.8919 0.8919 0.8919 0.8919 0.8919 0.8919 
Kmeans with centroids: 190
Distance computation
61227.6 14929.1
58724.2 12838.3
57797 11960.1
57288.5 11492.6
56959.8 11191.2
56742.3 10969.5
56615 10800.2
56524 10673.7
56452 10572.4
56390.5 10497.8
56335.8 10431.3
56293.8 10374.9
56264.3 10325.2
56238.7 10278
56219.7 10237.6
56205.9 10204.3
56191.6 10176
56179.1 10153.6
56165.5 10135.6
56153.9 10117.4
56145.2 10099.6
56139 10085.7
56131.1 10074.1
56124 10061.9
56118.5 10048.9
56115.6 10035.3
56111.1 10024.5
56105.2 10017.9
56097 10012.4
56090.8 10003.2
56083.5 10000.1
56077.4 9992.5
56075 9985.14
56073.3 9977.35
56070.7 9974.83
56068.1 9970.69
56065.7 9966.9
56063.7 9963.33
56061.4 9960
56058.9 9955.81
56057.4 9949.96
56057.1 9945.24
56057.2 9941.3
56057.3 9938.23
56057.2 9935.43
56057.2 9932.25
56057.2 9929.39
56057.1 9926.94
56057.2 9924.38
56057 9922.02
result for recall@ 1
63.15 634.95 1200.08 1744.75 2264.75 2776.37 3278.43 3743.78 4182.09 4569.91 4961.13 5378.18 5816.16 6298.97 6822.33 7376.99 7962.73 8563.45 9183.61 10000 
0.41 0.72 0.72 0.73 0.73 0.73 0.73 0.73 0.73 0.73 0.73 0.73 0.73 0.73 0.73 0.73 0.73 0.73 0.73 0.73 
result for recall@ 10
126.3 1269.9 2400.16 3489.5 4529.5 5552.74 6556.86 7487.56 8364.18 9139.82 9922.26 10756.4 11632.3 12597.9 13644.7 14754 15925.5 17126.9 18367.2 20000 
0.464 0.816 0.823 0.827 0.829 0.829 0.829 0.829 0.829 0.829 0.829 0.829 0.829 0.829 0.829 0.829 0.829 0.829 0.829 0.829 
result for recall@ 100
189.45 1904.85 3600.24 5234.25 6794.25 8329.11 9835.29 11231.3 12546.3 13709.7 14883.4 16134.5 17448.5 18896.9 20467 22131 23888.2 25690.3 27550.8 30000 
0.2854 0.8305 0.8789 0.886 0.889 0.8897 0.8898 0.8899 0.8899 0.8899 0.8899 0.8899 0.8899 0.8899 0.8899 0.8899 0.8899 0.8899 0.8899 0.8899 
Kmeans with centroids: 200
Distance computation
60509.9 14310.6
58287.6 12407.5
57401.4 11628.9
56912.3 11166
56604.5 10868.2
56397.1 10654.5
56251.5 10484.6
56174.2 10350.1
56121.1 10258.2
56078 10185.2
56038.2 10133.7
55999.2 10093.8
55955 10052.3
55925.8 10020.1
55902.2 9991.73
55885.4 9966.36
55869.8 9950.55
55852.2 9933.21
55838.7 9916.2
55827.4 9902.66
55816.6 9889.62
55806.7 9877.8
55796.7 9867.25
55788.8 9857.25
55784.4 9845.47
55782.5 9835.88
55780.6 9829.12
55779.1 9823.1
55778.1 9818.55
55777 9815.4
55775.9 9811.96
55775.4 9807.46
55775.2 9804.62
55775 9801.09
55774.8 9798.82
55774 9796.6
55773.9 9794.41
55773.9 9792.27
55773.9 9790.69
55773.6 9789.86
55773.5 9788.43
55772.6 9787.1
55771.4 9786.52
55771.2 9785.07
55771.1 9783.97
55771.2 9783.14
55771.1 9782.51
55771.2 9782.04
55771.2 9781.51
55771.2 9781.03
result for recall@ 1
65.62 622.98 1166.83 1694.65 2207.03 2714.18 3214.86 3692.77 4145.43 4587.14 5043.83 5461.75 5880.5 6318.36 6767.25 7226.81 7703.8 8195.38 8711.02 9264.5 10000 
0.49 0.69 0.69 0.69 0.69 0.69 0.69 0.69 0.69 0.69 0.69 0.69 0.69 0.69 0.69 0.69 0.69 0.69 0.69 0.69 0.69 
result for recall@ 10
131.24 1245.96 2333.66 3389.3 4414.06 5428.36 6429.72 7385.54 8290.86 9174.28 10087.7 10923.5 11761 12636.7 13534.5 14453.6 15407.6 16390.8 17422 18529 20000 
0.495 0.823 0.833 0.837 0.838 0.838 0.838 0.838 0.838 0.838 0.838 0.838 0.838 0.838 0.838 0.838 0.838 0.838 0.838 0.838 0.838 
result for recall@ 100
196.86 1868.94 3500.49 5083.95 6621.09 8142.54 9644.58 11078.3 12436.3 13761.4 15131.5 16385.2 17641.5 18955.1 20301.8 21680.4 23111.4 24586.1 26133.1 27793.5 30000 
0.3094 0.8291 0.8762 0.8845 0.8865 0.8874 0.8875 0.8876 0.8876 0.8876 0.8876 0.8876 0.8876 0.8876 0.8876 0.8876 0.8876 0.8876 0.8876 0.8876 0.8876 
