Kmeans with centroids: 100
Distance computation
65866.4 12301.8
63673.8 11185.5
62831.6 10832
62362.3 10648.7
62033.1 10520
61819.7 10430.5
61679.2 10368
61583.4 10314.2
61513.9 10275.5
61456.3 10251.6
61408.3 10227.6
61369.3 10210.6
61334.1 10193.6
61300.3 10179.8
61270.5 10172.2
61248.7 10162.6
61230.4 10154.6
61214.7 10144.3
61199.2 10136.9
61184 10133.7
result for recall@ 1
122 1265 2386 3415 4288 5069 5885 6782 7763 8824 10000 
0.45 0.67 0.68 0.68 0.68 0.68 0.68 0.68 0.68 0.68 0.68 
result for recall@ 10
122 1265 2386 3415 4288 5069 5885 6782 7763 8824 10000 
0.49 0.757 0.756 0.756 0.756 0.756 0.756 0.756 0.756 0.756 0.756 
result for recall@ 100
122 1265 2386 3415 4288 5069 5885 6782 7763 8824 10000 
0.3417 0.7907 0.8043 0.8054 0.8056 0.8056 0.8056 0.8056 0.8056 0.8056 0.8056 
Kmeans with centroids: 150
Distance computation
62570.5 12089.4
60347 10965.1
59527.8 10582.9
59067.2 10390.6
58780.4 10266.5
58589 10190.7
58444.9 10126.6
58343.6 10086.1
58273.8 10048.8
58219.5 10019.7
58174.5 10003
58135.5 9985.72
58102.4 9970.69
58070.1 9961.1
58045.7 9952.82
58024.2 9942.96
58003.5 9930.3
57976.8 9924.49
57954.9 9914.42
57944.8 9905.78
result for recall@ 1
81 803 1492 2174 2840 3475 4086 4634 5151 5698 6318 6964 7650 8360 9105 10000 
0.42 0.61 0.61 0.61 0.61 0.61 0.61 0.61 0.61 0.61 0.61 0.61 0.61 0.61 0.61 0.61 
result for recall@ 10
81 803 1492 2174 2840 3475 4086 4634 5151 5698 6318 6964 7650 8360 9105 10000 
0.453 0.742 0.751 0.752 0.752 0.752 0.752 0.752 0.752 0.752 0.752 0.752 0.752 0.752 0.752 0.752 
result for recall@ 100
81 803 1492 2174 2840 3475 4086 4634 5151 5698 6318 6964 7650 8360 9105 10000 
0.2953 0.7697 0.7986 0.8033 0.8045 0.8048 0.8048 0.8048 0.8048 0.8048 0.8048 0.8048 0.8048 0.8048 0.8048 0.8048 
Kmeans with centroids: 200
Distance computation
60645.7 11902.1
58299.9 10780.4
57370.7 10406.5
56915.6 10194.5
56640.5 10081.3
56446.1 10003.8
56306.1 9945.63
56214.2 9900.79
56141.5 9866.73
56078.9 9838.01
56031.2 9814.26
55995 9797.35
55963.5 9786.7
55935 9771.25
55911.5 9757.06
55895.6 9747.3
55885.7 9738.37
55875.9 9732.85
55866.9 9730.26
55857.7 9727.91
result for recall@ 1
63 632 1179 1699 2210 2718 3196 3667 4110 4532 4975 5423 5862 6307 6780 7268 7754 8240 8772 9315 10000 
0.44 0.74 0.74 0.75 0.75 0.75 0.75 0.75 0.75 0.75 0.75 0.75 0.75 0.75 0.75 0.75 0.75 0.75 0.75 0.75 0.75 
result for recall@ 10
63 632 1179 1699 2210 2718 3196 3667 4110 4532 4975 5423 5862 6307 6780 7268 7754 8240 8772 9315 10000 
0.43 0.752 0.767 0.77 0.77 0.77 0.77 0.77 0.77 0.77 0.77 0.77 0.77 0.77 0.77 0.77 0.77 0.77 0.77 0.77 0.77 
result for recall@ 100
63 632 1179 1699 2210 2718 3196 3667 4110 4532 4975 5423 5862 6307 6780 7268 7754 8240 8772 9315 10000 
0.2405 0.7497 0.7994 0.8075 0.8103 0.8115 0.8119 0.8119 0.812 0.812 0.812 0.812 0.812 0.812 0.812 0.812 0.812 0.812 0.812 0.812 0.812 
Kmeans with centroids: 250
Distance computation
58401.2 11669.1
56322.4 10575.8
55453.9 10189.9
55007.2 9996.05
54734.6 9866.8
54561.2 9782.09
54439.6 9726.93
54349.2 9688.36
54279.5 9657.57
54227 9630
54191.9 9613.77
54161.9 9601.18
54143.6 9589.63
54125.9 9580.3
54114.6 9570.91
54100.7 9566.92
54087.5 9562.35
54076.8 9556.75
54068.8 9552.17
54060.6 9548.73
result for recall@ 1
54 539 1008 1466 1903 2342 2767 3161 3545 3902 4247 4620 4939 5255 5586 5912 6261 6623 6991 7369 7748 8137 8534 8954 9404 10000 
0.42 0.62 0.64 0.64 0.64 0.64 0.64 0.64 0.64 0.64 0.64 0.64 0.64 0.64 0.64 0.64 0.64 0.64 0.64 0.64 0.64 0.64 0.64 0.64 0.64 0.64 
result for recall@ 10
54 539 1008 1466 1903 2342 2767 3161 3545 3902 4247 4620 4939 5255 5586 5912 6261 6623 6991 7369 7748 8137 8534 8954 9404 10000 
0.432 0.745 0.766 0.768 0.768 0.768 0.768 0.768 0.768 0.768 0.768 0.768 0.768 0.768 0.768 0.768 0.768 0.768 0.768 0.768 0.768 0.768 0.768 0.768 0.768 0.768 
result for recall@ 100
54 539 1008 1466 1903 2342 2767 3161 3545 3902 4247 4620 4939 5255 5586 5912 6261 6623 6991 7369 7748 8137 8534 8954 9404 10000 
0.229 0.7445 0.7981 0.8082 0.8116 0.8125 0.8131 0.8133 0.8134 0.8134 0.8134 0.8134 0.8134 0.8134 0.8134 0.8134 0.8134 0.8134 0.8134 0.8134 0.8134 0.8134 0.8134 0.8134 0.8134 0.8134 
Kmeans with centroids: 300
Distance computation
56927.3 11601.8
54726.6 10491.4
53851.5 10080.8
53399 9861.75
53156 9723.56
52982.1 9634.77
52852.3 9572.66
52757.7 9525.94
