Kmeans with centroids: 100
Distance computation
65908.6 11715.7
63548.9 10854.2
62664.6 10583.5
62234.3 10463.3
61954.6 10381.6
61764.3 10323.2
61622.2 10279.1
61515.1 10251.7
61429 10232.1
61361.4 10214.3
61311.1 10201.2
61267.9 10185.4
61230.3 10174.6
61196.6 10161.1
61176.9 10149
61161.7 10141.3
61148.4 10136.3
61137 10132.8
61125.7 10129
61115.8 10127.3
result for recall@ 1
0 0 0 0 0 0 0 0 0 0 0.56 0.69 0.72 0.71 0.72 0.75 0.75 0.75 0.76 0.75 0 
result for recall@ 10
0 0 0 0 0 0 0 0 0 0 0.484 0.603 0.661 0.689 0.703 0.719 0.726 0.732 0.735 0.736 0 
result for recall@ 100
0 0 0 0 0 0 0 0 0 0 0.3545 0.5128 0.6096 0.6687 0.707 0.7326 0.7529 0.7659 0.7787 0.7849 0 
Kmeans with centroids: 150
Distance computation
62710.1 11528.6
60470.8 10641.4
59597.6 10370.4
59102.8 10235.1
58792.4 10148
58592.1 10095.6
58450.1 10046
58353.7 10015.1
58271.3 9995.27
58199.8 9974.63
58143.2 9956.65
58107.5 9936.09
58072.8 9925.88
58039.4 9918.48
58013.1 9906.1
57989.9 9902.34
57971.1 9898.38
57957.6 9896.01
57945.5 9889.26
57935 9887.48
result for recall@ 1
0 0 0 0 0 0 0 0 0 0 0 0 0 0 0 0.48 0.62 0.67 0.7 0.7 0.7 0.7 0.7 0.7 0.7 0.7 0.71 0.71 0.71 0.71 0 
result for recall@ 10
0 0 0 0 0 0 0 0 0 0 0 0 0 0 0 0.438 0.577 0.656 0.693 0.712 0.719 0.732 0.736 0.741 0.747 0.746 0.747 0.749 0.75 0.751 0 
result for recall@ 100
0 0 0 0 0 0 0 0 0 0 0 0 0 0 0 0.2743 0.4348 0.5534 0.6159 0.6558 0.6852 0.7118 0.7347 0.7502 0.7629 0.7729 0.7818 0.7876 0.7917 0.7956 0 
Kmeans with centroids: 200
Distance computation
60205.4 11310.8
58150.2 10442.8
57365.8 10177.1
56927.2 10044.5
56638.5 9954.48
56438.8 9888.23
56314.5 9857.06
56207.6 9822.46
56122.3 9797.65
56055.1 9778.55
56006 9763.59
55965.4 9745.61
55930.3 9733.58
55907.9 9722.09
55885.7 9714.35
55867.9 9706.94
55859.9 9701.15
