Kmeans with centroids: 100
Distance computation
68596.9 14551.3
65671.6 12512.6
64696.3 11767.3
64218.2 11384.8
63933.7 11143.8
63737.7 10981.8
63593.3 10863.7
63481.7 10774.9
63389.2 10706.5
63314.4 10651.5
63254.3 10606.3
63203.3 10568.2
63165.6 10535.7
63135.6 10509
63112.6 10485.9
63093.9 10466
63077.8 10449.1
63061.7 10433.7
63048.2 10421.2
63036.5 10409.5
63026.7 10399.4
63017.8 10390
63009.9 10380.9
63001.7 10372.6
62994.4 10364.9
62988.8 10358
62983.4 10351.7
62977.5 10345.3
62972 10339.1
62967.4 10333.9
62961.7 10329.4
62956.6 10325
62951.6 10321.2
62947.1 10317.5
62941.3 10314.2
62936.3 10310.7
62931.7 10307.1
62926.4 10304.2
62921.6 10300.8
62916.9 10298
result for recall@ 1
10642 115470 218152 319150 415926 502001 590281 683387 778908 883722 1.00002e+06 
0.3375 0.443 0.4434 0.4434 0.4434 0.4434 0.4434 0.4434 0.4434 0.4434 0.4434 
result for recall@ 10
10642 115470 218152 319150 415926 502001 590281 683387 778908 883722 1.00002e+06 
0.4127 0.55678 0.55777 0.55784 0.55784 0.55784 0.55784 0.55784 0.55784 0.55784 0.55784 
result for recall@ 100
10642 115470 218152 319150 415926 502001 590281 683387 778908 883722 1.00002e+06 
0.434036 0.632082 0.634198 0.634305 0.634312 0.634312 0.634312 0.634312 0.634312 0.634312 0.634312 
Kmeans with centroids: 150
Distance computation
65718.2 14216.1
63034.4 12222.8
62166.8 11500.1
61711.5 11136.4
61436.3 10909.9
61254.9 10753.6
61128.1 10641.6
61034.9 10557.2
60964.3 10491.5
60907.9 10439.9
60860 10399.4
60820.6 10365.9
60786.3 10337.3
60755.5 10312.6
60729.6 10291.8
60708.1 10274.3
60690 10259.1
60673.4 10245.6
60659 10233.5
60646.4 10222.5
60634.6 10212.2
60624.5 10203.4
60615.9 10194.9
60608.9 10187.3
60601.1 10181.1
60595.3 10175.5
60588.5 10170.3
60582.7 10165.4
60577.3 10160.4
60573 10155.7
60568.1 10151.7
60563.2 10147.5
60558.1 10143.8
60554.9 10140.5
60550 10136.9
60545.8 10134
60541.8 10130.7
60537 10127.7
60533.4 10125.5
60529.4 10123.2
result for recall@ 1
7126 77169 145905 213621 280583 346243 409617 472487 531062 588814 649050 710575 774449 843243 918759 1.00002e+06 
0.3303 0.4575 0.4588 0.4587 0.4587 0.4587 0.4587 0.4587 0.4587 0.4587 0.4587 0.4587 0.4587 0.4587 0.4587 0.4587 
result for recall@ 10
7126 77169 145905 213621 280583 346243 409617 472487 531062 588814 649050 710575 774449 843243 918759 1.00002e+06 
0.3951 0.55724 0.55948 0.55968 0.55971 0.55971 0.55971 0.55971 0.55971 0.55971 0.55971 0.55971 0.55971 0.55971 0.55971 0.55971 
result for recall@ 100
7126 77169 145905 213621 280583 346243 409617 472487 531062 588814 649050 710575 774449 843243 918759 1.00002e+06 
0.408222 0.631612 0.636083 0.636489 0.636538 0.636546 0.636547 0.636548 0.636548 0.636548 0.636548 0.636548 0.636548 0.636548 0.636548 0.636548 
Kmeans with centroids: 200
Distance computation
63939.1 14173.5
61220 12164.6
60394.2 11412.3
59981.2 11034.2
59732.1 10799.9
59564.3 10639.7
59445.9 10522.6
59355.2 10434.4
59283.6 10365.5
59226.1 10311.8
59179.8 10266.8
59139.2 10230.1
59106 10199.3
59075.5 10173.1
59048.2 10150.5
59024 10131.8
59003 10115.2
58984.6 10100.9
58968.3 10088
58953 10076.4
58938.5 10064.9
58926.2 10055.3
58913.7 10046.6
58904.3 10038
58895.1 10030.3
58886.4 10023.3
58879.2 10017.7
58872.4 10011.9
58866.4 10007.5
58861.1 10002.8
58856.1 9998.39
58851.5 9994.29
58846.7 9990.93
58842.2 9987.51
58837.9 9984.29
58834.5 9981.43
58830.8 9978.87
58828 9976.23
58824.6 9973.09
58821.7 9970.65
result for recall@ 1
5347 57837 109315 160156 210569 260537 310063 358940 406065 452825 500458 543981 587180 631151 676697 724065 772857 824310 879154 937561 1.00002e+06 
0.3247 0.4623 0.4642 0.4641 0.4642 0.4643 0.4643 0.4643 0.4643 0.4643 0.4643 0.4643 0.4643 0.4643 0.4643 0.4643 0.4643 0.4643 0.4643 0.4643 0.4643 
result for recall@ 10
5347 57837 109315 160156 210569 260537 310063 358940 406065 452825 500458 543981 587180 631151 676697 724065 772857 824310 879154 937561 1.00002e+06 
0.3847 0.55908 0.56236 0.5626 0.56264 0.56266 0.56266 0.56266 0.56266 0.56266 0.56266 0.56266 0.56266 0.56266 0.56266 0.56266 0.56266 0.56266 0.56266 0.56266 0.56266 
result for recall@ 100
5347 57837 109315 160156 210569 260537 310063 358940 406065 452825 500458 543981 587180 631151 676697 724065 772857 824310 879154 937561 1.00002e+06 
0.392207 0.631728 0.638126 0.639014 0.639182 0.639219 0.639227 0.639229 0.639229 0.639228 0.639228 0.639228 0.639228 0.639228 0.639228 0.639228 0.639228 0.639228 0.639228 0.639228 0.639228 
Kmeans with centroids: 250
Distance computation
62934.4 14090.3
60123.1 12054.9
59243.9 11307.4
58806.9 10931.5
58538.2 10696.6
58358.5 10532.2
58233.2 10414.4
58138.2 10325.2
58065.6 10255.3
58009.1 10200.9
57964 10157
57926.4 10121.1
57895.5 10089.6
57868 10064.4
57846 10042.3
57826.1 10023.6
57807.5 10007.1
57790.7 9992.87
57775.7 9980.01
57761.3 9968.82
57747.8 9958.61
57735 9948.85
57722.9 9940.67
57711.5 9932.83
57701.8 9925.54
57692.2 9919.1
57684.6 9913.06
57677.3 9907.22
57669.6 9901.69
57662.5 9897.15
57656.9 9892.63
57650.2 9889
57644.5 9885.11
57639.8 9881.56
57635.3 9878.09
57630.2 9875.16
57625.3 9872.14
57621.5 9869.73
57618 9867.66
57614.2 9864.95
result for recall@ 1
4271 46438 88031 129098 169792 210089 250061 289687 328792 367161 404683 442032 480179 517359 552286 587410 622797 658696 695235 732616 771374 812356 855438 900718 948767 1.00002e+06 
0.3186 0.4576 0.459 0.4594 0.4594 0.4595 0.4595 0.4595 0.4595 0.4595 0.4595 0.4595 0.4595 0.4595 0.4595 0.4595 0.4595 0.4595 0.4595 0.4595 0.4595 0.4595 0.4595 0.4595 0.4595 0.4595 
result for recall@ 10
4271 46438 88031 129098 169792 210089 250061 289687 328792 367161 404683 442032 480179 517359 552286 587410 622797 658696 695235 732616 771374 812356 855438 900718 948767 1.00002e+06 
0.37464 0.55923 0.56315 0.56379 0.56379 0.56382 0.56383 0.56383 0.56383 0.56383 0.56383 0.56383 0.56383 0.56383 0.56383 0.56383 0.56383 0.56383 0.56383 0.56383 0.56383 0.56383 0.56383 0.56383 0.56383 0.56383 
result for recall@ 100
4271 46438 88031 129098 169792 210089 250061 289687 328792 367161 404683 442032 480179 517359 552286 587410 622797 658696 695235 732616 771374 812356 855438 900718 948767 1.00002e+06 
0.376177 0.630348 0.639073 0.640401 0.640743 0.64082 0.640845 0.64085 0.640851 0.640852 0.640852 0.640852 0.640853 0.640853 0.640853 0.640853 0.640853 0.640853 0.640853 0.640853 0.640853 0.640853 0.640853 0.640853 0.640853 0.640853 
Kmeans with centroids: 300
Distance computation
61461.4 13805.1
58959.1 11884.5
58177.8 11167.1
57775.3 10802.4
57526.4 10577.9
57358.9 10422.8
57242.6 10310.1
57154.3 10223.6
57084.4 10157
57028.6 10104.2
56984.9 10061.7
56948.1 10026.9
56914.7 9997.42
56885.4 9971.65
56859.7 9950.34
56836.9 9932.34
56817.2 9916.52
56798.8 9901.46
56781.3 9888.62
56767 9877.69
56754.1 9867.54
56741 9858.29
56730.8 9849.69
56719.6 9841.91
56711.5 9835.52
56702.5 9829.2
56693.1 9823.49
56684.3 9817.58
56676.9 9812.65
56670.7 9808.01
56665.5 9803.32
56660.2 9798.77
56655.2 9794.47
56650.4 9790.65
56646.5 9787.49
56642 9783.69
56638.8 9780.63
56634.9 9777.24
56632.2 9774.74
56628.8 9772.2
result for recall@ 1
3582 38743 73404 107707 141739 175624 209301 242747 275975 308867 341269 373182 404619 435971 467316 496310 525818 555017 584410 614194 644412 675073 706211 737902 770459 804137 839203 875957 914804 955364 1.00002e+06 
0.3182 0.4582 0.4604 0.4612 0.4612 0.4613 0.4613 0.4613 0.4613 0.4613 0.4613 0.4613 0.4613 0.4613 0.4613 0.4613 0.4613 0.4613 0.4613 0.4613 0.4613 0.4613 0.4613 0.4613 0.4613 0.4613 0.4613 0.4613 0.4613 0.4613 0.4613 
result for recall@ 10
3582 38743 73404 107707 141739 175624 209301 242747 275975 308867 341269 373182 404619 435971 467316 496310 525818 555017 584410 614194 644412 675073 706211 737902 770459 804137 839203 875957 914804 955364 1.00002e+06 
0.36933 0.56191 0.56686 0.56773 0.56777 0.56781 0.56782 0.56782 0.56782 0.56782 0.56782 0.56782 0.56782 0.56782 0.56782 0.56782 0.56782 0.56782 0.56782 0.56782 0.56782 0.56782 0.56782 0.56782 0.56782 0.56782 0.56782 0.56782 0.56782 0.56782 0.56782 
result for recall@ 100
3582 38743 73404 107707 141739 175624 209301 242747 275975 308867 341269 373182 404619 435971 467316 496310 525818 555017 584410 614194 644412 675073 706211 737902 770459 804137 839203 875957 914804 955364 1.00002e+06 
0.36547 0.628904 0.639298 0.641194 0.641631 0.641779 0.641824 0.641839 0.641845 0.641847 0.641848 0.641848 0.641848 0.641848 0.641848 0.641848 0.641848 0.641848 0.641848 0.641848 0.641848 0.641848 0.641848 0.641848 0.641848 0.641848 0.641848 0.641848 0.641848 0.641848 0.641848 
Kmeans with centroids: 350
Distance computation
60705 13680.6
58180.8 11800.5
57401 11094.9
57010.4 10733.9
56774.9 10508.6
56614.5 10353.6
56494.2 10242.3
56400.9 10157
56325.8 10090.4
56265.4 10037
56215.1 9992.94
56171.7 9955.75
56136.1 9924.77
56104.7 9898.47
56079.3 9876.13
56054.9 9856.88
56034.3 9840.7
56016.8 9826.33
56000.9 9813.51
55986 9802.26
55973.2 9792.21
55960.4 9783.37
55948.8 9774.92
55937.7 9767.29
55928.3 9759.82
55920.2 9753.01
55911.8 9746.58
55904.1 9741.18
55896.4 9736.3
55889 9731.57
55881.9 9727.35
55875.1 9723.16
55868.8 9719.04
55863.1 9715.58
55857.6 9711.9
55852.3 9708.48
55847.4 9705.48
55842.1 9702.82
55838.3 9699.91
55834.2 9696.93
result for recall@ 1
3049 33288 63057 92540 121871 151090 180197 209203 238052 266707 295109 323205 350956 378243 405441 432617 458942 483399 507822 532862 558491 584093 609790 635657 661725 688161 714944 742138 770078 798923 828865 860229 892870 926644 961689 1.00002e+06 
0.3074 0.4685 0.4718 0.4723 0.4724 0.4723 0.4723 0.4723 0.4723 0.4723 0.4723 0.4723 0.4723 0.4723 0.4723 0.4723 0.4723 0.4723 0.4723 0.4723 0.4723 0.4723 0.4723 0.4723 0.4723 0.4723 0.4723 0.4723 0.4723 0.4723 0.4723 0.4723 0.4723 0.4723 0.4723 0.4723 
result for recall@ 10
3049 33288 63057 92540 121871 151090 180197 209203 238052 266707 295109 323205 350956 378243 405441 432617 458942 483399 507822 532862 558491 584093 609790 635657 661725 688161 714944 742138 770078 798923 828865 860229 892870 926644 961689 1.00002e+06 
0.36138 0.56414 0.57051 0.57131 0.57147 0.57153 0.57154 0.57155 0.57155 0.57157 0.57157 0.57157 0.57157 0.57157 0.57157 0.57157 0.57157 0.57157 0.57157 0.57157 0.57157 0.57157 0.57157 0.57157 0.57157 0.57157 0.57157 0.57157 0.57157 0.57157 0.57157 0.57157 0.57157 0.57157 0.57157 0.57157 
result for recall@ 100
3049 33288 63057 92540 121871 151090 180197 209203 238052 266707 295109 323205 350956 378243 405441 432617 458942 483399 507822 532862 558491 584093 609790 635657 661725 688161 714944 742138 770078 798923 828865 860229 892870 926644 961689 1.00002e+06 
0.354396 0.628491 0.640577 0.642907 0.643533 0.64375 0.643838 0.643863 0.643883 0.64389 0.643891 0.643892 0.643892 0.643892 0.643892 0.643892 0.643892 0.643892 0.643892 0.643892 0.643892 0.643892 0.643892 0.643892 0.643892 0.643892 0.643892 0.643892 0.643892 0.643892 0.643892 0.643892 0.643892 0.643892 0.643892 0.643892 
Kmeans with centroids: 400
Distance computation
59826.4 13537
57492.8 11721.1
56712.9 11022
56304.3 10662
56056.1 10437.2
55882.7 10283.5
55756.7 10170.5
55658.9 10084.1
55581.4 10018.1
55519.7 9964.67
55470.5 9922.75
55428.4 9886.94
55393.2 9857.3
55362.9 9831.78
55338 9808.62
55316.7 9789.32
55298.9 9772.64
55282.8 9757.27
55267.8 9744.28
55254.7 9732.67
55242.7 9722.91
55232 9713.01
55222.4 9704.62
55212 9697.03
55202.5 9690.37
55193.2 9684.12
55185.9 9678.32
55177.6 9672.89
55170.1 9667.71
55163.5 9663.5
55157.1 9658.87
55151.6 9654.64
55145.1 9651.05
55139.8 9647.7
55134 9644.6
55129.5 9641.46
55125.1 9638.4
55120.9 9635.63
55117 9633.18
55112.8 9630.61
result for recall@ 1
2680 29132 55221 81021 106697 132288 157805 183249 208569 233683 258736 283622 308318 332652 356582 380200 403585 426853 450206 473883 496582 518808 540481 562345 584529 606992 629666 652475 675479 698646 722021 745772 770111 795183 820999 847809 875718 904579 934416 965407 1.00002e+06 
0.3068 0.4692 0.4734 0.474 0.4746 0.4747 0.4747 0.4747 0.4747 0.4747 0.4747 0.4747 0.4747 0.4747 0.4747 0.4747 0.4747 0.4747 0.4747 0.4747 0.4747 0.4747 0.4747 0.4747 0.4747 0.4747 0.4747 0.4747 0.4747 0.4747 0.4747 0.4747 0.4747 0.4747 0.4747 0.4747 0.4747 0.4747 0.4747 0.4747 0.4747 
result for recall@ 10
2680 29132 55221 81021 106697 132288 157805 183249 208569 233683 258736 283622 308318 332652 356582 380200 403585 426853 450206 473883 496582 518808 540481 562345 584529 606992 629666 652475 675479 698646 722021 745772 770111 795183 820999 847809 875718 904579 934416 965407 1.00002e+06 
0.35658 0.56124 0.56845 0.56956 0.56982 0.56995 0.57 0.56999 0.56999 0.56999 0.57 0.57 0.57 0.57 0.57 0.57 0.57 0.57 0.57 0.57 0.57 0.57 0.57 0.57 0.57 0.57 0.57 0.57 0.57 0.57 0.57 0.57 0.57 0.57 0.57 0.57 0.57 0.57 0.57 0.57 0.57 
result for recall@ 100
2680 29132 55221 81021 106697 132288 157805 183249 208569 233683 258736 283622 308318 332652 356582 380200 403585 426853 450206 473883 496582 518808 540481 562345 584529 606992 629666 652475 675479 698646 722021 745772 770111 795183 820999 847809 875718 904579 934416 965407 1.00002e+06 
0.346174 0.626676 0.640504 0.643308 0.644137 0.644377 0.644484 0.64454 0.644566 0.644571 0.644574 0.644574 0.644574 0.644574 0.644574 0.644575 0.644575 0.644575 0.644575 0.644575 0.644575 0.644575 0.644575 0.644575 0.644575 0.644575 0.644575 0.644575 0.644575 0.644575 0.644575 0.644575 0.644575 0.644575 0.644575 0.644575 0.644575 0.644575 0.644575 0.644575 0.644575 
Kmeans with centroids: 450
Distance computation
58891.2 13434.1
56689.3 11643
55996.7 10944.7
55646.3 10585.2
55425.6 10361.7
55274.6 10208.1
55164.8 10096.9
55080.2 10011.8
55013 9947.06
54959.5 9895.25
54913.9 9852.93
54875.8 9818.61
54842.4 9789.19
54812.6 9764.85
54787.2 9743.98
54763 9725.77
54742 9709.44
54720.9 9695.93
54703.9 9683.48
54684.8 9672.74
54668.7 9662.18
54652.7 9653.01
54637.9 9644.11
54626.3 9636.67
54615 9628.86
54605.8 9622.24
54594.9 9616.53
54586.1 9610.82
54578.2 9605.71
54570.5 9600.87
54563.3 9596.31
54555.9 9592.1
54549.5 9587.85
54542.5 9583.8
54536.1 9579.78
54530.5 9576.64
54524.6 9573.41
54519.1 9570.42
54513.6 9567.34
54507.9 9564.46
result for recall@ 1
2377 26013 49236 72203 95081 117821 140415 162849 185203 207506 229698 251810 273827 295674 317343 338765 359928 380846 401714 422594 443550 464801 486595 507367 526801 546071 565384 584789 604342 624089 644071 664332 684820 705556 726560 747832 769434 791485 814153 837594 861958 887207 913302 940280 968679 1.00002e+06 
0.3031 0.471 0.4766 0.4771 0.4775 0.4775 0.4775 0.4775 0.4775 0.4775 0.4775 0.4775 0.4775 0.4775 0.4775 0.4775 0.4775 0.4775 0.4775 0.4775 0.4775 0.4775 0.4775 0.4775 0.4775 0.4775 0.4775 0.4775 0.4775 0.4775 0.4775 0.4775 0.4775 0.4775 0.4775 0.4775 0.4775 0.4775 0.4775 0.4775 0.4775 0.4775 0.4775 0.4775 0.4775 0.4775 
result for recall@ 10
2377 26013 49236 72203 95081 117821 140415 162849 185203 207506 229698 251810 273827 295674 317343 338765 359928 380846 401714 422594 443550 464801 486595 507367 526801 546071 565384 584789 604342 624089 644071 664332 684820 705556 726560 747832 769434 791485 814153 837594 861958 887207 913302 940280 968679 1.00002e+06 
0.34837 0.55931 0.5678 0.56891 0.56931 0.56931 0.5694 0.56943 0.56943 0.56944 0.56944 0.56944 0.56945 0.56945 0.56945 0.56945 0.56945 0.56945 0.56945 0.56945 0.56945 0.56945 0.56945 0.56945 0.56945 0.56945 0.56945 0.56945 0.56945 0.56945 0.56945 0.56945 0.56945 0.56945 0.56945 0.56945 0.56945 0.56945 0.56945 0.56945 0.56945 0.56945 0.56945 0.56945 0.56945 0.56945 
result for recall@ 100
2377 26013 49236 72203 95081 117821 140415 162849 185203 207506 229698 251810 273827 295674 317343 338765 359928 380846 401714 422594 443550 464801 486595 507367 526801 546071 565384 584789 604342 624089 644071 664332 684820 705556 726560 747832 769434 791485 814153 837594 861958 887207 913302 940280 968679 1.00002e+06 
0.338343 0.624944 0.640265 0.643567 0.644626 0.644994 0.645162 0.645246 0.645285 0.645295 0.645296 0.645297 0.6453 0.645301 0.645301 0.645301 0.645301 0.645301 0.645301 0.645301 0.645301 0.645301 0.645301 0.645301 0.645301 0.645301 0.645301 0.645301 0.645301 0.645301 0.645301 0.645301 0.645301 0.645301 0.645301 0.645301 0.645301 0.645301 0.645301 0.645301 0.645301 0.645301 0.645301 0.645301 0.645301 0.645301 
Kmeans with centroids: 500
Distance computation
58414.3 13284.9
56190.6 11518.8
55488.3 10848.5
55126.6 10504.4
54902.6 10289.5
54750.6 10141.9
54637 10035.1
54551.9 9953.92
54481 9890.75
54425.4 9840.33
54378.1 9799.25
54337.8 9764
54302.7 9734.68
54272.5 9708.96
54246.3 9687.29
54222.8 9669
54199.9 9652.86
54179.4 9638.52
54162.2 9625.45
54144.4 9613.88
54128.1 9603.83
54113.3 9595.43
54100.5 9586.74
54088.8 9579.84
54078.6 9573.35
54067.9 9566.76
54058.3 9560.9
54049.4 9554.82
54041.2 9549.68
54033.8 9544.13
54026.6 9539.42
54020.3 9535.66
54014.6 9531.62
54008.8 9528.22
54003.2 9524.9
53997.5 9521.79
53993.3 9518.44
53989.2 9515.94
53985.1 9513.15
53980.9 9510.79
result for recall@ 1
2144 23396 44343 65008 85556 105998 126322 146531 166687 186791 206830 226797 246710 266506 286220 305787 325187 344404 363470 382371 401197 419930 438714 457722 477028 496112 514064 531532 549031 566617 584293 602074 619938 637888 655956 674200 692625 711247 730133 749316 768868 788860 809293 830218 851754 874053 897125 920769 944998 970506 1.00002e+06 
0.2954 0.4586 0.4656 0.4662 0.4661 0.4662 0.4662 0.4662 0.4662 0.4662 0.4662 0.4662 0.4662 0.4662 0.4662 0.4662 0.4662 0.4662 0.4662 0.4662 0.4662 0.4662 0.4662 0.4662 0.4662 0.4662 0.4662 0.4662 0.4662 0.4662 0.4662 0.4662 0.4662 0.4662 0.4662 0.4662 0.4662 0.4662 0.4662 0.4662 0.4662 0.4662 0.4662 0.4662 0.4662 0.4662 0.4662 0.4662 0.4662 0.4662 0.4662 
result for recall@ 10
2144 23396 44343 65008 85556 105998 126322 146531 166687 186791 206830 226797 246710 266506 286220 305787 325187 344404 363470 382371 401197 419930 438714 457722 477028 496112 514064 531532 549031 566617 584293 602074 619938 637888 655956 674200 692625 711247 730133 749316 768868 788860 809293 830218 851754 874053 897125 920769 944998 970506 1.00002e+06 
0.3483 0.56168 0.57005 0.57168 0.5722 0.57233 0.57238 0.57244 0.57245 0.57245 0.57245 0.57245 0.57245 0.57245 0.57245 0.57245 0.57245 0.57245 0.57245 0.57245 0.57245 0.57245 0.57245 0.57245 0.57245 0.57245 0.57245 0.57245 0.57245 0.57245 0.57245 0.57245 0.57245 0.57245 0.57245 0.57245 0.57245 0.57245 0.57245 0.57245 0.57245 0.57245 0.57245 0.57245 0.57245 0.57245 0.57245 0.57245 0.57245 0.57245 0.57245 
result for recall@ 100
2144 23396 44343 65008 85556 105998 126322 146531 166687 186791 206830 226797 246710 266506 286220 305787 325187 344404 363470 382371 401197 419930 438714 457722 477028 496112 514064 531532 549031 566617 584293 602074 619938 637888 655956 674200 692625 711247 730133 749316 768868 788860 809293 830218 851754 874053 897125 920769 944998 970506 1.00002e+06 
0.332361 0.624423 0.640805 0.644387 0.645691 0.646133 0.64633 0.646414 0.64646 0.646485 0.646493 0.646496 0.646498 0.646498 0.646501 0.646502 0.646502 0.646502 0.646502 0.646502 0.646502 0.646502 0.646502 0.646502 0.646502 0.646502 0.646502 0.646502 0.646502 0.646502 0.646502 0.646502 0.646502 0.646502 0.646502 0.646502 0.646502 0.646502 0.646502 0.646502 0.646502 0.646502 0.646502 0.646502 0.646502 0.646502 0.646502 0.646502 0.646502 0.646502 0.646502 
Kmeans with centroids: 550
Distance computation
57884.7 13179
55690.4 11463.1
54998.1 10792.6
54643 10449.9
54425.2 10235.6
54277.5 10088.2
54165.2 9982.11
54079.6 9902.08
54011.5 9839.22
53956.3 9788.62
53910.1 9747.57
53871.2 9713.35
53836.9 9685.6
53808.3 9661.98
53781.9 9640.49
53758 9622.51
53736.8 9606.83
53717.6 9592.62
53699.7 9579.57
53682.7 9568.21
53668.6 9557.53
53654.9 9547.78
53641.7 9539.65
53630.2 9532.48
53619.1 9525.43
53609.2 9518.91
53599.9 9512.71
53590.8 9506.97
53583.6 9501.71
53574.8 9497.3
53568.1 9493.14
53562.4 9489.02
53554.9 9485.55
53548.9 9481.71
53543.5 9478.63
53537.8 9475.58
53532.9 9472.57
53527.3 9469.85
53522 9467.46
53517.1 9464.39
result for recall@ 1
1938 21244 40238 59024 77642 96147 114586 132925 151211 169458 187617 205687 223677 241625 259510 277281 294975 312546 330046 347444 364777 382062 399354 416683 434064 451606 469416 486828 503645 519942 535806 551661 567539 583505 599551 615697 631973 648421 665012 681729 698600 715638 732849 750236 767845 785735 804011 822774 842113 862054 882658 904005 926102 948893 972851 1.00002e+06 
0.2958 0.4624 0.4693 0.4707 0.4707 0.4707 0.4707 0.4708 0.4709 0.4709 0.4709 0.4709 0.4709 0.4709 0.4709 0.4709 0.4709 0.4709 0.4709 0.4709 0.4709 0.4709 0.4709 0.4709 0.4709 0.4709 0.4709 0.4709 0.4709 0.4709 0.4709 0.4709 0.4709 0.4709 0.4709 0.4709 0.4709 0.4709 0.4709 0.4709 0.4709 0.4709 0.4709 0.4709 0.4709 0.4709 0.4709 0.4709 0.4709 0.4709 0.4709 0.4709 0.4709 0.4709 0.4709 0.4709 
result for recall@ 10
1938 21244 40238 59024 77642 96147 114586 132925 151211 169458 187617 205687 223677 241625 259510 277281 294975 312546 330046 347444 364777 382062 399354 416683 434064 451606 469416 486828 503645 519942 535806 551661 567539 583505 599551 615697 631973 648421 665012 681729 698600 715638 732849 750236 767845 785735 804011 822774 842113 862054 882658 904005 926102 948893 972851 1.00002e+06 
0.34148 0.56152 0.57085 0.57283 0.57346 0.57362 0.5737 0.57377 0.5738 0.5738 0.5738 0.5738 0.5738 0.5738 0.5738 0.5738 0.5738 0.5738 0.5738 0.5738 0.5738 0.5738 0.5738 0.5738 0.5738 0.5738 0.5738 0.5738 0.5738 0.5738 0.5738 0.5738 0.5738 0.5738 0.5738 0.5738 0.5738 0.5738 0.5738 0.5738 0.5738 0.5738 0.5738 0.5738 0.5738 0.5738 0.5738 0.5738 0.5738 0.5738 0.5738 0.5738 0.5738 0.5738 0.5738 0.5738 
result for recall@ 100
1938 21244 40238 59024 77642 96147 114586 132925 151211 169458 187617 205687 223677 241625 259510 277281 294975 312546 330046 347444 364777 382062 399354 416683 434064 451606 469416 486828 503645 519942 535806 551661 567539 583505 599551 615697 631973 648421 665012 681729 698600 715638 732849 750236 767845 785735 804011 822774 842113 862054 882658 904005 926102 948893 972851 1.00002e+06 
0.323633 0.622045 0.640091 0.644506 0.64594 0.646508 0.646726 0.646861 0.64693 0.64696 0.646971 0.646982 0.646985 0.64699 0.646992 0.646992 0.646992 0.646993 0.646993 0.646993 0.646993 0.646993 0.646993 0.646993 0.646993 0.646993 0.646993 0.646993 0.646993 0.646993 0.646993 0.646993 0.646993 0.646993 0.646993 0.646993 0.646993 0.646993 0.646993 0.646993 0.646993 0.646993 0.646993 0.646993 0.646993 0.646993 0.646993 0.646993 0.646993 0.646993 0.646993 0.646993 0.646993 0.646993 0.646993 0.646993 
Kmeans with centroids: 600
Distance computation
57563.2 13268.1
55313.2 11512.7
54615.4 10823.2
54251.9 10463.3
54020.7 10236.6
53857 10078.7
53729.5 9962.54
53633.1 9876.16
53558.9 9807.96
53498.4 9753.4
53448.9 9708.88
53407.3 9671.92
53371.5 9641.26
53342 9615.52
53314.7 9593.64
53292.3 9574.21
53272.2 9558.44
53254 9544.54
53237.3 9532.59
53222.3 9521.48
53207.6 9512.34
53194.4 9503.94
53181.6 9495.82
53169.5 9488.75
53158.1 9481.66
53148.4 9475.4
53139.3 9469.8
53129.7 9464.13
53121.3 9458.84
53114.5 9454.38
53107.6 9450.01
53101.1 9445.85
53095 9441.79
53089.3 9437.49
53083 9434.2
53077.3 9430.64
53071.8 9427.54
53066.2 9424.46
53061.5 9421.7
53057.8 9418.95
result for recall@ 1
1782 19561 37082 54419 71621 88711 105712 122665 139549 156410 173204 189950 206613 223170 239678 256136 272532 288866 305085 321216 337203 353062 368787 384395 399961 415552 431233 447040 463103 479480 495759 510620 525168 539705 554261 568894 583620 598425 613318 628297 643362 658553 673860 689303 704889 720655 736592 752708 769052 785620 802442 819581 837127 855180 873792 892898 912478 932576 953266 975151 1.00002e+06 
0.2921 0.4655 0.4715 0.4714 0.4719 0.472 0.472 0.472 0.472 0.472 0.472 0.472 0.472 0.472 0.472 0.472 0.472 0.472 0.472 0.472 0.472 0.472 0.472 0.472 0.472 0.472 0.472 0.472 0.472 0.472 0.472 0.472 0.472 0.472 0.472 0.472 0.472 0.472 0.472 0.472 0.472 0.472 0.472 0.472 0.472 0.472 0.472 0.472 0.472 0.472 0.472 0.472 0.472 0.472 0.472 0.472 0.472 0.472 0.472 0.472 0.472 
result for recall@ 10
1782 19561 37082 54419 71621 88711 105712 122665 139549 156410 173204 189950 206613 223170 239678 256136 272532 288866 305085 321216 337203 353062 368787 384395 399961 415552 431233 447040 463103 479480 495759 510620 525168 539705 554261 568894 583620 598425 613318 628297 643362 658553 673860 689303 704889 720655 736592 752708 769052 785620 802442 819581 837127 855180 873792 892898 912478 932576 953266 975151 1.00002e+06 
0.33972 0.56171 0.57166 0.57418 0.57476 0.57513 0.57522 0.57532 0.57533 0.57536 0.57537 0.57537 0.57537 0.57537 0.57537 0.57537 0.57537 0.57537 0.57537 0.57537 0.57537 0.57537 0.57537 0.57537 0.57537 0.57537 0.57537 0.57537 0.57537 0.57537 0.57537 0.57537 0.57537 0.57537 0.57537 0.57537 0.57537 0.57537 0.57537 0.57537 0.57537 0.57537 0.57537 0.57537 0.57537 0.57537 0.57537 0.57537 0.57537 0.57537 0.57537 0.57537 0.57537 0.57537 0.57537 0.57537 0.57537 0.57537 0.57537 0.57537 0.57537 
result for recall@ 100
1782 19561 37082 54419 71621 88711 105712 122665 139549 156410 173204 189950 206613 223170 239678 256136 272532 288866 305085 321216 337203 353062 368787 384395 399961 415552 431233 447040 463103 479480 495759 510620 525168 539705 554261 568894 583620 598425 613318 628297 643362 658553 673860 689303 704889 720655 736592 752708 769052 785620 802442 819581 837127 855180 873792 892898 912478 932576 953266 975151 1.00002e+06 
0.319539 0.620792 0.639842 0.644475 0.646111 0.646825 0.647083 0.647222 0.647284 0.647329 0.647347 0.647358 0.647367 0.64737 0.64737 0.64737 0.64737 0.647372 0.647372 0.647372 0.647372 0.647372 0.647372 0.647372 0.647372 0.647372 0.647372 0.647372 0.647372 0.647372 0.647372 0.647372 0.647372 0.647372 0.647372 0.647372 0.647372 0.647372 0.647372 0.647372 0.647372 0.647372 0.647372 0.647372 0.647372 0.647372 0.647372 0.647372 0.647372 0.647372 0.647372 0.647372 0.647372 0.647372 0.647372 0.647372 0.647372 0.647372 0.647372 0.647372 0.647372 
Kmeans with centroids: 650
Distance computation
57129.2 13087.9
54928.3 11381.7
54239 10719.7
53882.4 10378.7
53654 10162.3
53493 10013.3
53371.2 9904.75
53278.3 9822.75
53204.1 9758.76
53143 9707.32
53091 9665.2
53044.7 9630.38
53004.5 9600.75
52972.1 9575.65
52942.8 9554.11
52916.1 9535.24
52893.2 9518.89
52871.7 9504.29
52853.4 9491.6
52836.4 9480.47
52821.2 9469.75
52808.8 9460.26
52794.9 9452.55
52782.5 9444.87
52771.7 9438.36
52761.8 9431.4
52752.1 9424.82
52743.2 9419.74
52736.1 9414.5
52729 9409.47
52721.2 9404.78
52715.4 9400.8
52709.2 9396.95
52704.2 9393.39
52698.7 9389.99
52693.8 9386.8
52690 9384.1
52686.2 9381.26
52682.5 9379.27
52678.7 9376.84
result for recall@ 1
1649 17990 34091 50011 65824 81554 97184 112743 128261 143732 159156 174560 189918 205264 220551 235788 250949 266103 281177 296202 311168 326077 340884 355632 370297 384900 399459 414006 428617 443322 458236 473347 488498 502779 516274 529668 543054 556433 569847 583324 596901 610566 624325 638156 652079 666102 680220 694438 708795 723287 737932 752746 767767 783007 798518 814332 830451 846978 863996 881479 899390 917680 936331 955598 976200 1.00002e+06 
0.2985 0.4715 0.4769 0.478 0.4789 0.4791 0.4792 0.4792 0.4793 0.4794 0.4794 0.4794 0.4794 0.4794 0.4794 0.4794 0.4794 0.4794 0.4794 0.4794 0.4794 0.4794 0.4794 0.4794 0.4794 0.4794 0.4794 0.4794 0.4794 0.4794 0.4794 0.4794 0.4794 0.4794 0.4794 0.4794 0.4794 0.4794 0.4794 0.4794 0.4794 0.4794 0.4794 0.4794 0.4794 0.4794 0.4794 0.4794 0.4794 0.4794 0.4794 0.4794 0.4794 0.4794 0.4794 0.4794 0.4794 0.4794 0.4794 0.4794 0.4794 0.4794 0.4794 0.4794 0.4794 0.4794 
result for recall@ 10
1649 17990 34091 50011 65824 81554 97184 112743 128261 143732 159156 174560 189918 205264 220551 235788 250949 266103 281177 296202 311168 326077 340884 355632 370297 384900 399459 414006 428617 443322 458236 473347 488498 502779 516274 529668 543054 556433 569847 583324 596901 610566 624325 638156 652079 666102 680220 694438 708795 723287 737932 752746 767767 783007 798518 814332 830451 846978 863996 881479 899390 917680 936331 955598 976200 1.00002e+06 
0.33774 0.5625 0.5737 0.57602 0.57686 0.57724 0.57737 0.57738 0.57742 0.57745 0.57748 0.57748 0.57748 0.57748 0.57748 0.57748 0.57748 0.57748 0.57748 0.57748 0.57748 0.57748 0.57748 0.57748 0.57748 0.57748 0.57748 0.57748 0.57748 0.57748 0.57748 0.57748 0.57748 0.57748 0.57748 0.57748 0.57748 0.57748 0.57748 0.57748 0.57748 0.57748 0.57748 0.57748 0.57748 0.57748 0.57748 0.57748 0.57748 0.57748 0.57748 0.57748 0.57748 0.57748 0.57748 0.57748 0.57748 0.57748 0.57748 0.57748 0.57748 0.57748 0.57748 0.57748 0.57748 0.57748 
result for recall@ 100
1649 17990 34091 50011 65824 81554 97184 112743 128261 143732 159156 174560 189918 205264 220551 235788 250949 266103 281177 296202 311168 326077 340884 355632 370297 384900 399459 414006 428617 443322 458236 473347 488498 502779 516274 529668 543054 556433 569847 583324 596901 610566 624325 638156 652079 666102 680220 694438 708795 723287 737932 752746 767767 783007 798518 814332 830451 846978 863996 881479 899390 917680 936331 955598 976200 1.00002e+06 
0.315489 0.619583 0.640159 0.645294 0.647163 0.64797 0.64833 0.648495 0.648593 0.648652 0.648678 0.648692 0.648707 0.648716 0.648721 0.648721 0.648721 0.648722 0.648722 0.648722 0.648722 0.648722 0.648722 0.648722 0.648722 0.648722 0.648722 0.648722 0.648722 0.648722 0.648722 0.648722 0.648722 0.648722 0.648722 0.648722 0.648722 0.648722 0.648722 0.648722 0.648722 0.648722 0.648722 0.648722 0.648722 0.648722 0.648722 0.648722 0.648722 0.648722 0.648722 0.648722 0.648722 0.648722 0.648722 0.648722 0.648722 0.648722 0.648722 0.648722 0.648722 0.648722 0.648722 0.648722 0.648722 0.648722 
Kmeans with centroids: 700
Distance computation
56728.2 13032.1
54609.6 11361.9
53908.9 10699.5
53536.3 10352.4
53298.6 10131.6
53133.3 9978.37
53009.8 9866.67
52914.1 9783.26
52836.4 9717.23
52771.9 9666.08
52714.9 9623.81
52666.6 9588.53
52623.8 9559.27
52584.5 9534.17
52552 9512
52523.9 9493.41
52499.4 9476.34
52477.1 9461.63
52458.3 9449.12
52440.8 9437.63
52425.1 9427.38
52411.2 9418.76
52399.6 9410.82
52388.5 9403.22
52377.4 9396.31
52368.9 9390.26
52360.4 9384.82
52352.5 9379.63
52345.5 9374.66
52339.5 9369.82
52333.7 9365.3
52328 9361.09
52322.1 9357.47
52317.2 9353.56
52311.8 9350.45
52306.7 9347.51
52302.3 9344.74
52298.3 9342.17
52295.3 9339.57
52291.8 9337.32
result for recall@ 1
1540 16845 31933 46906 61749 76504 91201 105833 120396 134888 149313 163722 178091 192417 206660 220852 234999 249107 263148 277165 291106 304997 318830 332580 346247 359844 373387 386838 400237 413624 427044 440516 454083 467876 481888 495879 508545 520894 533202 545539 557903 570337 582813 595336 607935 620594 633334 646171 659083 672113 685252 698506 711889 725417 739095 752939 766946 781140 795512 810116 824991 840227 855818 871812 888204 905005 922235 939964 958255 977621 1.00002e+06 
0.2965 0.4675 0.4732 0.4747 0.4754 0.4754 0.4755 0.4756 0.4756 0.4756 0.4756 0.4756 0.4756 0.4756 0.4756 0.4756 0.4756 0.4756 0.4756 0.4756 0.4756 0.4756 0.4756 0.4756 0.4756 0.4756 0.4756 0.4756 0.4756 0.4756 0.4756 0.4756 0.4756 0.4756 0.4756 0.4756 0.4756 0.4756 0.4756 0.4756 0.4756 0.4756 0.4756 0.4756 0.4756 0.4756 0.4756 0.4756 0.4756 0.4756 0.4756 0.4756 0.4756 0.4756 0.4756 0.4756 0.4756 0.4756 0.4756 0.4756 0.4756 0.4756 0.4756 0.4756 0.4756 0.4756 0.4756 0.4756 0.4756 0.4756 0.4756 
result for recall@ 10
1540 16845 31933 46906 61749 76504 91201 105833 120396 134888 149313 163722 178091 192417 206660 220852 234999 249107 263148 277165 291106 304997 318830 332580 346247 359844 373387 386838 400237 413624 427044 440516 454083 467876 481888 495879 508545 520894 533202 545539 557903 570337 582813 595336 607935 620594 633334 646171 659083 672113 685252 698506 711889 725417 739095 752939 766946 781140 795512 810116 824991 840227 855818 871812 888204 905005 922235 939964 958255 977621 1.00002e+06 
0.33301 0.56068 0.57161 0.57407 0.57487 0.57524 0.57543 0.57556 0.57559 0.57561 0.57562 0.57562 0.57563 0.57563 0.57563 0.57563 0.57563 0.57563 0.57563 0.57563 0.57563 0.57563 0.57563 0.57563 0.57563 0.57563 0.57563 0.57563 0.57563 0.57563 0.57563 0.57563 0.57563 0.57563 0.57563 0.57563 0.57563 0.57563 0.57563 0.57563 0.57563 0.57563 0.57563 0.57563 0.57563 0.57563 0.57563 0.57563 0.57563 0.57563 0.57563 0.57563 0.57563 0.57563 0.57563 0.57563 0.57563 0.57563 0.57563 0.57563 0.57563 0.57563 0.57563 0.57563 0.57563 0.57563 0.57563 0.57563 0.57563 0.57563 0.57563 
result for recall@ 100
1540 16845 31933 46906 61749 76504 91201 105833 120396 134888 149313 163722 178091 192417 206660 220852 234999 249107 263148 277165 291106 304997 318830 332580 346247 359844 373387 386838 400237 413624 427044 440516 454083 467876 481888 495879 508545 520894 533202 545539 557903 570337 582813 595336 607935 620594 633334 646171 659083 672113 685252 698506 711889 725417 739095 752939 766946 781140 795512 810116 824991 840227 855818 871812 888204 905005 922235 939964 958255 977621 1.00002e+06 
0.309433 0.618452 0.639655 0.645376 0.647284 0.648157 0.648568 0.648773 0.648869 0.648923 0.648969 0.648996 0.649008 0.649013 0.649018 0.649017 0.649018 0.649019 0.649021 0.649021 0.649021 0.649021 0.649021 0.649021 0.649021 0.649021 0.649021 0.649021 0.649021 0.649021 0.649021 0.649021 0.649021 0.649021 0.649021 0.649021 0.649021 0.649021 0.649021 0.649021 0.649021 0.649021 0.649021 0.649021 0.649021 0.649021 0.649021 0.649021 0.649021 0.649021 0.649021 0.649021 0.649021 0.649021 0.649021 0.649021 0.649021 0.649021 0.649021 0.649021 0.649021 0.649021 0.649021 0.649021 0.649021 0.649021 0.649021 0.649021 0.649021 0.649021 0.649021 
Kmeans with centroids: 750
Distance computation
56335 12998.2
54171.2 11298
53480.7 10637.4
53119.7 10296.2
52891.9 10080.3
52733.5 9931.96
52614.6 9823.5
52523 9741.36
52447.7 9677.33
52386.7 9625.96
52335.3 9584.15
52292.3 9549.82
52256.2 9520.72
52224.5 9495.97
52196.3 9474.14
52172.5 9455.78
52149.7 9439.84
52130.8 9426.18
52113.8 9414
52099.2 9403.01
52085.5 9393.45
52072.8 9385.07
52063.1 9377.3
52052.5 9370.37
52042.9 9364
52034.5 9357.97
52026.5 9352.62
52019.8 9347.67
52013 9343.05
52006.2 9338.77
51999.6 9334.57
51994.3 9331.03
51988.9 9327.58
51984.9 9324.25
51980.4 9321.03
51975.1 9318.11
51971.4 9315.24
51966.8 9312.63
51962.8 9310.07
51958.3 9307.18
result for recall@ 1
1435 15726 29822 43757 57617 71382 85084 98742 112348 125890 139376 152829 166260 179641 192970 206283 219540 232772 245980 259148 272262 285312 298289 311186 324019 336786 349478 362095 374639 387173 399661 412203 424783 437394 450083 462939 476006 489112 501542 513204 524766 536329 547884 559473 571073 582726 594437 606211 618039 629925 641874 653914 666022 678222 690503 702888 715398 728017 740763 753623 766640 779818 793161 806708 820485 834519 848867 863564 878671 894151 910058 926374 943156 960560 978993 1.00002e+06 
0.2957 0.4762 0.4827 0.4841 0.4844 0.4847 0.4848 0.4849 0.4849 0.4849 0.4849 0.4849 0.4849 0.4849 0.4849 0.4849 0.4849 0.4849 0.4849 0.4849 0.4849 0.4849 0.4849 0.4849 0.4849 0.4849 0.4849 0.4849 0.4849 0.4849 0.4849 0.4849 0.4849 0.4849 0.4849 0.4849 0.4849 0.4849 0.4849 0.4849 0.4849 0.4849 0.4849 0.4849 0.4849 0.4849 0.4849 0.4849 0.4849 0.4849 0.4849 0.4849 0.4849 0.4849 0.4849 0.4849 0.4849 0.4849 0.4849 0.4849 0.4849 0.4849 0.4849 0.4849 0.4849 0.4849 0.4849 0.4849 0.4849 0.4849 0.4849 0.4849 0.4849 0.4849 0.4849 0.4849 
result for recall@ 10
1435 15726 29822 43757 57617 71382 85084 98742 112348 125890 139376 152829 166260 179641 192970 206283 219540 232772 245980 259148 272262 285312 298289 311186 324019 336786 349478 362095 374639 387173 399661 412203 424783 437394 450083 462939 476006 489112 501542 513204 524766 536329 547884 559473 571073 582726 594437 606211 618039 629925 641874 653914 666022 678222 690503 702888 715398 728017 740763 753623 766640 779818 793161 806708 820485 834519 848867 863564 878671 894151 910058 926374 943156 960560 978993 1.00002e+06 
0.33245 0.5602 0.57157 0.57416 0.57521 0.57546 0.5757 0.57577 0.5758 0.57584 0.57587 0.5759 0.57591 0.57591 0.57591 0.57591 0.57591 0.57591 0.57591 0.57591 0.57591 0.57591 0.57591 0.57591 0.57591 0.57591 0.57591 0.57591 0.57591 0.57591 0.57591 0.57591 0.57591 0.57591 0.57591 0.57591 0.57591 0.57591 0.57591 0.57591 0.57591 0.57591 0.57591 0.57591 0.57591 0.57591 0.57591 0.57591 0.57591 0.57591 0.57591 0.57591 0.57591 0.57591 0.57591 0.57591 0.57591 0.57591 0.57591 0.57591 0.57591 0.57591 0.57591 0.57591 0.57591 0.57591 0.57591 0.57591 0.57591 0.57591 0.57591 0.57591 0.57591 0.57591 0.57591 0.57591 
result for recall@ 100
1435 15726 29822 43757 57617 71382 85084 98742 112348 125890 139376 152829 166260 179641 192970 206283 219540 232772 245980 259148 272262 285312 298289 311186 324019 336786 349478 362095 374639 387173 399661 412203 424783 437394 450083 462939 476006 489112 501542 513204 524766 536329 547884 559473 571073 582726 594437 606211 618039 629925 641874 653914 666022 678222 690503 702888 715398 728017 740763 753623 766640 779818 793161 806708 820485 834519 848867 863564 878671 894151 910058 926374 943156 960560 978993 1.00002e+06 
0.307826 0.616947 0.639772 0.645724 0.647876 0.648793 0.649256 0.649518 0.649656 0.649716 0.649756 0.649778 0.649795 0.649805 0.64981 0.649815 0.649814 0.649815 0.649816 0.649816 0.649816 0.649816 0.649816 0.649816 0.649816 0.649816 0.649816 0.649816 0.649816 0.649816 0.649816 0.649816 0.649816 0.649816 0.649816 0.649816 0.649816 0.649816 0.649816 0.649816 0.649816 0.649816 0.649816 0.649816 0.649816 0.649816 0.649816 0.649816 0.649816 0.649816 0.649816 0.649816 0.649816 0.649816 0.649816 0.649816 0.649816 0.649816 0.649816 0.649816 0.649816 0.649816 0.649816 0.649816 0.649816 0.649816 0.649816 0.649816 0.649816 0.649816 0.649816 0.649816 0.649816 0.649816 0.649816 0.649816 
Kmeans with centroids: 800
Distance computation
55999.6 13008.4
53897.9 11314.3
53215.4 10641.8
52854.4 10287.9
52626.2 10066.1
52465.7 9913.53
52348.2 9803.56
52255.9 9719.55
52182.6 9653.27
52124.8 9600.98
52075.4 9558.34
52035.1 9523.57
51999.2 9495.41
51965.9 9470.79
51936.1 9450.17
51911.4 9431.88
51887.4 9415.84
51866.2 9401.68
51847.4 9389.1
51830.1 9377.96
51816.3 9367.46
51802.1 9358.1
51790.1 9349.62
51778.6 9342.15
51767.5 9334.63
51756.3 9328.18
51747.9 9322.26
51738.2 9316.76
51729.9 9311.71
51721.9 9306.92
51714.8 9302.47
51708.1 9298.63
51701.6 9294.57
51696.1 9290.88
51690.7 9287.17
51685.2 9283.88
51680.8 9280.85
51676.3 9277.93
51672 9274.87
51667.7 9272.26
result for recall@ 1
1347 14781 28035 41144 54139 67043 79890 92677 105407 118095 130755 143359 155945 168458 180964 193414 205848 218237 230612 242969 255274 267534 279749 291929 304065 316150 328174 340150 352075 363932 375744 387546 399362 411196 423067 434971 446964 459023 471132 482579 493895 505246 516460 527417 538308 549180 560057 570954 581903 592898 603939 615030 626186 637404 648683 660043 671469 682977 694556 706216 717958 729801 741754 753808 765987 778315 790811 803503 816408 829545 842953 856670 870738 885173 899980 915101 930508 946267 962520 979819 1.00002e+06 
0.2882 0.4646 0.4749 0.4771 0.4779 0.4781 0.4783 0.4783 0.4783 0.4783 0.4783 0.4783 0.4783 0.4783 0.4783 0.4783 0.4783 0.4783 0.4783 0.4783 0.4783 0.4783 0.4783 0.4783 0.4783 0.4783 0.4783 0.4783 0.4783 0.4783 0.4783 0.4783 0.4783 0.4783 0.4783 0.4783 0.4783 0.4783 0.4783 0.4783 0.4783 0.4783 0.4783 0.4783 0.4783 0.4783 0.4783 0.4783 0.4783 0.4783 0.4783 0.4783 0.4783 0.4783 0.4783 0.4783 0.4783 0.4783 0.4783 0.4783 0.4783 0.4783 0.4783 0.4783 0.4783 0.4783 0.4783 0.4783 0.4783 0.4783 0.4783 0.4783 0.4783 0.4783 0.4783 0.4783 0.4783 0.4783 0.4783 0.4783 0.4783 
result for recall@ 10
1347 14781 28035 41144 54139 67043 79890 92677 105407 118095 130755 143359 155945 168458 180964 193414 205848 218237 230612 242969 255274 267534 279749 291929 304065 316150 328174 340150 352075 363932 375744 387546 399362 411196 423067 434971 446964 459023 471132 482579 493895 505246 516460 527417 538308 549180 560057 570954 581903 592898 603939 615030 626186 637404 648683 660043 671469 682977 694556 706216 717958 729801 741754 753808 765987 778315 790811 803503 816408 829545 842953 856670 870738 885173 899980 915101 930508 946267 962520 979819 1.00002e+06 
0.3292 0.56099 0.57361 0.57669 0.57776 0.57818 0.57835 0.57841 0.57844 0.57846 0.57846 0.57845 0.57845 0.57846 0.57846 0.57846 0.57846 0.57846 0.57846 0.57846 0.57846 0.57846 0.57846 0.57846 0.57846 0.57846 0.57846 0.57846 0.57846 0.57846 0.57846 0.57846 0.57846 0.57846 0.57846 0.57846 0.57846 0.57846 0.57846 0.57846 0.57846 0.57846 0.57846 0.57846 0.57846 0.57846 0.57846 0.57846 0.57846 0.57846 0.57846 0.57846 0.57846 0.57846 0.57846 0.57846 0.57846 0.57846 0.57846 0.57846 0.57846 0.57846 0.57846 0.57846 0.57846 0.57846 0.57846 0.57846 0.57846 0.57846 0.57846 0.57846 0.57846 0.57846 0.57846 0.57846 0.57846 0.57846 0.57846 0.57846 0.57846 
result for recall@ 100
1347 14781 28035 41144 54139 67043 79890 92677 105407 118095 130755 143359 155945 168458 180964 193414 205848 218237 230612 242969 255274 267534 279749 291929 304065 316150 328174 340150 352075 363932 375744 387546 399362 411196 423067 434971 446964 459023 471132 482579 493895 505246 516460 527417 538308 549180 560057 570954 581903 592898 603939 615030 626186 637404 648683 660043 671469 682977 694556 706216 717958 729801 741754 753808 765987 778315 790811 803503 816408 829545 842953 856670 870738 885173 899980 915101 930508 946267 962520 979819 1.00002e+06 
0.300329 0.616698 0.639994 0.646369 0.648756 0.649844 0.650357 0.650615 0.650751 0.650831 0.650872 0.650898 0.650919 0.650931 0.650938 0.65094 0.650942 0.650947 0.65095 0.650951 0.650951 0.65095 0.650951 0.650951 0.650951 0.650951 0.650951 0.650951 0.650951 0.650951 0.650951 0.650951 0.650951 0.650951 0.650951 0.650951 0.650951 0.650951 0.650951 0.650951 0.650951 0.650951 0.650951 0.650951 0.650951 0.650951 0.650951 0.650951 0.650951 0.650951 0.650951 0.650951 0.650951 0.650951 0.650951 0.650951 0.650951 0.650951 0.650951 0.650951 0.650951 0.650951 0.650951 0.650951 0.650951 0.650951 0.650951 0.650951 0.650951 0.650951 0.650951 0.650951 0.650951 0.650951 0.650951 0.650951 0.650951 0.650951 0.650951 0.650951 0.650951 
Kmeans with centroids: 850
Distance computation
55701.8 12902.6
53615.5 11246.3
52946 10587.2
52594.4 10242.6
52375.5 10028.5
52216.4 9879.81
52097.1 9771.02
52003.6 9687.82
51928.1 9621.94
51865.3 9570
51810.2 9526.79
51763.9 9491.2
51725.5 9461.58
51692.8 9436.36
51664 9413.71
51638.4 9395.19
51616.3 9378.69
51596.5 9363.92
51578.8 9351.62
51564.6 9339.78
51550.4 9329.53
51537.3 9320.98
51526.3 9312.44
51516.4 9304.54
51507.1 9297.46
51498 9291.26
51489.6 9285.08
51481.8 9279.65
51474 9275.17
51467.1 9270.77
51460 9266.57
51454.4 9262.9
51449.3 9259.63
51443.4 9256.08
51438.2 9253.02
51433.9 9250.02
51430.2 9247.45
51425.5 9245.13
51421.9 9242.97
51418.3 9240.72
result for recall@ 1
1271 13917 26381 38702 50942 63100 75198 87245 99240 111215 123136 135050 146933 158783 170614 182442 194222 205977 217715 229418 241091 252711 264316 275894 287425 298915 310339 321711 333060 344362 355655 366924 378207 389480 400779 412106 423482 434885 446236 456549 466608 476634 486644 496705 506838 517082 527455 537813 548048 558311 568618 578952 589332 599770 610265 620823 631430 642113 652853 663656 674538 685489 696503 707598 718775 730055 741445 752924 764517 776237 788079 800076 812261 824652 837278 850189 863421 876951 890760 904883 919281 934010 949054 964519 980889 1.00002e+06 
0.2881 0.4671 0.4749 0.4773 0.4779 0.4777 0.4778 0.4778 0.4778 0.4778 0.4778 0.4778 0.4778 0.4778 0.4778 0.4778 0.4778 0.4778 0.4778 0.4778 0.4778 0.4778 0.4778 0.4778 0.4778 0.4778 0.4778 0.4778 0.4778 0.4778 0.4778 0.4778 0.4778 0.4778 0.4778 0.4778 0.4778 0.4778 0.4778 0.4778 0.4778 0.4778 0.4778 0.4778 0.4778 0.4778 0.4778 0.4778 0.4778 0.4778 0.4778 0.4778 0.4778 0.4778 0.4778 0.4778 0.4778 0.4778 0.4778 0.4778 0.4778 0.4778 0.4778 0.4778 0.4778 0.4778 0.4778 0.4778 0.4778 0.4778 0.4778 0.4778 0.4778 0.4778 0.4778 0.4778 0.4778 0.4778 0.4778 0.4778 0.4778 0.4778 0.4778 0.4778 0.4778 0.4778 
result for recall@ 10
1271 13917 26381 38702 50942 63100 75198 87245 99240 111215 123136 135050 146933 158783 170614 182442 194222 205977 217715 229418 241091 252711 264316 275894 287425 298915 310339 321711 333060 344362 355655 366924 378207 389480 400779 412106 423482 434885 446236 456549 466608 476634 486644 496705 506838 517082 527455 537813 548048 558311 568618 578952 589332 599770 610265 620823 631430 642113 652853 663656 674538 685489 696503 707598 718775 730055 741445 752924 764517 776237 788079 800076 812261 824652 837278 850189 863421 876951 890760 904883 919281 934010 949054 964519 980889 1.00002e+06 
0.32731 0.55874 0.57164 0.57489 0.57604 0.57652 0.57668 0.57674 0.57678 0.57684 0.57684 0.57683 0.57686 0.57687 0.57689 0.5769 0.5769 0.5769 0.5769 0.5769 0.5769 0.5769 0.5769 0.5769 0.5769 0.5769 0.5769 0.5769 0.5769 0.5769 0.5769 0.5769 0.5769 0.5769 0.5769 0.5769 0.5769 0.5769 0.5769 0.5769 0.5769 0.5769 0.5769 0.5769 0.5769 0.5769 0.5769 0.5769 0.5769 0.5769 0.5769 0.5769 0.5769 0.5769 0.5769 0.5769 0.5769 0.5769 0.5769 0.5769 0.5769 0.5769 0.5769 0.5769 0.5769 0.5769 0.5769 0.5769 0.5769 0.5769 0.5769 0.5769 0.5769 0.5769 0.5769 0.5769 0.5769 0.5769 0.5769 0.5769 0.5769 0.5769 0.5769 0.5769 0.5769 0.5769 
result for recall@ 100
1271 13917 26381 38702 50942 63100 75198 87245 99240 111215 123136 135050 146933 158783 170614 182442 194222 205977 217715 229418 241091 252711 264316 275894 287425 298915 310339 321711 333060 344362 355655 366924 378207 389480 400779 412106 423482 434885 446236 456549 466608 476634 486644 496705 506838 517082 527455 537813 548048 558311 568618 578952 589332 599770 610265 620823 631430 642113 652853 663656 674538 685489 696503 707598 718775 730055 741445 752924 764517 776237 788079 800076 812261 824652 837278 850189 863421 876951 890760 904883 919281 934010 949054 964519 980889 1.00002e+06 
0.298534 0.613867 0.638579 0.645474 0.648096 0.649322 0.649924 0.650237 0.65039 0.650486 0.650538 0.650579 0.650603 0.650628 0.65064 0.650647 0.650651 0.650652 0.650651 0.650652 0.650651 0.650651 0.650651 0.650651 0.650651 0.650651 0.650651 0.650651 0.650651 0.650651 0.650651 0.650651 0.650651 0.650651 0.650651 0.650651 0.650651 0.650651 0.650651 0.650651 0.650651 0.650651 0.650651 0.650651 0.650651 0.650651 0.650651 0.650651 0.650651 0.650651 0.650651 0.650651 0.650651 0.650651 0.650651 0.650651 0.650651 0.650651 0.650651 0.650651 0.650651 0.650651 0.650651 0.650651 0.650651 0.650651 0.650651 0.650651 0.650651 0.650651 0.650651 0.650651 0.650651 0.650651 0.650651 0.650651 0.650651 0.650651 0.650651 0.650651 0.650651 0.650651 0.650651 0.650651 0.650651 0.650651 
Kmeans with centroids: 900
Distance computation
55252.4 12849
53225.4 11197.1
52583 10543.7
52248.1 10204.6
52034.1 9991.57
51883.9 9845.84
51769.4 9739.77
51679.6 9658.9
51607 9595.32
51545.9 9544.06
51495.7 9501.25
51453.1 9465.23
51417.4 9434.37
51385.6 9408.2
51356.9 9385.2
51331.4 9366.35
51309.9 9349.13
51290.4 9334.34
51273.8 9321.23
51257 9309.66
51242.7 9299.14
51230.2 9289.68
51218.4 9281.08
51208.5 9274.31
51198.1 9266.8
51188.1 9260.7
51179.6 9254.97
51171.4 9249.96
51163.7 9245.31
51157.2 9240.94
51150.1 9237.32
51143.3 9233.28
51137.6 9229.68
51132 9226.05
51126.2 9222.67
51121.7 9219.62
51117.8 9216.33
51112.6 9213.37
51108.5 9211.25
51104.4 9208.73
result for recall@ 1
1195 13153 24951 36641 48248 59777 71255 82690 94105 105461 116797 128112 139378 150611 161840 173049 184238 195393 206522 217617 228694 239730 250737 261717 272654 283544 294419 305231 315983 326692 337352 347942 358491 368998 379456 389863 400259 410635 421046 431505 442030 452611 463284 473777 483810 493818 503852 513796 523521 533145 542746 552374 562004 571659 581352 591095 600864 610698 620580 630505 640492 650530 660626 670787 681018 691321 701701 712163 722698 733310 744013 754804 765696 776695 787806 799045 810438 821998 833734 845686 857897 870397 883205 896308 909710 923425 937414 951679 966379 982132 1.00002e+06 
0.2833 0.4679 0.4782 0.4806 0.4816 0.4822 0.4824 0.4824 0.4824 0.4824 0.4824 0.4824 0.4824 0.4824 0.4824 0.4824 0.4824 0.4824 0.4824 0.4824 0.4824 0.4824 0.4824 0.4824 0.4824 0.4824 0.4824 0.4824 0.4824 0.4824 0.4824 0.4824 0.4824 0.4824 0.4824 0.4824 0.4824 0.4824 0.4824 0.4824 0.4824 0.4824 0.4824 0.4824 0.4824 0.4824 0.4824 0.4824 0.4824 0.4824 0.4824 0.4824 0.4824 0.4824 0.4824 0.4824 0.4824 0.4824 0.4824 0.4824 0.4824 0.4824 0.4824 0.4824 0.4824 0.4824 0.4824 0.4824 0.4824 0.4824 0.4824 0.4824 0.4824 0.4824 0.4824 0.4824 0.4824 0.4824 0.4824 0.4824 0.4824 0.4824 0.4824 0.4824 0.4824 0.4824 0.4824 0.4824 0.4824 0.4824 0.4824 
result for recall@ 10
1195 13153 24951 36641 48248 59777 71255 82690 94105 105461 116797 128112 139378 150611 161840 173049 184238 195393 206522 217617 228694 239730 250737 261717 272654 283544 294419 305231 315983 326692 337352 347942 358491 368998 379456 389863 400259 410635 421046 431505 442030 452611 463284 473777 483810 493818 503852 513796 523521 533145 542746 552374 562004 571659 581352 591095 600864 610698 620580 630505 640492 650530 660626 670787 681018 691321 701701 712163 722698 733310 744013 754804 765696 776695 787806 799045 810438 821998 833734 845686 857897 870397 883205 896308 909710 923425 937414 951679 966379 982132 1.00002e+06 
0.32309 0.55996 0.57312 0.57643 0.5775 0.57805 0.57827 0.57838 0.57847 0.57852 0.57852 0.57853 0.57853 0.57855 0.57855 0.57855 0.57855 0.57855 0.57855 0.57855 0.57855 0.57855 0.57855 0.57855 0.57855 0.57855 0.57855 0.57855 0.57855 0.57855 0.57855 0.57855 0.57855 0.57855 0.57855 0.57855 0.57855 0.57855 0.57855 0.57855 0.57855 0.57855 0.57855 0.57855 0.57855 0.57855 0.57855 0.57855 0.57855 0.57855 0.57855 0.57855 0.57855 0.57855 0.57855 0.57855 0.57855 0.57855 0.57855 0.57855 0.57855 0.57855 0.57855 0.57855 0.57855 0.57855 0.57855 0.57855 0.57855 0.57855 0.57855 0.57855 0.57855 0.57855 0.57855 0.57855 0.57855 0.57855 0.57855 0.57855 0.57855 0.57855 0.57855 0.57855 0.57855 0.57855 0.57855 0.57855 0.57855 0.57855 0.57855 
result for recall@ 100
1195 13153 24951 36641 48248 59777 71255 82690 94105 105461 116797 128112 139378 150611 161840 173049 184238 195393 206522 217617 228694 239730 250737 261717 272654 283544 294419 305231 315983 326692 337352 347942 358491 368998 379456 389863 400259 410635 421046 431505 442030 452611 463284 473777 483810 493818 503852 513796 523521 533145 542746 552374 562004 571659 581352 591095 600864 610698 620580 630505 640492 650530 660626 670787 681018 691321 701701 712163 722698 733310 744013 754804 765696 776695 787806 799045 810438 821998 833734 845686 857897 870397 883205 896308 909710 923425 937414 951679 966379 982132 1.00002e+06 
0.293402 0.613804 0.639215 0.646451 0.649259 0.650491 0.651143 0.651509 0.651736 0.651858 0.651932 0.651959 0.651986 0.652008 0.652013 0.652025 0.65203 0.652033 0.652032 0.652033 0.652036 0.652036 0.652036 0.652036 0.652036 0.652036 0.652036 0.652036 0.652036 0.652036 0.652036 0.652036 0.652036 0.652036 0.652036 0.652036 0.652036 0.652036 0.652036 0.652036 0.652036 0.652036 0.652036 0.652036 0.652036 0.652036 0.652036 0.652036 0.652036 0.652036 0.652036 0.652036 0.652036 0.652036 0.652036 0.652036 0.652036 0.652036 0.652036 0.652036 0.652036 0.652036 0.652036 0.652036 0.652036 0.652036 0.652036 0.652036 0.652036 0.652036 0.652036 0.652036 0.652036 0.652036 0.652036 0.652036 0.652036 0.652036 0.652036 0.652036 0.652036 0.652036 0.652036 0.652036 0.652036 0.652036 0.652036 0.652036 0.652036 0.652036 0.652036 
Kmeans with centroids: 950
Distance computation
55020.1 12764.4
53006.4 11143
52351.8 10494.9
52003.7 10152.9
51782.3 9939.26
51631.2 9792.27
51516.8 9684.51
51430 9604.46
51360.9 9542.57
51304 9492.37
51256.5 9452.36
51216.5 9418.54
51181.6 9391.26
51150.7 9368.29
51124.1 9347.99
51100 9331.02
51079 9316.11
51059.1 9303.38
51041.7 9291.94
51026.9 9281.47
51013.5 9272.63
51001.8 9264.07
50990.1 9256.48
50979.1 9249.23
50969.2 9242.67
50959.4 9236.7
50951.3 9231.21
50943 9225.64
50936 9220.81
50929.4 9216.51
50922.5 9212.6
50915.8 9208.58
50909.5 9205.25
50903.3 9201.68
50897.8 9198.59
50893 9195.58
50888.1 9192.46
50883 9189.46
50878.1 9186.49
50874.7 9184.07
result for recall@ 1
1123 12342 23391 34321 45186 55999 66760 77484 88166 98818 109437 120038 130614 141183 151708 162222 172712 183197 193647 204102 214527 224920 235326 245709 256083 266430 276750 287050 297305 307540 317746 327915 338047 348139 358224 368275 378325 388368 398398 408410 418440 428495 438604 448764 459006 469375 479835 489940 499827 509343 518558 527695 536821 545948 555104 564277 573461 582681 591929 601224 610550 619922 629340 638801 648311 657880 667507 677200 686942 696741 706609 716562 726584 736696 746892 757168 767523 777961 788504 799133 809879 820746 831743 842896 854218 865729 877458 889447 901684 914188 926976 940065 953529 967593 982900 1.00002e+06 
0.2852 0.4669 0.4759 0.4783 0.4786 0.479 0.4791 0.4793 0.4793 0.4793 0.4793 0.4793 0.4793 0.4793 0.4793 0.4793 0.4793 0.4793 0.4793 0.4793 0.4793 0.4793 0.4793 0.4793 0.4793 0.4793 0.4793 0.4793 0.4793 0.4793 0.4793 0.4793 0.4793 0.4793 0.4793 0.4793 0.4793 0.4793 0.4793 0.4793 0.4793 0.4793 0.4793 0.4793 0.4793 0.4793 0.4793 0.4793 0.4793 0.4793 0.4793 0.4793 0.4793 0.4793 0.4793 0.4793 0.4793 0.4793 0.4793 0.4793 0.4793 0.4793 0.4793 0.4793 0.4793 0.4793 0.4793 0.4793 0.4793 0.4793 0.4793 0.4793 0.4793 0.4793 0.4793 0.4793 0.4793 0.4793 0.4793 0.4793 0.4793 0.4793 0.4793 0.4793 0.4793 0.4793 0.4793 0.4793 0.4793 0.4793 0.4793 0.4793 0.4793 0.4793 0.4793 0.4793 
result for recall@ 10
1123 12342 23391 34321 45186 55999 66760 77484 88166 98818 109437 120038 130614 141183 151708 162222 172712 183197 193647 204102 214527 224920 235326 245709 256083 266430 276750 287050 297305 307540 317746 327915 338047 348139 358224 368275 378325 388368 398398 408410 418440 428495 438604 448764 459006 469375 479835 489940 499827 509343 518558 527695 536821 545948 555104 564277 573461 582681 591929 601224 610550 619922 629340 638801 648311 657880 667507 677200 686942 696741 706609 716562 726584 736696 746892 757168 767523 777961 788504 799133 809879 820746 831743 842896 854218 865729 877458 889447 901684 914188 926976 940065 953529 967593 982900 1.00002e+06 
0.32137 0.55965 0.57376 0.57752 0.57859 0.57933 0.5797 0.57977 0.57981 0.57987 0.57994 0.57995 0.57999 0.57999 0.57998 0.57998 0.57999 0.57999 0.57999 0.57999 0.57999 0.57999 0.57999 0.57999 0.57999 0.57999 0.57999 0.57999 0.57999 0.57999 0.57999 0.57999 0.57999 0.57999 0.57999 0.57999 0.57999 0.57999 0.57999 0.57999 0.57999 0.57999 0.57999 0.57999 0.57999 0.57999 0.57999 0.57999 0.57999 0.57999 0.57999 0.57999 0.57999 0.57999 0.57999 0.57999 0.57999 0.57999 0.57999 0.57999 0.57999 0.57999 0.57999 0.57999 0.57999 0.57999 0.57999 0.57999 0.57999 0.57999 0.57999 0.57999 0.57999 0.57999 0.57999 0.57999 0.57999 0.57999 0.57999 0.57999 0.57999 0.57999 0.57999 0.57999 0.57999 0.57999 0.57999 0.57999 0.57999 0.57999 0.57999 0.57999 0.57999 0.57999 0.57999 0.57999 
result for recall@ 100
1123 12342 23391 34321 45186 55999 66760 77484 88166 98818 109437 120038 130614 141183 151708 162222 172712 183197 193647 204102 214527 224920 235326 245709 256083 266430 276750 287050 297305 307540 317746 327915 338047 348139 358224 368275 378325 388368 398398 408410 418440 428495 438604 448764 459006 469375 479835 489940 499827 509343 518558 527695 536821 545948 555104 564277 573461 582681 591929 601224 610550 619922 629340 638801 648311 657880 667507 677200 686942 696741 706609 716562 726584 736696 746892 757168 767523 777961 788504 799133 809879 820746 831743 842896 854218 865729 877458 889447 901684 914188 926976 940065 953529 967593 982900 1.00002e+06 
0.288545 0.610884 0.63773 0.645613 0.648729 0.65021 0.650897 0.651364 0.651567 0.651687 0.651768 0.651802 0.651835 0.651859 0.651876 0.651883 0.651887 0.651893 0.651895 0.651897 0.651901 0.651902 0.651901 0.651901 0.651901 0.651901 0.651902 0.651902 0.651903 0.651903 0.651903 0.651903 0.651903 0.651903 0.651903 0.651903 0.651903 0.651903 0.651903 0.651903 0.651903 0.651903 0.651903 0.651903 0.651903 0.651903 0.651903 0.651903 0.651903 0.651903 0.651903 0.651903 0.651903 0.651903 0.651903 0.651903 0.651903 0.651903 0.651903 0.651903 0.651903 0.651903 0.651903 0.651903 0.651903 0.651903 0.651903 0.651903 0.651903 0.651903 0.651903 0.651903 0.651903 0.651903 0.651903 0.651903 0.651903 0.651903 0.651903 0.651903 0.651903 0.651903 0.651903 0.651903 0.651903 0.651903 0.651903 0.651903 0.651903 0.651903 0.651903 0.651903 0.651903 0.651903 0.651903 0.651903 
Kmeans with centroids: 1000
Distance computation
54871 12803
52800.1 11155.6
52129.1 10494
51772.2 10149
51552.1 9931.36
51398.3 9782.33
51283.9 9673.48
51194.5 9590.13
51123.4 9525.96
51066.4 9475.2
51018.1 9433.93
50975.9 9399.49
50940.4 9370.52
50908.4 9347.26
50880.7 9326.77
50853.7 9308.94
50831.5 9293.27
50810.3 9279.72
50793 9267.52
50776.6 9256.41
50760.8 9246.42
50746.1 9237.09
50733.2 9229.16
50721.9 9221.68
50711.3 9215.15
50701.8 9208.8
50692 9203.3
50683.5 9197.8
50674.7 9193.17
50667 9188.74
50660.6 9184.07
50654.5 9179.94
50648.5 9175.78
50643.3 9172.06
50638 9168.56
50632.7 9165.84
50628.1 9162.63
50624.2 9160.48
50620.1 9158.36
50616.2 9155.44
result for recall@ 1
1075 11842 22430 32916 43314 53650 63935 74176 84387 94550 104683 114791 124876 134943 145012 155041 165054 175062 185049 195004 204953 214879 224785 234662 244513 254346 264160 273938 283706 293439 303137 312805 322431 332024 341591 351143 360660 370159 379636 389117 398617 408114 417616 427152 436718 446324 456006 465688 474967 484019 493051 502119 511200 519976 528601 537216 545850 554488 563153 571859 580583 589322 598086 606877 615703 624570 633473 642420 651402 660444 669539 678679 687879 697135 706458 715864 725334 734872 744495 754202 764007 773901 783902 794007 804244 814619 825147 835837 846702 857767 869036 880525 892267 904244 916483 928948 941691 954758 968369 983110 1.00002e+06 
0.2867 0.4652 0.4745 0.4768 0.4778 0.478 0.478 0.478 0.478 0.478 0.478 0.478 0.478 0.478 0.478 0.478 0.478 0.478 0.478 0.478 0.478 0.478 0.478 0.478 0.478 0.478 0.478 0.478 0.478 0.478 0.478 0.478 0.478 0.478 0.478 0.478 0.478 0.478 0.478 0.478 0.478 0.478 0.478 0.478 0.478 0.478 0.478 0.478 0.478 0.478 0.478 0.478 0.478 0.478 0.478 0.478 0.478 0.478 0.478 0.478 0.478 0.478 0.478 0.478 0.478 0.478 0.478 0.478 0.478 0.478 0.478 0.478 0.478 0.478 0.478 0.478 0.478 0.478 0.478 0.478 0.478 0.478 0.478 0.478 0.478 0.478 0.478 0.478 0.478 0.478 0.478 0.478 0.478 0.478 0.478 0.478 0.478 0.478 0.478 0.478 0.478 
result for recall@ 10
1075 11842 22430 32916 43314 53650 63935 74176 84387 94550 104683 114791 124876 134943 145012 155041 165054 175062 185049 195004 204953 214879 224785 234662 244513 254346 264160 273938 283706 293439 303137 312805 322431 332024 341591 351143 360660 370159 379636 389117 398617 408114 417616 427152 436718 446324 456006 465688 474967 484019 493051 502119 511200 519976 528601 537216 545850 554488 563153 571859 580583 589322 598086 606877 615703 624570 633473 642420 651402 660444 669539 678679 687879 697135 706458 715864 725334 734872 744495 754202 764007 773901 783902 794007 804244 814619 825147 835837 846702 857767 869036 880525 892267 904244 916483 928948 941691 954758 968369 983110 1.00002e+06 
0.32137 0.56047 0.57517 0.57923 0.58048 0.58093 0.58124 0.58134 0.58138 0.58143 0.58148 0.58148 0.58149 0.58149 0.58149 0.58149 0.58149 0.58149 0.58149 0.58149 0.58149 0.58149 0.58149 0.58149 0.58149 0.58149 0.58149 0.58149 0.58149 0.58149 0.58149 0.58149 0.58149 0.58149 0.58149 0.58149 0.58149 0.58149 0.58149 0.58149 0.58149 0.58149 0.58149 0.58149 0.58149 0.58149 0.58149 0.58149 0.58149 0.58149 0.58149 0.58149 0.58149 0.58149 0.58149 0.58149 0.58149 0.58149 0.58149 0.58149 0.58149 0.58149 0.58149 0.58149 0.58149 0.58149 0.58149 0.58149 0.58149 0.58149 0.58149 0.58149 0.58149 0.58149 0.58149 0.58149 0.58149 0.58149 0.58149 0.58149 0.58149 0.58149 0.58149 0.58149 0.58149 0.58149 0.58149 0.58149 0.58149 0.58149 0.58149 0.58149 0.58149 0.58149 0.58149 0.58149 0.58149 0.58149 0.58149 0.58149 0.58149 
result for recall@ 100
1075 11842 22430 32916 43314 53650 63935 74176 84387 94550 104683 114791 124876 134943 145012 155041 165054 175062 185049 195004 204953 214879 224785 234662 244513 254346 264160 273938 283706 293439 303137 312805 322431 332024 341591 351143 360660 370159 379636 389117 398617 408114 417616 427152 436718 446324 456006 465688 474967 484019 493051 502119 511200 519976 528601 537216 545850 554488 563153 571859 580583 589322 598086 606877 615703 624570 633473 642420 651402 660444 669539 678679 687879 697135 706458 715864 725334 734872 744495 754202 764007 773901 783902 794007 804244 814619 825147 835837 846702 857767 869036 880525 892267 904244 916483 928948 941691 954758 968369 983110 1.00002e+06 
0.286623 0.610821 0.638341 0.646467 0.649729 0.651245 0.652049 0.65249 0.652729 0.652884 0.65297 0.653008 0.653044 0.653061 0.653073 0.653085 0.653096 0.653097 0.653101 0.653104 0.653104 0.653105 0.653106 0.653106 0.653107 0.653107 0.653107 0.653107 0.653107 0.653107 0.653107 0.653107 0.653107 0.653107 0.653107 0.653107 0.653107 0.653107 0.653107 0.653107 0.653107 0.653107 0.653107 0.653107 0.653107 0.653107 0.653107 0.653107 0.653107 0.653107 0.653107 0.653107 0.653107 0.653107 0.653107 0.653107 0.653107 0.653107 0.653107 0.653107 0.653107 0.653107 0.653107 0.653107 0.653107 0.653107 0.653107 0.653107 0.653107 0.653107 0.653107 0.653107 0.653107 0.653107 0.653107 0.653107 0.653107 0.653107 0.653107 0.653107 0.653107 0.653107 0.653107 0.653107 0.653107 0.653107 0.653107 0.653107 0.653107 0.653107 0.653107 0.653107 0.653107 0.653107 0.653107 0.653107 0.653107 0.653107 0.653107 0.653107 0.653107 
