Kmeans with centroids: 100
Distance computation
67812.5 14525.2
65466.8 12569.5
64668.2 11865
64275.7 11493.9
64043.1 11257.9
63877 11093.5
63743 10973.4
63634.4 10881.3
63547.4 10808.5
63476.2 10749.1
63417.3 10700.7
63369.5 10661.1
63326.4 10627.3
63287.3 10598.1
63250.4 10571.9
63218.6 10550.1
63191.6 10530.2
63171.6 10513.6
63157.3 10498.7
63144.6 10485.8
63132.5 10474.7
63121.5 10464.9
63111.8 10455.8
63102.3 10447.9
63094 10440.2
63085.5 10433.3
63077.7 10427.2
63069.7 10421.3
63061.1 10416
63053.5 10411.5
63045.1 10406.3
63037 10401.2
63028.4 10397
63020.3 10392.8
63011.9 10389.4
63004 10386
62995.1 10382.3
62985.7 10378.8
62975.4 10375.9
62965.5 10372.4
result for recall@ 1
10658 115901 219443 320927 415711 501312 589158 680238 776051 883732 1.00002e+06 
0.3415 0.4476 0.4478 0.4478 0.4478 0.4478 0.4478 0.4478 0.4478 0.4478 0.4478 
result for recall@ 10
10658 115901 219443 320927 415711 501312 589158 680238 776051 883732 1.00002e+06 
0.41006 0.55343 0.55449 0.55451 0.55451 0.55451 0.55451 0.55451 0.55451 0.55451 0.55451 
result for recall@ 100
10658 115901 219443 320927 415711 501312 589158 680238 776051 883732 1.00002e+06 
0.433418 0.630248 0.632362 0.632439 0.632442 0.632442 0.632442 0.632442 0.632442 0.632442 0.632442 
Kmeans with centroids: 150
Distance computation
64818.1 13948.2
62787.3 12223.4
62042.7 11568
61632 11216.7
61372.2 10995.5
61203.6 10838.8
61081.1 10723.1
60990 10635.4
60920.6 10568
60864.8 10514.8
60818.8 10471.1
60781.2 10435.4
60748 10405.6
60719.8 10380.8
60695.3 10359.6
60673.6 10341.3
60653.2 10325.3
60636.4 10310.5
60620.4 10297.6
60606.7 10285.3
60593.6 10273.8
60583.7 10263.6
60573.8 10254.2
60564.1 10246.1
60555.4 10238.1
60547.6 10231.5
60541.1 10225.7
60534.2 10219.7
60527.2 10214.4
60521.7 10209.5
60517.3 10205
60513.1 10200.8
60508.4 10196.9
60504.7 10193.3
60501.4 10189.9
60497.7 10186.4
60494 10183.7
60491.4 10181
60488.9 10178.7
60486.6 10176.3
result for recall@ 1
7258 79064 149612 218876 286711 351947 414230 471982 525434 583348 643773 706032 771481 841044 917685 1.00002e+06 
0.3355 0.4675 0.4685 0.4685 0.4685 0.4685 0.4685 0.4685 0.4685 0.4685 0.4685 0.4685 0.4685 0.4685 0.4685 0.4685 
result for recall@ 10
7258 79064 149612 218876 286711 351947 414230 471982 525434 583348 643773 706032 771481 841044 917685 1.00002e+06 
0.39423 0.55865 0.56079 0.5609 0.56092 0.56092 0.56092 0.56092 0.56092 0.56092 0.56092 0.56092 0.56092 0.56092 0.56092 0.56092 
result for recall@ 100
7258 79064 149612 218876 286711 351947 414230 471982 525434 583348 643773 706032 771481 841044 917685 1.00002e+06 
0.408068 0.631271 0.635446 0.635851 0.635906 0.635915 0.63592 0.63592 0.63592 0.63592 0.63592 0.63592 0.63592 0.63592 0.63592 0.63592 
Kmeans with centroids: 200
Distance computation
63177.8 13959.6
61096.5 12156.6
60349.9 11470.2
59949 11097.9
59713.4 10858.9
59561.4 10697
59452.7 10580
59371.8 10492.4
59307 10424.9
59252 10372.9
59206.6 10330.1
59169 10294.8
59137.7 10265.5
59110.8 10240.5
59086.2 10218.1
59064.6 10200.4
59045.7 10183.9
59028.6 10170.1
59014.3 10156.9
58997.9 10145.7
58985.2 10135
58971.6 10126.1
58958.7 10118.1
58947 10110.3
58936.9 10103.8
58926.6 10097.2
58918.7 10091.3
58910.3 10086.1
58902.1 10081.3
58895.1 10076.7
58887.8 10072.3
58880.3 10068
58874.4 10063.9
58868.7 10060.4
58863 10056.9
58858.9 10053.3
58854.8 10050.3
58850.4 10047.6
58846.9 10044.7
58843.3 10042
result for recall@ 1
5359 57813 109131 159784 209976 259870 309277 357516 405114 452419 496854 541082 584807 629280 674663 721409 770242 822237 877044 935579 1.00002e+06 
0.3196 0.4555 0.457 0.4573 0.4573 0.4574 0.4574 0.4574 0.4574 0.4574 0.4574 0.4574 0.4574 0.4574 0.4574 0.4574 0.4574 0.4574 0.4574 0.4574 0.4574 
result for recall@ 10
5359 57813 109131 159784 209976 259870 309277 357516 405114 452419 496854 541082 584807 629280 674663 721409 770242 822237 877044 935579 1.00002e+06 
0.38309 0.55754 0.56085 0.5612 0.56125 0.56128 0.56129 0.56128 0.56128 0.56128 0.56128 0.56128 0.56128 0.56128 0.56128 0.56128 0.56128 0.56128 0.56128 0.56128 0.56128 
result for recall@ 100
5359 57813 109131 159784 209976 259870 309277 357516 405114 452419 496854 541082 584807 629280 674663 721409 770242 822237 877044 935579 1.00002e+06 
0.389879 0.630456 0.637344 0.638237 0.6384 0.638445 0.638447 0.638449 0.63845 0.63845 0.63845 0.63845 0.63845 0.63845 0.63845 0.63845 0.63845 0.63845 0.63845 0.63845 0.63845 
Kmeans with centroids: 250
Distance computation
61652.5 13739.2
59626.3 11980.6
58932.6 11322.9
58582.5 10967.2
58381.9 10737.3
58249.5 10579.4
58156.9 10465.9
58086.2 10380.7
58028.8 10314.8
57978.8 10260.9
57937.8 10218.5
57901.9 10183.7
57871.2 10154.2
57844.9 10129.5
57820.5 10107.4
57798.3 10088.6
57778.2 10072.3
57761.2 10057.3
57745.3 10044.3
57732 10032.9
57718.4 10022.9
57705.9 10013.6
57694.1 10004.4
57684.9 9997.06
57674.9 9989.56
57666 9982.44
57658.4 9976.8
57651 9971.29
57643.2 9966.22
57636.2 9961.81
57629.4 9957.78
57623.2 9953.17
57618.5 9949.29
57612.9 9946.06
57607.2 9943.02
57602.5 9939.44
57596.7 9936.27
57592.4 9933.33
57588.3 9930.26
57583.7 9928.25
result for recall@ 1
4298 46680 88257 129356 170104 210447 250450 289933 328766 366957 404461 441780 480059 517101 552242 587572 623170 659025 695379 732555 771122 811544 854111 899161 947716 1.00002e+06 
0.3103 0.4479 0.4496 0.4496 0.4496 0.4496 0.4496 0.4496 0.4496 0.4496 0.4496 0.4496 0.4496 0.4496 0.4496 0.4496 0.4496 0.4496 0.4496 0.4496 0.4496 0.4496 0.4496 0.4496 0.4496 0.4496 
result for recall@ 10
4298 46680 88257 129356 170104 210447 250450 289933 328766 366957 404461 441780 480059 517101 552242 587572 623170 659025 695379 732555 771122 811544 854111 899161 947716 1.00002e+06 
0.37602 0.56051 0.56454 0.56512 0.5652 0.56524 0.56524 0.56524 0.56524 0.56524 0.56524 0.56524 0.56524 0.56524 0.56524 0.56524 0.56524 0.56524 0.56524 0.56524 0.56524 0.56524 0.56524 0.56524 0.56524 0.56524 
result for recall@ 100
4298 46680 88257 129356 170104 210447 250450 289933 328766 366957 404461 441780 480059 517101 552242 587572 623170 659025 695379 732555 771122 811544 854111 899161 947716 1.00002e+06 
0.377423 0.629537 0.637962 0.639304 0.639642 0.639739 0.639763 0.639774 0.639775 0.639776 0.639776 0.639776 0.639776 0.639776 0.639776 0.639776 0.639776 0.639776 0.639776 0.639776 0.639776 0.639776 0.639776 0.639776 0.639776 0.639776 
Kmeans with centroids: 300
Distance computation
60869.8 13653.9
58872.2 11931.2
58139.9 11267.6
57745.9 10905.5
57503.3 10674.4
57345.7 10512.9
57234.5 10396.8
57146.2 10307.8
57075.1 10239.5
57015.6 10183.9
56968.5 10140.1
56932 10104.1
56900.3 10073.4
56872.7 10048.1
56850.1 10025.8
56830.2 10006.9
56811.7 9990.77
56796.7 9975.63
56781 9962.95
56767.9 9951.31
56754.7 9940.32
56742.9 9931.11
56732.2 9922.32
56721.6 9914.52
56711.9 9907.12
56702.2 9900.8
56692.6 9894.73
56683.5 9889.11
56675.8 9883.22
56669.2 9878.01
56661.6 9873.45
56654.6 9868.66
56648.2 9865.06
56641.8 9861.37
56636.6 9858.19
56632.6 9854.6
56627.8 9851.85
56624 9849.2
56620.3 9846.53
56616.6 9843.8
result for recall@ 1
3557 38794 73540 107927 141995 175870 209462 242783 275816 308510 340736 372534 404060 435556 467161 496510 526273 555553 584971 614821 645231 676122 707421 739225 771835 805924 841297 877972 916310 956928 1.00002e+06 
0.3134 0.4604 0.4629 0.4635 0.4637 0.4638 0.4638 0.4638 0.4638 0.4638 0.4638 0.4638 0.4638 0.4638 0.4638 0.4638 0.4638 0.4638 0.4638 0.4638 0.4638 0.4638 0.4638 0.4638 0.4638 0.4638 0.4638 0.4638 0.4638 0.4638 0.4638 
result for recall@ 10
3557 38794 73540 107927 141995 175870 209462 242783 275816 308510 340736 372534 404060 435556 467161 496510 526273 555553 584971 614821 645231 676122 707421 739225 771835 805924 841297 877972 916310 956928 1.00002e+06 
0.36661 0.56001 0.56516 0.56588 0.56606 0.5661 0.56615 0.56615 0.56615 0.56615 0.56615 0.56615 0.56615 0.56615 0.56615 0.56615 0.56615 0.56615 0.56615 0.56615 0.56615 0.56615 0.56615 0.56615 0.56615 0.56615 0.56615 0.56615 0.56615 0.56615 0.56615 
result for recall@ 100
3557 38794 73540 107927 141995 175870 209462 242783 275816 308510 340736 372534 404060 435556 467161 496510 526273 555553 584971 614821 645231 676122 707421 739225 771835 805924 841297 877972 916310 956928 1.00002e+06 
0.364092 0.629145 0.639489 0.641269 0.641713 0.641849 0.641915 0.641929 0.641931 0.641933 0.641932 0.641933 0.641933 0.641933 0.641933 0.641933 0.641933 0.641933 0.641933 0.641933 0.641933 0.641933 0.641933 0.641933 0.641933 0.641933 0.641933 0.641933 0.641933 0.641933 0.641933 
Kmeans with centroids: 350
Distance computation
59830.9 13528.2
57968.9 11840.8
57279.7 11184.8
56906.3 10826.6
56668.7 10594.5
56503.6 10432
56381.5 10312.1
56289.2 10222.7
56214.9 10151.7
56158 10095.6
56113.5 10050.4
56075.5 10012.8
56043.3 9980.6
56015.5 9954.45
55990.5 9932.5
55969.2 9913.12
55948.6 9895.76
55930.1 9880.14
55913.7 9866.34
55899 9854.31
55886.4 9843.54
55873.3 9834.17
55860.8 9825.76
55849.9 9818.04
55839.5 9810.65
55830.8 9803.61
55821.7 9797.76
55813.5 9792.7
55805.5 9787.81
55800.1 9783.09
55794.1 9779.04
55788.7 9774.91
55784.2 9770.91
55779.3 9768.01
55775.1 9764.93
55770.1 9761.92
55766.3 9759.26
55762.7 9756.42
55759.6 9754.19
55756.9 9752.32
result for recall@ 1
3059 33493 63519 93260 122805 152169 181381 210382 239188 267767 296049 324000 351565 378665 405313 431773 458311 484837 510200 534821 559504 584468 609725 635350 661338 687631 714328 741484 769386 798443 828732 860229 892791 926427 961512 1.00002e+06 
0.3124 0.4659 0.4692 0.47 0.47 0.47 0.47 0.47 0.47 0.47 0.47 0.47 0.47 0.47 0.47 0.47 0.47 0.47 0.47 0.47 0.47 0.47 0.47 0.47 0.47 0.47 0.47 0.47 0.47 0.47 0.47 0.47 0.47 0.47 0.47 0.47 
result for recall@ 10
3059 33493 63519 93260 122805 152169 181381 210382 239188 267767 296049 324000 351565 378665 405313 431773 458311 484837 510200 534821 559504 584468 609725 635350 661338 687631 714328 741484 769386 798443 828732 860229 892791 926427 961512 1.00002e+06 
0.36234 0.56147 0.5676 0.56879 0.56897 0.569 0.56903 0.56904 0.56905 0.56905 0.56905 0.56905 0.56905 0.56905 0.56905 0.56905 0.56905 0.56905 0.56905 0.56905 0.56905 0.56905 0.56905 0.56905 0.56905 0.56905 0.56905 0.56905 0.56905 0.56905 0.56905 0.56905 0.56905 0.56905 0.56905 0.56905 
result for recall@ 100
3059 33493 63519 93260 122805 152169 181381 210382 239188 267767 296049 324000 351565 378665 405313 431773 458311 484837 510200 534821 559504 584468 609725 635350 661338 687631 714328 741484 769386 798443 828732 860229 892791 926427 961512 1.00002e+06 
0.355939 0.628087 0.639922 0.642183 0.642814 0.643037 0.643111 0.643146 0.643156 0.643159 0.643161 0.643161 0.643162 0.643162 0.643162 0.643162 0.643162 0.643162 0.643162 0.643162 0.643162 0.643162 0.643162 0.643162 0.643162 0.643162 0.643162 0.643162 0.643162 0.643162 0.643162 0.643162 0.643162 0.643162 0.643162 0.643162 
Kmeans with centroids: 400
Distance computation
59161.8 13445.4
57259.4 11741.7
56584.2 11088.3
56226.6 10734.8
56002 10506.4
55851.3 10348.1
55742.5 10233.8
55657.6 10147.1
55588.8 10078.8
55531.3 10025.7
55480.5 9981.66
55437.6 9946.48
55400.2 9916.99
55367.5 9890.54
55338.7 9867.81
55311.9 9847.58
55289.6 9830.77
55269.1 9816.22
55252 9803.34
55234.9 9791.1
55220.2 9781.04
55207.7 9770.76
55196.5 9762.38
55185.2 9754.65
55175.1 9747.17
55165.6 9740.26
55156.4 9734.59
55148 9728.95
55141.1 9723.61
55134.6 9719.06
55128.1 9714.52
55122.3 9710.23
55117.7 9706.66
55113.1 9702.92
55108.9 9699.93
55103.8 9696.41
55099.2 9693.37
55094.3 9690.31
55089.5 9687.14
55085 9684.62
result for recall@ 1
2689 29443 55714 81667 107406 133007 158502 183789 208901 233805 258593 283204 307503 331514 355213 378624 401988 425401 448940 472840 496845 518488 539898 561500 583390 605526 627863 650434 673251 696358 719844 743690 768022 793021 818820 845662 873571 902600 932717 964386 1.00002e+06 
0.3082 0.4649 0.4687 0.4695 0.4696 0.4697 0.4697 0.4697 0.4697 0.4697 0.4697 0.4697 0.4697 0.4697 0.4697 0.4697 0.4697 0.4697 0.4697 0.4697 0.4697 0.4697 0.4697 0.4697 0.4697 0.4697 0.4697 0.4697 0.4697 0.4697 0.4697 0.4697 0.4697 0.4697 0.4697 0.4697 0.4697 0.4697 0.4697 0.4697 0.4697 
result for recall@ 10
2689 29443 55714 81667 107406 133007 158502 183789 208901 233805 258593 283204 307503 331514 355213 378624 401988 425401 448940 472840 496845 518488 539898 561500 583390 605526 627863 650434 673251 696358 719844 743690 768022 793021 818820 845662 873571 902600 932717 964386 1.00002e+06 
0.3556 0.56061 0.5671 0.56821 0.56848 0.5686 0.56864 0.56867 0.56867 0.56867 0.56867 0.56868 0.56868 0.56868 0.56868 0.56868 0.56868 0.56868 0.56868 0.56868 0.56868 0.56868 0.56868 0.56868 0.56868 0.56868 0.56868 0.56868 0.56868 0.56868 0.56868 0.56868 0.56868 0.56868 0.56868 0.56868 0.56868 0.56868 0.56868 0.56868 0.56868 
result for recall@ 100
2689 29443 55714 81667 107406 133007 158502 183789 208901 233805 258593 283204 307503 331514 355213 378624 401988 425401 448940 472840 496845 518488 539898 561500 583390 605526 627863 650434 673251 696358 719844 743690 768022 793021 818820 845662 873571 902600 932717 964386 1.00002e+06 
0.346915 0.626329 0.639868 0.642803 0.643601 0.643886 0.644002 0.644048 0.644065 0.644067 0.644068 0.644072 0.644073 0.644074 0.644074 0.644074 0.644074 0.644074 0.644074 0.644074 0.644074 0.644074 0.644074 0.644074 0.644074 0.644074 0.644074 0.644074 0.644074 0.644074 0.644074 0.644074 0.644074 0.644074 0.644074 0.644074 0.644074 0.644074 0.644074 0.644074 0.644074 
Kmeans with centroids: 450
Distance computation
58409.3 13334.5
56622.1 11649.9
55974.7 10998.8
55625.1 10653
55400.4 10431
55244.2 10277.1
55128.2 10165.4
55040.6 10079.5
54974.1 10013.5
54918.2 9960.66
54873.7 9918.08
54835.7 9882.85
54803.2 9852.24
54774.9 9827.82
54749.7 9806.99
54727.3 9788.12
54706.5 9772.32
54687.6 9758.75
54670.8 9746.29
54655.2 9735.63
54641.5 9726.25
54628.5 9717.64
54616.6 9709.82
54605.1 9702.04
54594.4 9694.72
54585.1 9688.39
54575.1 9682.87
54566 9677.31
54556.8 9672.6
54549.5 9667.8
54541.8 9663.43
54534.8 9659.5
54527.6 9655.75
54521.7 9651.75
54515.6 9648.11
54510.7 9644.71
54505.8 9641.71
54500.2 9638.71
54495.7 9635.98
54491.8 9633.39
result for recall@ 1
2371 25917 49156 72123 94923 117589 140093 162515 184858 207091 229205 251218 273118 294888 316465 337880 359080 380060 401026 422035 443216 464571 486110 506610 526019 545369 564845 584481 604268 624268 644472 664895 685515 706314 727342 748636 770269 792324 815106 838833 863330 888513 914382 940950 968981 1.00002e+06 
0.3013 0.4594 0.4638 0.465 0.4652 0.4654 0.4655 0.4655 0.4655 0.4655 0.4655 0.4655 0.4655 0.4655 0.4655 0.4655 0.4655 0.4655 0.4655 0.4655 0.4655 0.4655 0.4655 0.4655 0.4655 0.4655 0.4655 0.4655 0.4655 0.4655 0.4655 0.4655 0.4655 0.4655 0.4655 0.4655 0.4655 0.4655 0.4655 0.4655 0.4655 0.4655 0.4655 0.4655 0.4655 0.4655 
result for recall@ 10
2371 25917 49156 72123 94923 117589 140093 162515 184858 207091 229205 251218 273118 294888 316465 337880 359080 380060 401026 422035 443216 464571 486110 506610 526019 545369 564845 584481 604268 624268 644472 664895 685515 706314 727342 748636 770269 792324 815106 838833 863330 888513 914382 940950 968981 1.00002e+06 
0.35263 0.55955 0.56783 0.56932 0.56963 0.56978 0.56982 0.56986 0.56989 0.56989 0.56989 0.56989 0.56989 0.56989 0.56989 0.56989 0.56989 0.56989 0.56989 0.56989 0.56989 0.56989 0.56989 0.56989 0.56989 0.56989 0.56989 0.56989 0.56989 0.56989 0.56989 0.56989 0.56989 0.56989 0.56989 0.56989 0.56989 0.56989 0.56989 0.56989 0.56989 0.56989 0.56989 0.56989 0.56989 0.56989 
result for recall@ 100
2371 25917 49156 72123 94923 117589 140093 162515 184858 207091 229205 251218 273118 294888 316465 337880 359080 380060 401026 422035 443216 464571 486110 506610 526019 545369 564845 584481 604268 624268 644472 664895 685515 706314 727342 748636 770269 792324 815106 838833 863330 888513 914382 940950 968981 1.00002e+06 
0.340855 0.624812 0.640032 0.643474 0.644552 0.644934 0.645138 0.645199 0.645233 0.645241 0.645249 0.645251 0.645256 0.645257 0.645257 0.645258 0.645258 0.645258 0.645258 0.645257 0.645257 0.645258 0.645258 0.645258 0.645258 0.645258 0.645258 0.645258 0.645258 0.645258 0.645258 0.645258 0.645258 0.645258 0.645258 0.645258 0.645258 0.645258 0.645258 0.645258 0.645258 0.645258 0.645258 0.645258 0.645258 0.645258 
Kmeans with centroids: 500
Distance computation
57891.9 13335.6
56039.4 11584
55392 10932.3
55052.7 10588.7
54837.9 10367.1
54690 10212.7
54580 10101
54491.8 10016.9
54423 9952.07
54365.5 9901.08
54317.3 9858.63
54277.4 9822.62
54240.9 9793.11
54211.6 9767.79
54186.6 9746.16
54164.9 9726.96
54145.7 9709.71
54128.9 9694.79
54113.1 9682.07
54099.1 9670.6
54086.6 9660.45
54075.8 9651.83
54065.6 9644.27
54055.9 9637.06
54047.2 9630.71
54039.2 9624.63
54031 9619.41
54023.8 9614.05
54015.5 9608.79
54007.3 9604.46
53999.9 9600.39
53993.7 9596.35
53988.1 9593.05
53982 9589.38
53976.5 9585.6
53971.8 9582.85
53966.2 9579.7
53961.4 9576.84
53957.6 9573.49
53953.6 9570.68
result for recall@ 1
2154 23486 44518 65349 86043 106574 127010 147346 167573 187719 207758 227685 247509 267214 286850 306323 325623 344735 363712 382556 401317 420121 439011 458108 477322 495775 513657 530948 548274 565706 583252 600924 618758 636766 654970 673403 692053 710897 729972 749275 768857 788764 809093 830026 851656 873986 897004 920821 945409 971182 1.00002e+06 
0.3059 0.4621 0.4687 0.4695 0.4697 0.4697 0.4699 0.47 0.47 0.47 0.47 0.47 0.47 0.47 0.47 0.47 0.47 0.47 0.47 0.47 0.47 0.47 0.47 0.47 0.47 0.47 0.47 0.47 0.47 0.47 0.47 0.47 0.47 0.47 0.47 0.47 0.47 0.47 0.47 0.47 0.47 0.47 0.47 0.47 0.47 0.47 0.47 0.47 0.47 0.47 0.47 
result for recall@ 10
2154 23486 44518 65349 86043 106574 127010 147346 167573 187719 207758 227685 247509 267214 286850 306323 325623 344735 363712 382556 401317 420121 439011 458108 477322 495775 513657 530948 548274 565706 583252 600924 618758 636766 654970 673403 692053 710897 729972 749275 768857 788764 809093 830026 851656 873986 897004 920821 945409 971182 1.00002e+06 
0.34743 0.56177 0.57012 0.572 0.57267 0.57279 0.57284 0.57288 0.57292 0.57292 0.57292 0.57292 0.57292 0.57292 0.57292 0.57292 0.57292 0.57292 0.57292 0.57292 0.57292 0.57292 0.57292 0.57292 0.57292 0.57292 0.57292 0.57292 0.57292 0.57292 0.57292 0.57292 0.57292 0.57292 0.57292 0.57292 0.57292 0.57292 0.57292 0.57292 0.57292 0.57292 0.57292 0.57292 0.57292 0.57292 0.57292 0.57292 0.57292 0.57292 0.57292 
result for recall@ 100
2154 23486 44518 65349 86043 106574 127010 147346 167573 187719 207758 227685 247509 267214 286850 306323 325623 344735 363712 382556 401317 420121 439011 458108 477322 495775 513657 530948 548274 565706 583252 600924 618758 636766 654970 673403 692053 710897 729972 749275 768857 788764 809093 830026 851656 873986 897004 920821 945409 971182 1.00002e+06 
0.331756 0.623148 0.639677 0.643513 0.644702 0.645138 0.645323 0.645414 0.645465 0.645492 0.645504 0.645507 0.645506 0.645506 0.645506 0.645506 0.645506 0.645506 0.645506 0.645506 0.645506 0.645506 0.645506 0.645506 0.645506 0.645506 0.645506 0.645506 0.645506 0.645506 0.645506 0.645506 0.645506 0.645506 0.645506 0.645506 0.645506 0.645506 0.645506 0.645506 0.645506 0.645506 0.645506 0.645506 0.645506 0.645506 0.645506 0.645506 0.645506 0.645506 0.645506 
Kmeans with centroids: 550
Distance computation
57402.1 13210
55617.8 11563.8
54952.9 10913.7
54592.2 10557.4
54365.7 10329.3
54209.3 10172.8
54094 10057.8
54004.5 9970.41
53932.1 9903.77
53876.2 9850.41
53828.3 9806.81
53786.2 9770.2
53748.6 9738.77
53715.4 9712.14
53686.2 9689.18
53663 9669.8
53642.5 9653.11
53623.1 9638.39
53607.4 9625.96
53594.1 9614.51
53583.2 9604.51
53572 9595.86
53561.2 9588.03
53551.2 9580.71
53542.3 9573.89
53533.8 9567.74
53526.5 9562.23
53519.2 9556.99
53514.7 9552.21
53508.6 9547.71
53502.3 9543.98
53496.4 9540.22
53492 9536.63
53487.5 9533.19
53482.1 9530.12
53478 9527.2
53474.6 9525.4
53470.6 9522.88
53466.1 9520.4
53463.1 9518.34
result for recall@ 1
1952 21371 40507 59426 78172 96831 115369 133812 152180 170476 188726 206904 225012 243029 260993 278862 296622 314293 331836 349238 366459 383548 400621 417718 434873 452151 469633 486557 503013 519189 534970 550751 566558 582491 598555 614783 631136 647607 664220 680937 697788 714786 731986 749449 767229 785344 803862 822875 842482 862675 883381 904607 926426 948970 972870 1.00002e+06 
0.2989 0.4659 0.4703 0.471 0.4712 0.4714 0.4713 0.4714 0.4714 0.4714 0.4714 0.4714 0.4715 0.4715 0.4715 0.4715 0.4715 0.4715 0.4715 0.4715 0.4715 0.4715 0.4715 0.4715 0.4715 0.4715 0.4715 0.4715 0.4715 0.4715 0.4715 0.4715 0.4715 0.4715 0.4715 0.4715 0.4715 0.4715 0.4715 0.4715 0.4715 0.4715 0.4715 0.4715 0.4715 0.4715 0.4715 0.4715 0.4715 0.4715 0.4715 0.4715 0.4715 0.4715 0.4715 0.4715 
result for recall@ 10
1952 21371 40507 59426 78172 96831 115369 133812 152180 170476 188726 206904 225012 243029 260993 278862 296622 314293 331836 349238 366459 383548 400621 417718 434873 452151 469633 486557 503013 519189 534970 550751 566558 582491 598555 614783 631136 647607 664220 680937 697788 714786 731986 749449 767229 785344 803862 822875 842482 862675 883381 904607 926426 948970 972870 1.00002e+06 
0.34453 0.56339 0.57189 0.5738 0.57425 0.57449 0.57457 0.57461 0.57461 0.57461 0.57463 0.57463 0.57463 0.57463 0.57463 0.57463 0.57463 0.57463 0.57463 0.57463 0.57463 0.57463 0.57463 0.57463 0.57463 0.57463 0.57463 0.57463 0.57463 0.57463 0.57463 0.57463 0.57463 0.57463 0.57463 0.57463 0.57463 0.57463 0.57463 0.57463 0.57463 0.57463 0.57463 0.57463 0.57463 0.57463 0.57463 0.57463 0.57463 0.57463 0.57463 0.57463 0.57463 0.57463 0.57463 0.57463 
result for recall@ 100
1952 21371 40507 59426 78172 96831 115369 133812 152180 170476 188726 206904 225012 243029 260993 278862 296622 314293 331836 349238 366459 383548 400621 417718 434873 452151 469633 486557 503013 519189 534970 550751 566558 582491 598555 614783 631136 647607 664220 680937 697788 714786 731986 749449 767229 785344 803862 822875 842482 862675 883381 904607 926426 948970 972870 1.00002e+06 
0.326631 0.622398 0.64011 0.644265 0.645676 0.646232 0.646468 0.646585 0.646631 0.646654 0.646669 0.64668 0.646686 0.646687 0.646688 0.646688 0.646688 0.646688 0.646688 0.646688 0.646688 0.646688 0.646688 0.646688 0.646688 0.646688 0.646688 0.646688 0.646688 0.646688 0.646688 0.646688 0.646688 0.646688 0.646688 0.646688 0.646688 0.646688 0.646688 0.646688 0.646688 0.646688 0.646688 0.646688 0.646688 0.646688 0.646688 0.646688 0.646688 0.646688 0.646688 0.646688 0.646688 0.646688 0.646688 0.646688 
Kmeans with centroids: 600
Distance computation
56828.6 13157
55094.7 11504
54475.6 10856
54144.7 10506.6
53937.9 10284.5
53798.2 10130
53694.1 10016.4
53610.4 9930.41
53541.2 9862.78
53484.1 9808.18
53431.9 9764.09
53388.7 9727.99
53350.7 9698.08
53317.2 9672.25
53290.4 9650.4
53263.5 9631.83
53240.7 9615.11
53220.3 9600.88
53202.6 9588.37
53185.5 9577.15
53172.3 9568.33
53158.5 9558.97
53146.2 9550.96
53134.7 9543.18
53124 9535.91
53114.1 9529.53
53105 9523.5
53096 9517.71
53089.2 9512.51
53082.7 9507.67
53075.8 9503.28
53069 9499.58
53062.9 9495.45
53057.4 9491.53
53051.5 9488.08
53046.5 9484.95
53042.3 9482.29
53037.7 9479.49
53033.5 9477.16
53029.7 9474.55
result for recall@ 1
1820 19904 37744 55402 72856 90222 107524 124719 141834 158873 175834 192713 209508 226198 242798 259325 275813 292168 308438 324577 340558 356374 372059 387681 403223 418769 434443 450275 466087 480559 494992 509474 523986 538155 552349 566639 581031 595565 610200 624962 639877 654912 670120 685463 700972 716662 732529 748633 764934 781514 798411 815641 833231 851369 870144 889606 909691 930363 951685 974072 1.00002e+06 
0.3023 0.462 0.4694 0.4699 0.4702 0.4701 0.4701 0.4702 0.4702 0.4702 0.4702 0.4702 0.4702 0.4702 0.4702 0.4702 0.4702 0.4702 0.4702 0.4702 0.4702 0.4702 0.4702 0.4702 0.4702 0.4702 0.4702 0.4702 0.4702 0.4702 0.4702 0.4702 0.4702 0.4702 0.4702 0.4702 0.4702 0.4702 0.4702 0.4702 0.4702 0.4702 0.4702 0.4702 0.4702 0.4702 0.4702 0.4702 0.4702 0.4702 0.4702 0.4702 0.4702 0.4702 0.4702 0.4702 0.4702 0.4702 0.4702 0.4702 0.4702 
result for recall@ 10
1820 19904 37744 55402 72856 90222 107524 124719 141834 158873 175834 192713 209508 226198 242798 259325 275813 292168 308438 324577 340558 356374 372059 387681 403223 418769 434443 450275 466087 480559 494992 509474 523986 538155 552349 566639 581031 595565 610200 624962 639877 654912 670120 685463 700972 716662 732529 748633 764934 781514 798411 815641 833231 851369 870144 889606 909691 930363 951685 974072 1.00002e+06 
0.34227 0.56266 0.57306 0.57483 0.57558 0.57581 0.5759 0.57591 0.57596 0.57595 0.57595 0.57596 0.57596 0.57596 0.57597 0.57597 0.57597 0.57597 0.57597 0.57597 0.57597 0.57597 0.57597 0.57597 0.57597 0.57597 0.57597 0.57597 0.57597 0.57597 0.57597 0.57597 0.57597 0.57597 0.57597 0.57597 0.57597 0.57597 0.57597 0.57597 0.57597 0.57597 0.57597 0.57597 0.57597 0.57597 0.57597 0.57597 0.57597 0.57597 0.57597 0.57597 0.57597 0.57597 0.57597 0.57597 0.57597 0.57597 0.57597 0.57597 0.57597 
result for recall@ 100
1820 19904 37744 55402 72856 90222 107524 124719 141834 158873 175834 192713 209508 226198 242798 259325 275813 292168 308438 324577 340558 356374 372059 387681 403223 418769 434443 450275 466087 480559 494992 509474 523986 538155 552349 566639 581031 595565 610200 624962 639877 654912 670120 685463 700972 716662 732529 748633 764934 781514 798411 815641 833231 851369 870144 889606 909691 930363 951685 974072 1.00002e+06 
0.322017 0.620799 0.639545 0.644102 0.645731 0.646403 0.646687 0.646831 0.646898 0.646952 0.64698 0.646991 0.647 0.647005 0.647007 0.647008 0.647009 0.647009 0.647009 0.64701 0.64701 0.64701 0.64701 0.64701 0.64701 0.64701 0.64701 0.64701 0.64701 0.64701 0.64701 0.64701 0.64701 0.64701 0.64701 0.64701 0.64701 0.64701 0.64701 0.64701 0.64701 0.64701 0.64701 0.64701 0.64701 0.64701 0.64701 0.64701 0.64701 0.64701 0.64701 0.64701 0.64701 0.64701 0.64701 0.64701 0.64701 0.64701 0.64701 0.64701 0.64701 
Kmeans with centroids: 650
Distance computation
56452.6 12995.7
54702.9 11417.3
54073.9 10791.1
53735.5 10449.3
53521.3 10231.1
53374.3 10077.6
53264.4 9966.44
53179.4 9882.28
53111.3 9816.75
53056.8 9763.86
53009.2 9721.86
52969.5 9686.87
52936.5 9657.63
52906.4 9632.15
52881.5 9610.96
52859.8 9592.18
52841 9575.83
52824.6 9561.91
52808.8 9549.09
52794.8 9537.7
52781.7 9527.78
52768.5 9519
52755.6 9510.92
52743.6 9503.58
52731.9 9496.66
52722.2 9490.29
52713.7 9484.7
52705 9479.08
52697.5 9474.1
52688.9 9469.38
52681.3 9464.85
52674.3 9461.07
52667.7 9456.91
52661.7 9452.89
52656 9449.65
52651.5 9446.75
52646.3 9443.33
52642.7 9440.13
52638.4 9437.78
52634.6 9435.57
result for recall@ 1
1651 18093 34325 50376 66320 82161 97937 113638 129275 144873 160429 175933 191402 206832 222182 237476 252723 267895 283016 298073 313066 327980 342815 357585 372264 386862 401434 415995 430566 445215 459870 474225 487885 501509 515170 528496 541790 555168 568631 582150 595748 609441 623224 637151 651197 665367 679627 694004 708514 723169 737980 752963 768131 783505 799112 814971 831143 847658 864588 881950 899764 918065 936863 956375 976931 1.00002e+06 
0.2944 0.4601 0.468 0.469 0.4694 0.4696 0.4696 0.4695 0.4695 0.4696 0.4696 0.4696 0.4696 0.4696 0.4696 0.4696 0.4696 0.4696 0.4696 0.4696 0.4696 0.4696 0.4696 0.4696 0.4696 0.4696 0.4696 0.4696 0.4696 0.4696 0.4696 0.4696 0.4696 0.4696 0.4696 0.4696 0.4696 0.4696 0.4696 0.4696 0.4696 0.4696 0.4696 0.4696 0.4696 0.4696 0.4696 0.4696 0.4696 0.4696 0.4696 0.4696 0.4696 0.4696 0.4696 0.4696 0.4696 0.4696 0.4696 0.4696 0.4696 0.4696 0.4696 0.4696 0.4696 0.4696 
result for recall@ 10
1651 18093 34325 50376 66320 82161 97937 113638 129275 144873 160429 175933 191402 206832 222182 237476 252723 267895 283016 298073 313066 327980 342815 357585 372264 386862 401434 415995 430566 445215 459870 474225 487885 501509 515170 528496 541790 555168 568631 582150 595748 609441 623224 637151 651197 665367 679627 694004 708514 723169 737980 752963 768131 783505 799112 814971 831143 847658 864588 881950 899764 918065 936863 956375 976931 1.00002e+06 
0.33869 0.56078 0.57155 0.57393 0.5744 0.57451 0.57467 0.57478 0.57481 0.57483 0.57483 0.57483 0.57484 0.57484 0.57484 0.57484 0.57484 0.57484 0.57484 0.57484 0.57484 0.57484 0.57484 0.57484 0.57484 0.57484 0.57484 0.57484 0.57484 0.57484 0.57484 0.57484 0.57484 0.57484 0.57484 0.57484 0.57484 0.57484 0.57484 0.57484 0.57484 0.57484 0.57484 0.57484 0.57484 0.57484 0.57484 0.57484 0.57484 0.57484 0.57484 0.57484 0.57484 0.57484 0.57484 0.57484 0.57484 0.57484 0.57484 0.57484 0.57484 0.57484 0.57484 0.57484 0.57484 0.57484 
result for recall@ 100
1651 18093 34325 50376 66320 82161 97937 113638 129275 144873 160429 175933 191402 206832 222182 237476 252723 267895 283016 298073 313066 327980 342815 357585 372264 386862 401434 415995 430566 445215 459870 474225 487885 501509 515170 528496 541790 555168 568631 582150 595748 609441 623224 637151 651197 665367 679627 694004 708514 723169 737980 752963 768131 783505 799112 814971 831143 847658 864588 881950 899764 918065 936863 956375 976931 1.00002e+06 
0.316258 0.619344 0.639359 0.644619 0.646543 0.647272 0.647645 0.64782 0.647893 0.64794 0.647964 0.647977 0.647994 0.647997 0.648002 0.648003 0.648002 0.648004 0.648004 0.648004 0.648004 0.648004 0.648004 0.648004 0.648004 0.648004 0.648004 0.648004 0.648004 0.648004 0.648004 0.648004 0.648004 0.648004 0.648004 0.648004 0.648004 0.648004 0.648004 0.648004 0.648004 0.648004 0.648004 0.648004 0.648004 0.648004 0.648004 0.648004 0.648004 0.648004 0.648004 0.648004 0.648004 0.648004 0.648004 0.648004 0.648004 0.648004 0.648004 0.648004 0.648004 0.648004 0.648004 0.648004 0.648004 0.648004 
Kmeans with centroids: 700
Distance computation
55986.5 12968.5
54290 11359.5
53687.4 10733.1
53365.2 10396.4
53159.8 10180.4
53015.5 10027.8
52907.2 9917.28
52824.8 9832.07
52756.5 9765.73
52700.8 9714.24
52654.9 9670.61
52617.1 9635.07
52584.2 9606.11
52555.8 9581.61
52530.3 9560.85
52509.1 9543.36
52488.8 9528.11
52471.2 9514.65
52454.4 9502.61
52439.6 9491.48
52426.1 9482.28
52413.4 9474.04
52401.1 9466.82
52390.1 9459.88
52380.1 9453.2
52370.8 9446.45
52362.4 9440.85
52353.4 9436.05
52347.2 9431.37
52340.9 9426.92
52334.5 9422.61
52328.5 9418.76
52322.8 9414.88
52316.6 9411.91
52311.9 9408.68
52307 9405.87
52302.9 9403.05
52298.3 9400.32
52294.2 9397.46
52290.6 9395.26
result for recall@ 1
1521 16749 31784 46661 61442 76123 90733 105333 119856 134332 148765 163162 177508 191812 206086 220326 234508 248640 262752 276798 290786 304710 318578 332370 346104 359770 373344 386853 400292 413730 427180 440726 454438 468336 482378 495764 508616 521018 533391 545814 558284 570793 583351 595968 608641 621386 634203 647102 660102 673196 686399 699723 713160 726750 740461 754287 768282 782438 796809 811403 826227 841358 856857 872768 889173 906063 923432 941148 959322 978549 1.00002e+06 
0.2932 0.4688 0.4764 0.479 0.4797 0.4795 0.4797 0.4797 0.4797 0.4797 0.4797 0.4797 0.4797 0.4797 0.4797 0.4797 0.4797 0.4797 0.4797 0.4797 0.4797 0.4797 0.4797 0.4797 0.4797 0.4797 0.4797 0.4797 0.4797 0.4797 0.4797 0.4797 0.4797 0.4797 0.4797 0.4797 0.4797 0.4797 0.4797 0.4797 0.4797 0.4797 0.4797 0.4797 0.4797 0.4797 0.4797 0.4797 0.4797 0.4797 0.4797 0.4797 0.4797 0.4797 0.4797 0.4797 0.4797 0.4797 0.4797 0.4797 0.4797 0.4797 0.4797 0.4797 0.4797 0.4797 0.4797 0.4797 0.4797 0.4797 0.4797 
result for recall@ 10
1521 16749 31784 46661 61442 76123 90733 105333 119856 134332 148765 163162 177508 191812 206086 220326 234508 248640 262752 276798 290786 304710 318578 332370 346104 359770 373344 386853 400292 413730 427180 440726 454438 468336 482378 495764 508616 521018 533391 545814 558284 570793 583351 595968 608641 621386 634203 647102 660102 673196 686399 699723 713160 726750 740461 754287 768282 782438 796809 811403 826227 841358 856857 872768 889173 906063 923432 941148 959322 978549 1.00002e+06 
0.33495 0.5621 0.57321 0.57557 0.57644 0.57688 0.57698 0.57702 0.57706 0.57708 0.57707 0.57708 0.57709 0.5771 0.5771 0.5771 0.5771 0.5771 0.5771 0.5771 0.5771 0.5771 0.5771 0.5771 0.5771 0.5771 0.5771 0.5771 0.5771 0.5771 0.5771 0.5771 0.5771 0.5771 0.5771 0.5771 0.5771 0.5771 0.5771 0.5771 0.5771 0.5771 0.5771 0.5771 0.5771 0.5771 0.5771 0.5771 0.5771 0.5771 0.5771 0.5771 0.5771 0.5771 0.5771 0.5771 0.5771 0.5771 0.5771 0.5771 0.5771 0.5771 0.5771 0.5771 0.5771 0.5771 0.5771 0.5771 0.5771 0.5771 0.5771 
result for recall@ 100
1521 16749 31784 46661 61442 76123 90733 105333 119856 134332 148765 163162 177508 191812 206086 220326 234508 248640 262752 276798 290786 304710 318578 332370 346104 359770 373344 386853 400292 413730 427180 440726 454438 468336 482378 495764 508616 521018 533391 545814 558284 570793 583351 595968 608641 621386 634203 647102 660102 673196 686399 699723 713160 726750 740461 754287 768282 782438 796809 811403 826227 841358 856857 872768 889173 906063 923432 941148 959322 978549 1.00002e+06 
0.30879 0.617398 0.638932 0.644321 0.646279 0.647166 0.647564 0.647778 0.647888 0.647952 0.647998 0.648023 0.648036 0.648042 0.648047 0.648052 0.648056 0.648055 0.648055 0.648055 0.648056 0.648056 0.648056 0.648057 0.648057 0.648057 0.648057 0.648057 0.648057 0.648057 0.648057 0.648057 0.648057 0.648057 0.648057 0.648057 0.648057 0.648057 0.648057 0.648057 0.648057 0.648057 0.648057 0.648057 0.648057 0.648057 0.648057 0.648057 0.648057 0.648057 0.648057 0.648057 0.648057 0.648057 0.648057 0.648057 0.648057 0.648057 0.648057 0.648057 0.648057 0.648057 0.648057 0.648057 0.648057 0.648057 0.648057 0.648057 0.648057 0.648057 0.648057 
Kmeans with centroids: 750
Distance computation
55721.1 12993
53996.8 11388.8
53368.2 10740.8
53033.5 10385.9
52819.6 10159.7
52673.1 10004.6
52562.8 9892
52478.2 9807.9
52410.2 9741.46
52357.2 9689.34
52312.5 9646.6
52273.7 9611.18
52241.6 9581.64
52212.9 9557.16
52186.1 9536.3
52164.3 9518.01
52143.2 9501.69
52124.7 9487.87
52108.5 9475.7
52092.6 9464.22
52077.7 9454.23
52063.9 9445.83
52051.4 9437.01
52039.8 9429.88
52029.7 9422.99
52019.1 9416.72
52010.1 9410.53
52001 9405.17
51993.1 9400.14
51984.1 9395.24
51977 9390.67
51971.6 9386.27
51964.8 9382.4
51960.1 9379
51954.9 9375.44
51950.1 9372.27
51946.1 9368.85
51942 9366.07
51937.9 9363.48
51934.1 9360.69
result for recall@ 1
1433 15739 29850 43820 57673 71460 85153 98820 112440 126029 139564 153074 166560 179980 193379 206738 220033 233293 246520 259703 272845 285918 298931 311897 324785 337603 350299 362935 375507 388050 400566 413110 425655 438242 450885 463664 476162 488104 500056 511994 523559 535061 546589 558156 569779 581454 593178 604982 616847 628792 640818 652924 665116 677406 689767 702231 714766 727392 740125 752981 765977 779149 792514 806132 820029 834207 848696 863481 878598 894082 909999 926430 943237 960473 978832 1.00002e+06 
0.2947 0.4673 0.4747 0.4767 0.4772 0.4777 0.4777 0.4778 0.4781 0.4781 0.4781 0.4781 0.4781 0.4781 0.4781 0.4781 0.4781 0.4781 0.4781 0.4781 0.4781 0.4781 0.4781 0.4781 0.4781 0.4781 0.4781 0.4781 0.4781 0.4781 0.4781 0.4781 0.4781 0.4781 0.4781 0.4781 0.4781 0.4781 0.4781 0.4781 0.4781 0.4781 0.4781 0.4781 0.4781 0.4781 0.4781 0.4781 0.4781 0.4781 0.4781 0.4781 0.4781 0.4781 0.4781 0.4781 0.4781 0.4781 0.4781 0.4781 0.4781 0.4781 0.4781 0.4781 0.4781 0.4781 0.4781 0.4781 0.4781 0.4781 0.4781 0.4781 0.4781 0.4781 0.4781 0.4781 
result for recall@ 10
1433 15739 29850 43820 57673 71460 85153 98820 112440 126029 139564 153074 166560 179980 193379 206738 220033 233293 246520 259703 272845 285918 298931 311897 324785 337603 350299 362935 375507 388050 400566 413110 425655 438242 450885 463664 476162 488104 500056 511994 523559 535061 546589 558156 569779 581454 593178 604982 616847 628792 640818 652924 665116 677406 689767 702231 714766 727392 740125 752981 765977 779149 792514 806132 820029 834207 848696 863481 878598 894082 909999 926430 943237 960473 978832 1.00002e+06 
0.33292 0.56088 0.57279 0.57513 0.57596 0.5763 0.57649 0.57663 0.57666 0.57669 0.57672 0.57672 0.5767 0.5767 0.5767 0.5767 0.5767 0.5767 0.5767 0.5767 0.5767 0.5767 0.5767 0.5767 0.5767 0.5767 0.5767 0.5767 0.5767 0.5767 0.5767 0.5767 0.5767 0.5767 0.5767 0.5767 0.5767 0.5767 0.5767 0.5767 0.5767 0.5767 0.5767 0.5767 0.5767 0.5767 0.5767 0.5767 0.5767 0.5767 0.5767 0.5767 0.5767 0.5767 0.5767 0.5767 0.5767 0.5767 0.5767 0.5767 0.5767 0.5767 0.5767 0.5767 0.5767 0.5767 0.5767 0.5767 0.5767 0.5767 0.5767 0.5767 0.5767 0.5767 0.5767 0.5767 
result for recall@ 100
1433 15739 29850 43820 57673 71460 85153 98820 112440 126029 139564 153074 166560 179980 193379 206738 220033 233293 246520 259703 272845 285918 298931 311897 324785 337603 350299 362935 375507 388050 400566 413110 425655 438242 450885 463664 476162 488104 500056 511994 523559 535061 546589 558156 569779 581454 593178 604982 616847 628792 640818 652924 665116 677406 689767 702231 714766 727392 740125 752981 765977 779149 792514 806132 820029 834207 848696 863481 878598 894082 909999 926430 943237 960473 978832 1.00002e+06 
0.307055 0.616078 0.638433 0.644348 0.646596 0.647546 0.648018 0.648224 0.648362 0.648442 0.648497 0.648522 0.648531 0.648539 0.648549 0.648551 0.648554 0.648554 0.648555 0.648554 0.648554 0.648555 0.648555 0.648555 0.648555 0.648555 0.648555 0.648555 0.648555 0.648555 0.648555 0.648555 0.648555 0.648555 0.648555 0.648555 0.648555 0.648555 0.648555 0.648555 0.648555 0.648555 0.648555 0.648555 0.648555 0.648555 0.648555 0.648555 0.648555 0.648555 0.648555 0.648555 0.648555 0.648555 0.648555 0.648555 0.648555 0.648555 0.648555 0.648555 0.648555 0.648555 0.648555 0.648555 0.648555 0.648555 0.648555 0.648555 0.648555 0.648555 0.648555 0.648555 0.648555 0.648555 0.648555 0.648555 
Kmeans with centroids: 800
Distance computation
55441.9 12952.9
53688.2 11323
53052.3 10684.3
52711.2 10337.8
52495.4 10114.8
52350.9 9960.76
52241.6 9848.09
52154.5 9762.4
52089.7 9696.27
52036.3 9643.68
51991.7 9601.2
51954.2 9565.61
51923.1 9536.38
51896.6 9511.29
51871.7 9489.68
51850.9 9471.96
51833.1 9455.39
51816.6 9441.32
51801.2 9428.94
51788.2 9418.06
51776 9407.89
51764.5 9399.72
51755.2 9392.43
51744.9 9385.87
51736 9379.22
51727.7 9373.24
51720.1 9367.96
51713.1 9362.56
51705.3 9357.18
51699.1 9352.31
51691.7 9348.22
51685.6 9344.7
51680.5 9341.27
51675.6 9337.44
51671 9334.3
51666.1 9331.53
51661.7 9328.73
51657.4 9326.41
51654.2 9324.02
51649.9 9321.89
result for recall@ 1
1354 14872 28175 41348 54435 67452 80409 93315 106180 118975 131749 144493 157181 169827 182473 195080 207660 220192 232693 245168 257567 269934 282257 294520 306731 318891 330994 343028 355009 366891 378748 390562 402363 414154 425995 437912 449886 461871 473090 483956 494850 505781 516828 527753 538501 549254 560038 570865 581740 592675 603655 614715 625810 636976 648201 659515 670894 682344 693871 705483 717209 729038 740983 753065 765309 777698 790262 803006 815958 829147 842606 856348 870393 884753 899432 914407 929744 945513 961924 979551 1.00002e+06 
0.2889 0.4596 0.4698 0.4712 0.4714 0.4716 0.4716 0.4716 0.4716 0.4716 0.4716 0.4716 0.4716 0.4716 0.4716 0.4716 0.4716 0.4716 0.4716 0.4716 0.4716 0.4716 0.4716 0.4716 0.4716 0.4716 0.4716 0.4716 0.4716 0.4716 0.4716 0.4716 0.4716 0.4716 0.4716 0.4716 0.4716 0.4716 0.4716 0.4716 0.4716 0.4716 0.4716 0.4716 0.4716 0.4716 0.4716 0.4716 0.4716 0.4716 0.4716 0.4716 0.4716 0.4716 0.4716 0.4716 0.4716 0.4716 0.4716 0.4716 0.4716 0.4716 0.4716 0.4716 0.4716 0.4716 0.4716 0.4716 0.4716 0.4716 0.4716 0.4716 0.4716 0.4716 0.4716 0.4716 0.4716 0.4716 0.4716 0.4716 0.4716 
result for recall@ 10
1354 14872 28175 41348 54435 67452 80409 93315 106180 118975 131749 144493 157181 169827 182473 195080 207660 220192 232693 245168 257567 269934 282257 294520 306731 318891 330994 343028 355009 366891 378748 390562 402363 414154 425995 437912 449886 461871 473090 483956 494850 505781 516828 527753 538501 549254 560038 570865 581740 592675 603655 614715 625810 636976 648201 659515 670894 682344 693871 705483 717209 729038 740983 753065 765309 777698 790262 803006 815958 829147 842606 856348 870393 884753 899432 914407 929744 945513 961924 979551 1.00002e+06 
0.3312 0.55984 0.5714 0.57404 0.57491 0.57527 0.57545 0.57554 0.57554 0.57554 0.57553 0.57553 0.57553 0.57554 0.57554 0.57555 0.57555 0.57555 0.57555 0.57555 0.57555 0.57555 0.57555 0.57555 0.57555 0.57555 0.57555 0.57555 0.57555 0.57555 0.57555 0.57555 0.57555 0.57555 0.57555 0.57555 0.57555 0.57555 0.57555 0.57555 0.57555 0.57555 0.57555 0.57555 0.57555 0.57555 0.57555 0.57555 0.57555 0.57555 0.57555 0.57555 0.57555 0.57555 0.57555 0.57555 0.57555 0.57555 0.57555 0.57555 0.57555 0.57555 0.57555 0.57555 0.57555 0.57555 0.57555 0.57555 0.57555 0.57555 0.57555 0.57555 0.57555 0.57555 0.57555 0.57555 0.57555 0.57555 0.57555 0.57555 0.57555 
result for recall@ 100
1354 14872 28175 41348 54435 67452 80409 93315 106180 118975 131749 144493 157181 169827 182473 195080 207660 220192 232693 245168 257567 269934 282257 294520 306731 318891 330994 343028 355009 366891 378748 390562 402363 414154 425995 437912 449886 461871 473090 483956 494850 505781 516828 527753 538501 549254 560038 570865 581740 592675 603655 614715 625810 636976 648201 659515 670894 682344 693871 705483 717209 729038 740983 753065 765309 777698 790262 803006 815958 829147 842606 856348 870393 884753 899432 914407 929744 945513 961924 979551 1.00002e+06 
0.301642 0.615289 0.63872 0.645099 0.647455 0.64849 0.649006 0.649268 0.649408 0.649502 0.649549 0.649577 0.64959 0.6496 0.649605 0.649612 0.649617 0.64962 0.649621 0.649624 0.649625 0.649626 0.649626 0.649625 0.649626 0.649626 0.649626 0.649626 0.649626 0.649626 0.649626 0.649626 0.649626 0.649626 0.649626 0.649626 0.649626 0.649626 0.649626 0.649626 0.649626 0.649626 0.649626 0.649626 0.649626 0.649626 0.649626 0.649626 0.649626 0.649626 0.649626 0.649626 0.649626 0.649626 0.649626 0.649626 0.649626 0.649626 0.649626 0.649626 0.649626 0.649626 0.649626 0.649626 0.649626 0.649626 0.649626 0.649626 0.649626 0.649626 0.649626 0.649626 0.649626 0.649626 0.649626 0.649626 0.649626 0.649626 0.649626 0.649626 0.649626 
Kmeans with centroids: 850
Distance computation
55098 12923.1
53425.6 11309.9
52806.5 10670.2
52467.8 10321.5
52250.1 10097.6
52098.2 9942.38
51984.7 9828.3
51897.8 9741.41
51825.7 9674.99
51768.7 9621.76
51721.8 9578.43
51680.6 9541.98
51645.6 9511.75
51615.7 9487.32
51588.4 9465.57
51563.6 9446.96
51542.7 9431.11
51523.7 9417.06
51507.6 9403.98
51493.3 9392.38
51481.6 9382.73
51470.1 9374.05
51460.5 9366.5
51450.8 9358.71
51442.4 9352.07
51434.8 9346.55
51427.5 9340.8
51421.5 9335.15
51415.1 9330.25
51409.3 9325.87
51403.1 9321.41
51398.3 9316.9
51393.1 9312.89
51387.5 9309.6
51383.2 9306.36
51378.6 9303.19
51375.2 9300.36
51371.8 9297.46
51368.2 9295.11
51364.4 9292.35
result for recall@ 1
1259 13879 26311 38617 50795 62945 75018 87050 99058 111008 122944 134832 146681 158510 170306 182079 193826 205550 217262 228937 240564 252174 263729 275274 286772 298229 309619 320991 332320 343596 354833 366040 377205 388334 399445 410551 421666 432823 444050 455358 466792 478370 489916 500807 511030 521119 531234 541373 551564 561793 572065 582401 592791 603220 613706 624243 634818 645434 656099 666817 677565 688371 699238 710170 721188 732323 743564 754940 766438 778107 789935 801935 814106 826460 839009 851757 864738 878025 891639 905629 919970 934662 949761 965279 981707 1.00002e+06 
0.2862 0.4594 0.4688 0.4704 0.4712 0.4714 0.4715 0.4715 0.4715 0.4715 0.4716 0.4716 0.4716 0.4716 0.4716 0.4716 0.4716 0.4716 0.4716 0.4716 0.4716 0.4716 0.4716 0.4716 0.4716 0.4716 0.4716 0.4716 0.4716 0.4716 0.4716 0.4716 0.4716 0.4716 0.4716 0.4716 0.4716 0.4716 0.4716 0.4716 0.4716 0.4716 0.4716 0.4716 0.4716 0.4716 0.4716 0.4716 0.4716 0.4716 0.4716 0.4716 0.4716 0.4716 0.4716 0.4716 0.4716 0.4716 0.4716 0.4716 0.4716 0.4716 0.4716 0.4716 0.4716 0.4716 0.4716 0.4716 0.4716 0.4716 0.4716 0.4716 0.4716 0.4716 0.4716 0.4716 0.4716 0.4716 0.4716 0.4716 0.4716 0.4716 0.4716 0.4716 0.4716 0.4716 
result for recall@ 10
1259 13879 26311 38617 50795 62945 75018 87050 99058 111008 122944 134832 146681 158510 170306 182079 193826 205550 217262 228937 240564 252174 263729 275274 286772 298229 309619 320991 332320 343596 354833 366040 377205 388334 399445 410551 421666 432823 444050 455358 466792 478370 489916 500807 511030 521119 531234 541373 551564 561793 572065 582401 592791 603220 613706 624243 634818 645434 656099 666817 677565 688371 699238 710170 721188 732323 743564 754940 766438 778107 789935 801935 814106 826460 839009 851757 864738 878025 891639 905629 919970 934662 949761 965279 981707 1.00002e+06 
0.32631 0.56034 0.57332 0.57632 0.57717 0.57763 0.57783 0.57787 0.57794 0.57797 0.57797 0.578 0.57802 0.57802 0.57801 0.57801 0.57801 0.57801 0.57801 0.57801 0.57801 0.57801 0.57801 0.57801 0.57801 0.57801 0.57801 0.57801 0.57801 0.57801 0.57801 0.57801 0.57801 0.57801 0.57801 0.57801 0.57801 0.57801 0.57801 0.57801 0.57801 0.57801 0.57801 0.57801 0.57801 0.57801 0.57801 0.57801 0.57801 0.57801 0.57801 0.57801 0.57801 0.57801 0.57801 0.57801 0.57801 0.57801 0.57801 0.57801 0.57801 0.57801 0.57801 0.57801 0.57801 0.57801 0.57801 0.57801 0.57801 0.57801 0.57801 0.57801 0.57801 0.57801 0.57801 0.57801 0.57801 0.57801 0.57801 0.57801 0.57801 0.57801 0.57801 0.57801 0.57801 0.57801 
result for recall@ 100
1259 13879 26311 38617 50795 62945 75018 87050 99058 111008 122944 134832 146681 158510 170306 182079 193826 205550 217262 228937 240564 252174 263729 275274 286772 298229 309619 320991 332320 343596 354833 366040 377205 388334 399445 410551 421666 432823 444050 455358 466792 478370 489916 500807 511030 521119 531234 541373 551564 561793 572065 582401 592791 603220 613706 624243 634818 645434 656099 666817 677565 688371 699238 710170 721188 732323 743564 754940 766438 778107 789935 801935 814106 826460 839009 851757 864738 878025 891639 905629 919970 934662 949761 965279 981707 1.00002e+06 
0.29692 0.61425 0.638902 0.645683 0.648223 0.649516 0.650089 0.650398 0.650574 0.650689 0.650743 0.650769 0.650789 0.6508 0.650811 0.650817 0.650816 0.650816 0.650818 0.65082 0.65082 0.65082 0.65082 0.65082 0.65082 0.65082 0.65082 0.65082 0.65082 0.65082 0.65082 0.65082 0.65082 0.65082 0.65082 0.65082 0.65082 0.65082 0.65082 0.65082 0.65082 0.65082 0.65082 0.65082 0.65082 0.65082 0.65082 0.65082 0.65082 0.65082 0.65082 0.65082 0.65082 0.65082 0.65082 0.65082 0.65082 0.65082 0.65082 0.65082 0.65082 0.65082 0.65082 0.65082 0.65082 0.65082 0.65082 0.65082 0.65082 0.65082 0.65082 0.65082 0.65082 0.65082 0.65082 0.65082 0.65082 0.65082 0.65082 0.65082 0.65082 0.65082 0.65082 0.65082 0.65082 0.65082 
Kmeans with centroids: 900
Distance computation
54779 12811.6
53096.7 11248.1
52485 10618.5
52150.3 10273.9
51934.8 10051.7
51785.7 9897.61
51676.9 9783.91
51590.5 9698.65
51524.1 9631.9
51471.8 9580.03
51428.3 9538.72
51391.3 9505.33
51360.4 9476.71
51333.1 9451.94
51309.3 9431.17
51289.5 9412.88
51270.5 9397.45
51254.2 9384.52
51238.9 9372.63
51224.4 9362.19
51213 9352.65
51201.9 9343.97
51191.6 9336.81
51181.9 9329.83
51174 9322.71
51166.1 9316.51
51158.7 9310.9
51151.2 9305.7
51145.7 9300.88
51139.3 9296.81
51132.9 9292.95
51126.7 9289.22
51121.9 9285.94
51117.3 9282.56
51113.6 9279.64
51109.6 9276.58
51106.2 9273.92
51102.9 9271.56
51098.8 9268.9
51095 9266.64
result for recall@ 1
1199 13178 24949 36598 48184 59665 71104 82521 93901 105242 116518 127777 139004 150199 161352 172479 183601 194691 205749 216780 227796 238757 249717 260653 271549 282409 293227 304013 314754 325426 336069 346671 357247 367787 378304 388812 399295 409777 420285 430824 441410 452071 462842 473703 484670 495426 505099 514620 524132 533649 543184 552740 562332 571960 581630 591366 601146 610956 620820 630728 640683 650681 660738 670859 681052 691301 701614 711996 722462 733014 743665 754442 765318 776317 787440 798732 810184 821830 833687 845736 857991 870469 883167 896124 909342 922861 936744 951016 965762 981511 1.00002e+06 
0.2831 0.4676 0.4764 0.4787 0.4792 0.4794 0.4794 0.4794 0.4795 0.4795 0.4795 0.4795 0.4795 0.4795 0.4795 0.4795 0.4795 0.4795 0.4795 0.4795 0.4795 0.4795 0.4795 0.4795 0.4795 0.4795 0.4795 0.4795 0.4795 0.4795 0.4795 0.4795 0.4795 0.4795 0.4795 0.4795 0.4795 0.4795 0.4795 0.4795 0.4795 0.4795 0.4795 0.4795 0.4795 0.4795 0.4795 0.4795 0.4795 0.4795 0.4795 0.4795 0.4795 0.4795 0.4795 0.4795 0.4795 0.4795 0.4795 0.4795 0.4795 0.4795 0.4795 0.4795 0.4795 0.4795 0.4795 0.4795 0.4795 0.4795 0.4795 0.4795 0.4795 0.4795 0.4795 0.4795 0.4795 0.4795 0.4795 0.4795 0.4795 0.4795 0.4795 0.4795 0.4795 0.4795 0.4795 0.4795 0.4795 0.4795 0.4795 
result for recall@ 10
1199 13178 24949 36598 48184 59665 71104 82521 93901 105242 116518 127777 139004 150199 161352 172479 183601 194691 205749 216780 227796 238757 249717 260653 271549 282409 293227 304013 314754 325426 336069 346671 357247 367787 378304 388812 399295 409777 420285 430824 441410 452071 462842 473703 484670 495426 505099 514620 524132 533649 543184 552740 562332 571960 581630 591366 601146 610956 620820 630728 640683 650681 660738 670859 681052 691301 701614 711996 722462 733014 743665 754442 765318 776317 787440 798732 810184 821830 833687 845736 857991 870469 883167 896124 909342 922861 936744 951016 965762 981511 1.00002e+06 
0.32527 0.55971 0.57333 0.57649 0.57764 0.57815 0.57839 0.5785 0.57854 0.57859 0.57861 0.57864 0.57864 0.57864 0.57864 0.57864 0.57864 0.57864 0.57864 0.57864 0.57864 0.57864 0.57864 0.57864 0.57864 0.57864 0.57864 0.57864 0.57864 0.57864 0.57864 0.57864 0.57864 0.57864 0.57864 0.57864 0.57864 0.57864 0.57864 0.57864 0.57864 0.57864 0.57864 0.57864 0.57864 0.57864 0.57864 0.57864 0.57864 0.57864 0.57864 0.57864 0.57864 0.57864 0.57864 0.57864 0.57864 0.57864 0.57864 0.57864 0.57864 0.57864 0.57864 0.57864 0.57864 0.57864 0.57864 0.57864 0.57864 0.57864 0.57864 0.57864 0.57864 0.57864 0.57864 0.57864 0.57864 0.57864 0.57864 0.57864 0.57864 0.57864 0.57864 0.57864 0.57864 0.57864 0.57864 0.57864 0.57864 0.57864 0.57864 
result for recall@ 100
1199 13178 24949 36598 48184 59665 71104 82521 93901 105242 116518 127777 139004 150199 161352 172479 183601 194691 205749 216780 227796 238757 249717 260653 271549 282409 293227 304013 314754 325426 336069 346671 357247 367787 378304 388812 399295 409777 420285 430824 441410 452071 462842 473703 484670 495426 505099 514620 524132 533649 543184 552740 562332 571960 581630 591366 601146 610956 620820 630728 640683 650681 660738 670859 681052 691301 701614 711996 722462 733014 743665 754442 765318 776317 787440 798732 810184 821830 833687 845736 857991 870469 883167 896124 909342 922861 936744 951016 965762 981511 1.00002e+06 
0.293562 0.612291 0.637889 0.645057 0.647891 0.649106 0.649781 0.6501 0.65029 0.650398 0.650465 0.650505 0.650531 0.650545 0.650557 0.650563 0.650572 0.650573 0.650575 0.650578 0.650581 0.650583 0.650583 0.650583 0.650583 0.650583 0.650584 0.650584 0.650584 0.650584 0.650584 0.650584 0.650584 0.650584 0.650584 0.650584 0.650584 0.650584 0.650584 0.650584 0.650584 0.650584 0.650584 0.650584 0.650584 0.650584 0.650584 0.650584 0.650584 0.650584 0.650584 0.650584 0.650584 0.650584 0.650584 0.650584 0.650584 0.650584 0.650584 0.650584 0.650584 0.650584 0.650584 0.650584 0.650584 0.650584 0.650584 0.650584 0.650584 0.650584 0.650584 0.650584 0.650584 0.650584 0.650584 0.650584 0.650584 0.650584 0.650584 0.650584 0.650584 0.650584 0.650584 0.650584 0.650584 0.650584 0.650584 0.650584 0.650584 0.650584 0.650584 
Kmeans with centroids: 950
Distance computation
54541.4 12744.9
52864.6 11207.2
52256 10585.2
51928.2 10243.5
51720.1 10025.4
51571.5 9872.92
51464.1 9761.06
51378.5 9676.48
51309.3 9611
51253.8 9557.74
51206.8 9515.65
51166.7 9481.26
51133 9452.26
51102.8 9428.12
51077.4 9408.39
51053.8 9390.53
51034 9375.24
51016.2 9361.4
51000.2 9349.93
50984.8 9338.93
50971.7 9329.16
50958.7 9320.49
50945.5 9311.62
50934 9303.69
50922.8 9296.91
50914.6 9290.44
50906.2 9284.7
50897.4 9279.45
50890.5 9274.36
50883.8 9269.72
50876.4 9265.27
50870.8 9261.59
50865.1 9257.83
50860.4 9254.71
50854.9 9251.24
50849.9 9248.13
50844.5 9245.08
50841.1 9242.53
50837.7 9239.74
50834 9237.2
result for recall@ 1
1128 12442 23612 34687 45680 56609 67479 78318 89108 99890 110638 121353 132037 142698 153325 163948 174545 185099 195620 206130 216614 227082 237529 247940 258323 268673 278992 289291 299529 309737 319913 330055 340156 350229 360257 370245 380215 390172 400123 410071 420040 430029 440039 450093 460217 470354 480044 489547 499016 508493 517754 526871 535987 545117 554260 563437 572622 581854 591117 600422 609753 619140 628556 638012 647523 657084 666714 676422 686194 696033 705950 715932 725986 736110 746308 756586 766940 777376 787920 798581 809357 820251 831303 842523 853933 865547 877406 889502 901877 914565 927529 940752 954227 968095 983042 1.00002e+06 
0.2876 0.4702 0.4795 0.4818 0.4826 0.483 0.483 0.4831 0.4834 0.4834 0.4834 0.4834 0.4834 0.4834 0.4834 0.4834 0.4834 0.4834 0.4834 0.4834 0.4834 0.4834 0.4834 0.4834 0.4834 0.4834 0.4834 0.4834 0.4834 0.4834 0.4834 0.4834 0.4834 0.4834 0.4834 0.4834 0.4834 0.4834 0.4834 0.4834 0.4834 0.4834 0.4834 0.4834 0.4834 0.4834 0.4834 0.4834 0.4834 0.4834 0.4834 0.4834 0.4834 0.4834 0.4834 0.4834 0.4834 0.4834 0.4834 0.4834 0.4834 0.4834 0.4834 0.4834 0.4834 0.4834 0.4834 0.4834 0.4834 0.4834 0.4834 0.4834 0.4834 0.4834 0.4834 0.4834 0.4834 0.4834 0.4834 0.4834 0.4834 0.4834 0.4834 0.4834 0.4834 0.4834 0.4834 0.4834 0.4834 0.4834 0.4834 0.4834 0.4834 0.4834 0.4834 0.4834 
result for recall@ 10
1128 12442 23612 34687 45680 56609 67479 78318 89108 99890 110638 121353 132037 142698 153325 163948 174545 185099 195620 206130 216614 227082 237529 247940 258323 268673 278992 289291 299529 309737 319913 330055 340156 350229 360257 370245 380215 390172 400123 410071 420040 430029 440039 450093 460217 470354 480044 489547 499016 508493 517754 526871 535987 545117 554260 563437 572622 581854 591117 600422 609753 619140 628556 638012 647523 657084 666714 676422 686194 696033 705950 715932 725986 736110 746308 756586 766940 777376 787920 798581 809357 820251 831303 842523 853933 865547 877406 889502 901877 914565 927529 940752 954227 968095 983042 1.00002e+06 
0.32162 0.55939 0.57297 0.57613 0.57719 0.57765 0.57792 0.57808 0.57814 0.57813 0.57815 0.57815 0.57817 0.57818 0.57818 0.57818 0.57819 0.57819 0.57819 0.57819 0.57819 0.57819 0.57819 0.57819 0.57819 0.57819 0.57819 0.57819 0.57819 0.57819 0.57819 0.57819 0.57819 0.57819 0.57819 0.57819 0.57819 0.57819 0.57819 0.57819 0.57819 0.57819 0.57819 0.57819 0.57819 0.57819 0.57819 0.57819 0.57819 0.57819 0.57819 0.57819 0.57819 0.57819 0.57819 0.57819 0.57819 0.57819 0.57819 0.57819 0.57819 0.57819 0.57819 0.57819 0.57819 0.57819 0.57819 0.57819 0.57819 0.57819 0.57819 0.57819 0.57819 0.57819 0.57819 0.57819 0.57819 0.57819 0.57819 0.57819 0.57819 0.57819 0.57819 0.57819 0.57819 0.57819 0.57819 0.57819 0.57819 0.57819 0.57819 0.57819 0.57819 0.57819 0.57819 0.57819 
result for recall@ 100
1128 12442 23612 34687 45680 56609 67479 78318 89108 99890 110638 121353 132037 142698 153325 163948 174545 185099 195620 206130 216614 227082 237529 247940 258323 268673 278992 289291 299529 309737 319913 330055 340156 350229 360257 370245 380215 390172 400123 410071 420040 430029 440039 450093 460217 470354 480044 489547 499016 508493 517754 526871 535987 545117 554260 563437 572622 581854 591117 600422 609753 619140 628556 638012 647523 657084 666714 676422 686194 696033 705950 715932 725986 736110 746308 756586 766940 777376 787920 798581 809357 820251 831303 842523 853933 865547 877406 889502 901877 914565 927529 940752 954227 968095 983042 1.00002e+06 
0.289864 0.611994 0.638069 0.645605 0.648596 0.650049 0.650769 0.65114 0.651324 0.651461 0.651544 0.651585 0.651609 0.65163 0.651637 0.65165 0.651658 0.651663 0.651665 0.651672 0.651672 0.651672 0.651672 0.651674 0.651674 0.651674 0.651674 0.651674 0.651676 0.651676 0.651676 0.651676 0.651676 0.651676 0.651676 0.651676 0.651676 0.651676 0.651676 0.651676 0.651676 0.651676 0.651676 0.651676 0.651676 0.651676 0.651676 0.651676 0.651676 0.651676 0.651676 0.651676 0.651676 0.651676 0.651676 0.651676 0.651676 0.651676 0.651676 0.651676 0.651676 0.651676 0.651676 0.651676 0.651676 0.651676 0.651676 0.651676 0.651676 0.651676 0.651676 0.651676 0.651676 0.651676 0.651676 0.651676 0.651676 0.651676 0.651676 0.651676 0.651676 0.651676 0.651676 0.651676 0.651676 0.651676 0.651676 0.651676 0.651676 0.651676 0.651676 0.651676 0.651676 0.651676 0.651676 0.651676 
Kmeans with centroids: 1000
Distance computation
54212.3 12757
52556.4 11191.6
51944.6 10557.3
51618.8 10209.1
51418.4 9987.79
51278 9835.03
51174.3 9723.92
51094.3 9639.74
51031 9574.67
50978.3 9523.15
50933.9 9481.54
50896.8 9447.27
50863.1 9418.25
50833.7 9394.22
50808.8 9373.63
50785.9 9355.69
50765 9340.56
50746.8 9326.91
50730.9 9314.42
50717.4 9303.77
50704.2 9294.4
50692.8 9285.5
50681.9 9277.75
50672.4 9270.47
50664.2 9264.27
50656.3 9258.45
50648.8 9252.3
50641.7 9246.8
50635.5 9241.91
50629.3 9237.72
50623.2 9233.03
50617.6 9229.58
50612.4 9225.97
50607.8 9222.7
50603.5 9219.48
50598.8 9216.59
50594.4 9213.56
50590.9 9211.39
50587.4 9208.88
50584.2 9206.35
result for recall@ 1
1086 11974 22703 33340 43903 54402 64866 75268 85644 95991 106310 116598 126845 137071 147269 157433 167579 177713 187829 197906 207948 217961 227941 237903 247842 257749 267630 277497 287308 297096 306833 316524 326153 335726 345253 354725 364159 373563 382912 392226 401519 410802 420078 429349 438652 448025 457500 467052 476598 485721 494549 503393 512023 520486 528963 537488 546051 554661 563308 572008 580750 589524 598334 607164 616032 624929 633860 642826 651839 660897 669989 679128 688308 697538 706818 716157 725575 735087 744693 754392 764198 774130 784169 794319 804598 814991 825533 836215 847070 858121 869361 880834 892545 904499 916696 929114 941806 954827 968428 983149 1.00002e+06 
0.2842 0.4643 0.4763 0.4788 0.4793 0.4797 0.4797 0.4799 0.4799 0.4799 0.4799 0.4799 0.4799 0.4799 0.4799 0.4799 0.4799 0.4799 0.4799 0.4799 0.4799 0.4799 0.4799 0.4799 0.4799 0.4799 0.4799 0.4799 0.4799 0.4799 0.4799 0.4799 0.4799 0.4799 0.4799 0.4799 0.4799 0.4799 0.4799 0.4799 0.4799 0.4799 0.4799 0.4799 0.4799 0.4799 0.4799 0.4799 0.4799 0.4799 0.4799 0.4799 0.4799 0.4799 0.4799 0.4799 0.4799 0.4799 0.4799 0.4799 0.4799 0.4799 0.4799 0.4799 0.4799 0.4799 0.4799 0.4799 0.4799 0.4799 0.4799 0.4799 0.4799 0.4799 0.4799 0.4799 0.4799 0.4799 0.4799 0.4799 0.4799 0.4799 0.4799 0.4799 0.4799 0.4799 0.4799 0.4799 0.4799 0.4799 0.4799 0.4799 0.4799 0.4799 0.4799 0.4799 0.4799 0.4799 0.4799 0.4799 0.4799 
result for recall@ 10
1086 11974 22703 33340 43903 54402 64866 75268 85644 95991 106310 116598 126845 137071 147269 157433 167579 177713 187829 197906 207948 217961 227941 237903 247842 257749 267630 277497 287308 297096 306833 316524 326153 335726 345253 354725 364159 373563 382912 392226 401519 410802 420078 429349 438652 448025 457500 467052 476598 485721 494549 503393 512023 520486 528963 537488 546051 554661 563308 572008 580750 589524 598334 607164 616032 624929 633860 642826 651839 660897 669989 679128 688308 697538 706818 716157 725575 735087 744693 754392 764198 774130 784169 794319 804598 814991 825533 836215 847070 858121 869361 880834 892545 904499 916696 929114 941806 954827 968428 983149 1.00002e+06 
0.31928 0.55857 0.57346 0.57709 0.57853 0.57933 0.5795 0.57967 0.57972 0.57977 0.57976 0.57981 0.57983 0.57984 0.57985 0.57986 0.57986 0.57986 0.57986 0.57986 0.57986 0.57986 0.57986 0.57986 0.57986 0.57986 0.57986 0.57986 0.57986 0.57986 0.57986 0.57986 0.57986 0.57986 0.57986 0.57986 0.57986 0.57986 0.57986 0.57986 0.57986 0.57986 0.57986 0.57986 0.57986 0.57986 0.57986 0.57986 0.57986 0.57986 0.57986 0.57986 0.57986 0.57986 0.57986 0.57986 0.57986 0.57986 0.57986 0.57986 0.57986 0.57986 0.57986 0.57986 0.57986 0.57986 0.57986 0.57986 0.57986 0.57986 0.57986 0.57986 0.57986 0.57986 0.57986 0.57986 0.57986 0.57986 0.57986 0.57986 0.57986 0.57986 0.57986 0.57986 0.57986 0.57986 0.57986 0.57986 0.57986 0.57986 0.57986 0.57986 0.57986 0.57986 0.57986 0.57986 0.57986 0.57986 0.57986 0.57986 0.57986 
result for recall@ 100
1086 11974 22703 33340 43903 54402 64866 75268 85644 95991 106310 116598 126845 137071 147269 157433 167579 177713 187829 197906 207948 217961 227941 237903 247842 257749 267630 277497 287308 297096 306833 316524 326153 335726 345253 354725 364159 373563 382912 392226 401519 410802 420078 429349 438652 448025 457500 467052 476598 485721 494549 503393 512023 520486 528963 537488 546051 554661 563308 572008 580750 589524 598334 607164 616032 624929 633860 642826 651839 660897 669989 679128 688308 697538 706818 716157 725575 735087 744693 754392 764198 774130 784169 794319 804598 814991 825533 836215 847070 858121 869361 880834 892545 904499 916696 929114 941806 954827 968428 983149 1.00002e+06 
0.286611 0.610507 0.637424 0.645355 0.648534 0.649945 0.650679 0.651141 0.651386 0.651508 0.651602 0.651654 0.651679 0.651713 0.651722 0.651733 0.651736 0.651739 0.651739 0.651739 0.651743 0.651745 0.651745 0.651745 0.651747 0.651747 0.651747 0.651747 0.651747 0.651747 0.651747 0.651747 0.651747 0.651747 0.651747 0.651747 0.651747 0.651747 0.651747 0.651747 0.651747 0.651747 0.651747 0.651747 0.651747 0.651747 0.651747 0.651747 0.651747 0.651747 0.651747 0.651747 0.651747 0.651747 0.651747 0.651747 0.651747 0.651747 0.651747 0.651747 0.651747 0.651747 0.651747 0.651747 0.651747 0.651747 0.651747 0.651747 0.651747 0.651747 0.651747 0.651747 0.651747 0.651747 0.651747 0.651747 0.651747 0.651747 0.651747 0.651747 0.651747 0.651747 0.651747 0.651747 0.651747 0.651747 0.651747 0.651747 0.651747 0.651747 0.651747 0.651747 0.651747 0.651747 0.651747 0.651747 0.651747 0.651747 0.651747 0.651747 0.651747 
