Kmeans with centroids: 100
Distance computation
68270 12157.2
65696.9 11146.3
64740.2 10844.3
64205.7 10695
63892.5 10609.6
63686.3 10551.2
63535.1 10508
63422.5 10476.3
63335.2 10452
63266.3 10431
63205.4 10414
63155.3 10399.9
63113.7 10388.4
63079 10378.4
63049.2 10370.2
63024.8 10363.5
63003.3 10357.5
62985.8 10351.9
62970.9 10346.9
62959 10342.1
result for recall@ 1
11025 119194 224762 326064 416794 503404 591868 680567 772443 878611 1.00002e+06 
0.3417 0.457 0.4575 0.4575 0.4575 0.4575 0.4575 0.4575 0.4575 0.4575 0.4575 
result for recall@ 10
11025 119194 224762 326064 416794 503404 591868 680567 772443 878611 1.00002e+06 
0.40909 0.55352 0.5543 0.55432 0.55431 0.55431 0.55431 0.55431 0.55431 0.55431 0.55431 
result for recall@ 100
11025 119194 224762 326064 416794 503404 591868 680567 772443 878611 1.00002e+06 
0.432501 0.630621 0.632668 0.632747 0.632755 0.632756 0.632756 0.632756 0.632756 0.632756 0.632756 
Kmeans with centroids: 150
Distance computation
64915.4 11881.7
62791 10915.7
62032.7 10633.9
61626.8 10495.4
61381.3 10413
61222.2 10358.6
61109.3 10318.6
61023.5 10288.2
60952.1 10264
60891.9 10246.5
60844.9 10232.6
60802.9 10220.5
60768.4 10210.6
60735.9 10202.5
60708.6 10195.2
60683.8 10188.5
60660.3 10182.4
60640.5 10175.6
60623.4 10170.5
60606.8 10166.3
result for recall@ 1
7231 77776 146494 214146 281019 346330 408611 470085 527851 585131 644239 705230 768997 838953 916024 1.00002e+06 
0.3296 0.4511 0.4524 0.4525 0.4525 0.4525 0.4525 0.4525 0.4525 0.4525 0.4525 0.4525 0.4525 0.4525 0.4525 0.4525 
result for recall@ 10
7231 77776 146494 214146 281019 346330 408611 470085 527851 585131 644239 705230 768997 838953 916024 1.00002e+06 
0.39555 0.55633 0.55861 0.55887 0.55889 0.5589 0.55891 0.55891 0.55891 0.55891 0.55891 0.55891 0.55891 0.55891 0.55891 0.55891 
result for recall@ 100
7231 77776 146494 214146 281019 346330 408611 470085 527851 585131 644239 705230 768997 838953 916024 1.00002e+06 
0.40882 0.631504 0.636042 0.636476 0.636532 0.636538 0.636542 0.636542 0.636542 0.636542 0.636542 0.636542 0.636542 0.636542 0.636542 0.636542 
Kmeans with centroids: 200
Distance computation
62907.9 11697.3
60864.1 10747.7
60155.7 10470.9
59799.9 10338.4
59595.9 10261.7
59462.7 10210.7
59368.7 10175.3
59299.2 10148.6
59241 10127.2
59194.3 10109.8
59154.6 10094.9
59120.7 10082.5
59091.1 10072
59063.7 10062.4
59038.3 10053.8
59017.3 10046.7
58998.4 10039.4
58981.5 10033.9
58966.2 10029.2
58951 10024.6
result for recall@ 1
5363 58039 109566 160523 210977 260890 309937 358088 405100 451469 499565 542267 585527 629744 675078 721930 770446 821670 876123 935765 1.00002e+06 
0.3269 0.4603 0.4623 0.4625 0.4625 0.4625 0.4625 0.4625 0.4625 0.4625 0.4625 0.4625 0.4625 0.4625 0.4625 0.4625 0.4625 0.4625 0.4625 0.4625 0.4625 
result for recall@ 10
5363 58039 109566 160523 210977 260890 309937 358088 405100 451469 499565 542267 585527 629744 675078 721930 770446 821670 876123 935765 1.00002e+06 
0.38392 0.55777 0.56128 0.56173 0.56181 0.56183 0.56183 0.56183 0.56183 0.56183 0.56183 0.56183 0.56183 0.56183 0.56183 0.56183 0.56183 0.56183 0.56183 0.56183 0.56183 
result for recall@ 100
5363 58039 109566 160523 210977 260890 309937 358088 405100 451469 499565 542267 585527 629744 675078 721930 770446 821670 876123 935765 1.00002e+06 
0.387602 0.630523 0.637315 0.638277 0.638434 0.638474 0.638482 0.638484 0.638485 0.638485 0.638485 0.638485 0.638485 0.638485 0.638485 0.638485 0.638485 0.638485 0.638485 0.638485 0.638485 
Kmeans with centroids: 250
Distance computation
61748.7 11605.2
59764 10669.3
59032.7 10381.7
58646.6 10240.9
58413.4 10156.9
58260.5 10103.5
58154.3 10064.3
58076 10037.3
58017 10017
57972.2 10001.6
57935.4 9987.78
57903.8 9975.28
57876.2 9965.95
57851.3 9956.76
57829.7 9948.6
57811 9941.65
57793.5 9935.15
57777.8 9929.04
57763.4 9924.05
57749.4 9919.93
result for recall@ 1
4330 46625 88043 128984 169600 209897 250046 289793 329006 367585 405609 443986 478902 512459 546969 581490 616428 652137 688844 726862 766268 807172 850234 895921 945497 1.00002e+06 
0.3102 0.4597 0.4628 0.4635 0.4634 0.4635 0.4636 0.4636 0.4636 0.4636 0.4636 0.4636 0.4636 0.4636 0.4636 0.4636 0.4636 0.4636 0.4636 0.4636 0.4636 0.4636 0.4636 0.4636 0.4636 0.4636 
result for recall@ 10
4330 46625 88043 128984 169600 209897 250046 289793 329006 367585 405609 443986 478902 512459 546969 581490 616428 652137 688844 726862 766268 807172 850234 895921 945497 1.00002e+06 
0.37294 0.55873 0.56309 0.56362 0.56375 0.56378 0.56382 0.56382 0.56382 0.56382 0.56382 0.56382 0.56382 0.56382 0.56382 0.56382 0.56382 0.56382 0.56382 0.56382 0.56382 0.56382 0.56382 0.56382 0.56382 0.56382 
result for recall@ 100
4330 46625 88043 128984 169600 209897 250046 289793 329006 367585 405609 443986 478902 512459 546969 581490 616428 652137 688844 726862 766268 807172 850234 895921 945497 1.00002e+06 
0.374309 0.629761 0.63866 0.640024 0.640339 0.640438 0.640467 0.640472 0.640473 0.640473 0.640473 0.640473 0.640473 0.640473 0.640473 0.640473 0.640473 0.640473 0.640473 0.640473 0.640473 0.640473 0.640473 0.640473 0.640473 0.640473 
Kmeans with centroids: 300
Distance computation
60751.7 11490.7
58763.5 10573.9
58042.6 10293.1
57667.3 10153.7
57434.6 10070.5
57276.9 10013.9
57166.9 9973.35
57082.3 9942.99
57015.7 9920.4
56962.4 9902.5
56918.5 9887.57
56882.4 9875.66
56851.8 9865.98
56824.2 9858.84
56801.9 9851.98
56782.2 9845.88
56763.2 9840.5
56746.7 9835.89
56732.5 9831.03
56720.1 9826.82
result for recall@ 1
3568 38915 73702 108127 142265 176199 209931 243455 276628 309367 341652 373342 404471 435466 466789 496959 526489 555478 584663 614306 644179 674445 705271 736836 769244 802710 837556 874314 913415 954944 1.00002e+06 
0.3085 0.4582 0.4619 0.4623 0.4626 0.4626 0.4627 0.4627 0.4627 0.4627 0.4627 0.4627 0.4627 0.4627 0.4627 0.4627 0.4627 0.4627 0.4627 0.4627 0.4627 0.4627 0.4627 0.4627 0.4627 0.4627 0.4627 0.4627 0.4627 0.4627 0.4627 
result for recall@ 10
3568 38915 73702 108127 142265 176199 209931 243455 276628 309367 341652 373342 404471 435466 466789 496959 526489 555478 584663 614306 644179 674445 705271 736836 769244 802710 837556 874314 913415 954944 1.00002e+06 
0.36412 0.55957 0.56457 0.56551 0.56575 0.56577 0.56578 0.56579 0.56579 0.56579 0.56579 0.56579 0.56579 0.56579 0.56579 0.56579 0.56579 0.56579 0.56579 0.56579 0.56579 0.56579 0.56579 0.56579 0.56579 0.56579 0.56579 0.56579 0.56579 0.56579 0.56579 
result for recall@ 100
3568 38915 73702 108127 142265 176199 209931 243455 276628 309367 341652 373342 404471 435466 466789 496959 526489 555478 584663 614306 644179 674445 705271 736836 769244 802710 837556 874314 913415 954944 1.00002e+06 
0.361827 0.628657 0.639318 0.641219 0.641713 0.641861 0.641906 0.641917 0.641919 0.641921 0.641923 0.641923 0.641923 0.641923 0.641923 0.641923 0.641923 0.641923 0.641923 0.641923 0.641923 0.641923 0.641923 0.641923 0.641923 0.641923 0.641923 0.641923 0.641923 0.641923 0.641923 
Kmeans with centroids: 350
Distance computation
59912.5 11382.9
57951 10476.1
57247.3 10201.1
56887.4 10066.2
56668.2 9987.1
56519.8 9933.36
56408.6 9893.93
56322.9 9865.58
56254.7 9843.13
56199.4 9825.2
56153.9 9811.02
56115 9799.79
56079.5 9789.86
56049 9780.65
56022 9772.32
55997.8 9765.18
55975.8 9759.34
55956.5 9753.24
55940.9 9749.04
55924.1 9744.51
result for recall@ 1
3047 33222 63005 92506 121685 150730 179611 208324 236847 265262 293475 321278 348758 375920 402911 429854 456989 484090 509760 534383 559014 583901 609142 634757 660778 687231 714231 741895 770198 799188 829104 860232 892590 926095 961176 1.00002e+06 
0.3106 0.4624 0.4665 0.4671 0.4673 0.4673 0.4673 0.4673 0.4673 0.4673 0.4673 0.4673 0.4673 0.4673 0.4673 0.4673 0.4673 0.4673 0.4673 0.4673 0.4673 0.4673 0.4673 0.4673 0.4673 0.4673 0.4673 0.4673 0.4673 0.4673 0.4673 0.4673 0.4673 0.4673 0.4673 0.4673 
result for recall@ 10
3047 33222 63005 92506 121685 150730 179611 208324 236847 265262 293475 321278 348758 375920 402911 429854 456989 484090 509760 534383 559014 583901 609142 634757 660778 687231 714231 741895 770198 799188 829104 860232 892590 926095 961176 1.00002e+06 
0.3602 0.56038 0.56628 0.56741 0.56761 0.56768 0.56771 0.56773 0.56774 0.56775 0.56775 0.56775 0.56775 0.56775 0.56775 0.56775 0.56775 0.56775 0.56775 0.56775 0.56775 0.56775 0.56775 0.56775 0.56775 0.56775 0.56775 0.56775 0.56775 0.56775 0.56775 0.56775 0.56775 0.56775 0.56775 0.56775 
result for recall@ 100
3047 33222 63005 92506 121685 150730 179611 208324 236847 265262 293475 321278 348758 375920 402911 429854 456989 484090 509760 534383 559014 583901 609142 634757 660778 687231 714231 741895 770198 799188 829104 860232 892590 926095 961176 1.00002e+06 
0.351969 0.62778 0.640284 0.6427 0.643368 0.643577 0.643652 0.643678 0.643689 0.643694 0.643693 0.643694 0.643695 0.643695 0.643695 0.643695 0.643695 0.643695 0.643695 0.643695 0.643695 0.643695 0.643695 0.643695 0.643695 0.643695 0.643695 0.643695 0.643695 0.643695 0.643695 0.643695 0.643695 0.643695 0.643695 0.643695 
Kmeans with centroids: 400
Distance computation
59074.3 11317.3
57157.1 10415.9
56483.4 10140.1
56135.6 10005.2
55920.1 9922.08
55771.8 9866.12
55665.1 9824.86
55582.9 9794.87
55517.6 9771.77
55463.3 9754.39
55417.1 9739.5
55378.4 9727.08
55342.7 9716.84
55311.3 9707.22
55285.4 9699.32
55263.7 9692.79
55242.7 9686.57
55224.8 9681.17
55209.5 9675.97
55196.3 9671.31
result for recall@ 1
2692 29402 55721 81676 107480 133080 158592 183943 209173 234260 259160 283897 308413 332681 356631 380191 403523 426765 450054 473781 497505 519372 540836 562333 584000 605925 628117 650615 673348 696393 719752 743456 767587 792378 817992 844779 872878 902076 932353 964535 1.00002e+06 
0.3058 0.4662 0.4697 0.4703 0.4704 0.4706 0.4706 0.4706 0.4706 0.4706 0.4706 0.4706 0.4706 0.4706 0.4706 0.4706 0.4706 0.4706 0.4706 0.4706 0.4706 0.4706 0.4706 0.4706 0.4706 0.4706 0.4706 0.4706 0.4706 0.4706 0.4706 0.4706 0.4706 0.4706 0.4706 0.4706 0.4706 0.4706 0.4706 0.4706 0.4706 
result for recall@ 10
2692 29402 55721 81676 107480 133080 158592 183943 209173 234260 259160 283897 308413 332681 356631 380191 403523 426765 450054 473781 497505 519372 540836 562333 584000 605925 628117 650615 673348 696393 719752 743456 767587 792378 817992 844779 872878 902076 932353 964535 1.00002e+06 
0.35484 0.5615 0.5687 0.57007 0.57034 0.57046 0.57046 0.57048 0.57049 0.57049 0.57049 0.57049 0.57049 0.57049 0.57049 0.57049 0.57049 0.57049 0.57049 0.57049 0.57049 0.57049 0.57049 0.57049 0.57049 0.57049 0.57049 0.57049 0.57049 0.57049 0.57049 0.57049 0.57049 0.57049 0.57049 0.57049 0.57049 0.57049 0.57049 0.57049 0.57049 
result for recall@ 100
2692 29402 55721 81676 107480 133080 158592 183943 209173 234260 259160 283897 308413 332681 356631 380191 403523 426765 450054 473781 497505 519372 540836 562333 584000 605925 628117 650615 673348 696393 719752 743456 767587 792378 817992 844779 872878 902076 932353 964535 1.00002e+06 
0.345049 0.626494 0.64038 0.643304 0.644215 0.6445 0.644611 0.64465 0.644668 0.644684 0.644684 0.644685 0.644685 0.644685 0.644685 0.644685 0.644685 0.644685 0.644685 0.644685 0.644685 0.644685 0.644685 0.644685 0.644685 0.644685 0.644685 0.644685 0.644685 0.644685 0.644685 0.644685 0.644685 0.644685 0.644685 0.644685 0.644685 0.644685 0.644685 0.644685 0.644685 
Kmeans with centroids: 450
Distance computation
58331.3 11281.7
56587.2 10374.9
55958.6 10094.3
55626.5 9959.83
55418.1 9881.41
55276.1 9827.65
55173.6 9788.79
55090.1 9757.86
55019.8 9733.26
54960.9 9712.6
54913.6 9696.49
54874 9682.9
54839.5 9671.08
54809.4 9661.63
54783 9653.47
54760 9645.92
54736.5 9638.87
54715.6 9633.31
54697.6 9627.66
54680.9 9622.19
result for recall@ 1
2382 25875 48984 71796 94431 116937 139347 161688 183956 206176 228266 250261 272128 293911 315540 336973 358079 379032 400033 421102 442268 463644 484195 504161 523900 543133 562440 581921 601616 621541 641698 662076 682694 703609 724799 746297 768147 790410 813142 836422 860471 885661 912106 939602 968370 1.00002e+06 
0.3013 0.4656 0.4703 0.4712 0.4711 0.4714 0.4714 0.4714 0.4714 0.4714 0.4714 0.4714 0.4714 0.4714 0.4714 0.4714 0.4714 0.4714 0.4714 0.4714 0.4714 0.4714 0.4714 0.4714 0.4714 0.4714 0.4714 0.4714 0.4714 0.4714 0.4714 0.4714 0.4714 0.4714 0.4714 0.4714 0.4714 0.4714 0.4714 0.4714 0.4714 0.4714 0.4714 0.4714 0.4714 0.4714 
result for recall@ 10
2382 25875 48984 71796 94431 116937 139347 161688 183956 206176 228266 250261 272128 293911 315540 336973 358079 379032 400033 421102 442268 463644 484195 504161 523900 543133 562440 581921 601616 621541 641698 662076 682694 703609 724799 746297 768147 790410 813142 836422 860471 885661 912106 939602 968370 1.00002e+06 
0.3497 0.56099 0.56904 0.57051 0.57077 0.57092 0.57102 0.57105 0.57109 0.5711 0.5711 0.5711 0.5711 0.5711 0.5711 0.5711 0.5711 0.5711 0.5711 0.5711 0.5711 0.5711 0.5711 0.5711 0.5711 0.5711 0.5711 0.5711 0.5711 0.5711 0.5711 0.5711 0.5711 0.5711 0.5711 0.5711 0.5711 0.5711 0.5711 0.5711 0.5711 0.5711 0.5711 0.5711 0.5711 0.5711 
result for recall@ 100
2382 25875 48984 71796 94431 116937 139347 161688 183956 206176 228266 250261 272128 293911 315540 336973 358079 379032 400033 421102 442268 463644 484195 504161 523900 543133 562440 581921 601616 621541 641698 662076 682694 703609 724799 746297 768147 790410 813142 836422 860471 885661 912106 939602 968370 1.00002e+06 
0.334851 0.624087 0.639666 0.643091 0.644149 0.644563 0.644756 0.644841 0.644881 0.644898 0.644899 0.644907 0.644908 0.644908 0.644909 0.64491 0.64491 0.64491 0.64491 0.64491 0.64491 0.64491 0.64491 0.64491 0.64491 0.64491 0.64491 0.64491 0.64491 0.64491 0.64491 0.64491 0.64491 0.64491 0.64491 0.64491 0.64491 0.64491 0.64491 0.64491 0.64491 0.64491 0.64491 0.64491 0.64491 0.64491 
Kmeans with centroids: 500
Distance computation
57837.1 11172
56032.3 10286.3
55372.6 10009.9
55026.2 9875.98
54813.2 9796.59
54668.6 9744.4
54562.3 9708.64
54481.5 9681.04
54417.6 9659.29
54364.6 9641.45
54319.9 9626.04
54282.5 9613.18
54248.4 9602.25
54218 9593.23
54190.3 9585.31
54165.5 9578.62
54143.9 9572.1
54124.1 9566.77
54106.2 9562.18
54090.3 9558.02
result for recall@ 1
2144 23432 44407 65117 85687 106155 126513 146766 166980 187121 207161 227111 246958 266724 286384 305910 325287 344554 363628 382591 401482 420345 439248 458224 476946 494709 512588 529833 547179 564628 582158 599858 617745 635824 654099 672505 691078 709798 728777 748040 767638 787595 808002 828963 850563 872938 896169 920262 945104 971118 1.00002e+06 
0.3002 0.4652 0.4705 0.4715 0.4718 0.472 0.472 0.472 0.472 0.472 0.472 0.472 0.472 0.472 0.4721 0.4721 0.4721 0.4721 0.4721 0.4721 0.4721 0.4721 0.4721 0.4721 0.4721 0.4721 0.4721 0.4721 0.4721 0.4721 0.4721 0.4721 0.4721 0.4721 0.4721 0.4721 0.4721 0.4721 0.4721 0.4721 0.4721 0.4721 0.4721 0.4721 0.4721 0.4721 0.4721 0.4721 0.4721 0.4721 0.4721 
result for recall@ 10
2144 23432 44407 65117 85687 106155 126513 146766 166980 187121 207161 227111 246958 266724 286384 305910 325287 344554 363628 382591 401482 420345 439248 458224 476946 494709 512588 529833 547179 564628 582158 599858 617745 635824 654099 672505 691078 709798 728777 748040 767638 787595 808002 828963 850563 872938 896169 920262 945104 971118 1.00002e+06 
0.34369 0.56113 0.57 0.57191 0.5723 0.57248 0.57255 0.57264 0.57267 0.57267 0.57266 0.57266 0.57266 0.57266 0.57266 0.57266 0.57266 0.57266 0.57266 0.57266 0.57266 0.57266 0.57266 0.57266 0.57266 0.57266 0.57266 0.57266 0.57266 0.57266 0.57266 0.57266 0.57266 0.57266 0.57266 0.57266 0.57266 0.57266 0.57266 0.57266 0.57266 0.57266 0.57266 0.57266 0.57266 0.57266 0.57266 0.57266 0.57266 0.57266 0.57266 
result for recall@ 100
2144 23432 44407 65117 85687 106155 126513 146766 166980 187121 207161 227111 246958 266724 286384 305910 325287 344554 363628 382591 401482 420345 439248 458224 476946 494709 512588 529833 547179 564628 582158 599858 617745 635824 654099 672505 691078 709798 728777 748040 767638 787595 808002 828963 850563 872938 896169 920262 945104 971118 1.00002e+06 
0.327766 0.622894 0.640251 0.644193 0.645469 0.645989 0.64621 0.64631 0.646348 0.646371 0.646375 0.646383 0.646385 0.646387 0.646386 0.646386 0.646387 0.646387 0.646386 0.646386 0.646386 0.646386 0.646386 0.646386 0.646386 0.646386 0.646386 0.646386 0.646386 0.646386 0.646386 0.646386 0.646386 0.646386 0.646386 0.646386 0.646386 0.646386 0.646386 0.646386 0.646386 0.646386 0.646386 0.646386 0.646386 0.646386 0.646386 0.646386 0.646386 0.646386 0.646386 
Kmeans with centroids: 550
Distance computation
57341.6 11141.8
55564.6 10259.4
54933.6 9981.73
54609.1 9847.98
54407 9766.94
54263.7 9712.95
54158.3 9675.71
54073.3 9645.85
54004.2 9623.24
53947 9604.62
53896.5 9589.7
53854 9576.75
53817.4 9565.78
53784.1 9556.28
53756.4 9548.51
53734.3 9541.86
53713.7 9536.01
53696.2 9530.46
53679.2 9525.09
53664.6 9521.03
result for recall@ 1
1963 21392 40540 59469 78242 96886 115487 133992 152399 170779 189072 207325 225504 243593 261602 279486 297284 314982 332532 349983 367369 384702 402022 419383 436823 453729 469290 484722 500230 515936 531887 547727 563539 579441 595453 611538 627763 644129 660655 677359 694257 711366 728713 746362 764304 782633 801322 820431 839991 860153 880937 902448 924823 948097 972558 1.00002e+06 
0.2989 0.4652 0.4705 0.4722 0.4727 0.4727 0.4727 0.4727 0.4728 0.4728 0.4728 0.4728 0.4728 0.4728 0.4728 0.4728 0.4728 0.4728 0.4728 0.4728 0.4728 0.4728 0.4728 0.4728 0.4728 0.4728 0.4728 0.4728 0.4728 0.4728 0.4728 0.4728 0.4728 0.4728 0.4728 0.4728 0.4728 0.4728 0.4728 0.4728 0.4728 0.4728 0.4728 0.4728 0.4728 0.4728 0.4728 0.4728 0.4728 0.4728 0.4728 0.4728 0.4728 0.4728 0.4728 0.4728 
result for recall@ 10
1963 21392 40540 59469 78242 96886 115487 133992 152399 170779 189072 207325 225504 243593 261602 279486 297284 314982 332532 349983 367369 384702 402022 419383 436823 453729 469290 484722 500230 515936 531887 547727 563539 579441 595453 611538 627763 644129 660655 677359 694257 711366 728713 746362 764304 782633 801322 820431 839991 860153 880937 902448 924823 948097 972558 1.00002e+06 
0.33962 0.56207 0.57115 0.57324 0.57394 0.57412 0.5742 0.57427 0.57432 0.57432 0.57432 0.57433 0.57433 0.57433 0.57433 0.57433 0.57433 0.57433 0.57433 0.57433 0.57433 0.57433 0.57433 0.57433 0.57433 0.57433 0.57433 0.57433 0.57433 0.57433 0.57433 0.57433 0.57433 0.57433 0.57433 0.57433 0.57433 0.57433 0.57433 0.57433 0.57433 0.57433 0.57433 0.57433 0.57433 0.57433 0.57433 0.57433 0.57433 0.57433 0.57433 0.57433 0.57433 0.57433 0.57433 0.57433 
result for recall@ 100
1963 21392 40540 59469 78242 96886 115487 133992 152399 170779 189072 207325 225504 243593 261602 279486 297284 314982 332532 349983 367369 384702 402022 419383 436823 453729 469290 484722 500230 515936 531887 547727 563539 579441 595453 611538 627763 644129 660655 677359 694257 711366 728713 746362 764304 782633 801322 820431 839991 860153 880937 902448 924823 948097 972558 1.00002e+06 
0.323443 0.621201 0.639774 0.644217 0.645754 0.646382 0.646597 0.646734 0.646817 0.646859 0.646884 0.646893 0.6469 0.646901 0.646902 0.646903 0.646904 0.646905 0.646905 0.646905 0.646905 0.646905 0.646905 0.646905 0.646905 0.646905 0.646905 0.646905 0.646905 0.646905 0.646905 0.646905 0.646905 0.646905 0.646905 0.646905 0.646905 0.646905 0.646905 0.646905 0.646905 0.646905 0.646905 0.646905 0.646905 0.646905 0.646905 0.646905 0.646905 0.646905 0.646905 0.646905 0.646905 0.646905 0.646905 0.646905 
Kmeans with centroids: 600
Distance computation
56973.7 11090.3
55188.2 10214.9
54541.5 9939.54
54206 9807.85
53993.6 9727.37
53844.5 9673.38
53731.3 9634.42
53642.4 9604.56
53568.9 9580.03
53511.1 9561.13
53461 9545.68
53418.3 9531.44
53382.2 9519.95
53350.2 9510.5
53322.6 9503.12
53295.8 9496.39
53273.1 9490.49
53251.6 9484.75
53232.7 9479.42
53214.1 9474.64
result for recall@ 1
1780 19496 36887 54088 71173 88167 105052 121854 138598 155295 171976 188594 205194 221719 238239 254682 271061 287381 303633 319797 335905 351946 367943 383893 399865 415880 431888 447971 464135 479647 494687 509758 524608 539106 553598 568149 582762 597453 612243 627128 642110 657174 672345 687657 703111 718751 734583 750628 766920 783493 800371 817607 835212 853280 871871 891044 910860 931274 952288 974687 1.00002e+06 
0.2985 0.4687 0.4749 0.4763 0.4769 0.4771 0.4771 0.4771 0.4771 0.4771 0.4771 0.4771 0.4771 0.4771 0.4771 0.4771 0.4771 0.4771 0.4771 0.4771 0.4771 0.4771 0.4771 0.4771 0.4771 0.4771 0.4771 0.4771 0.4771 0.4771 0.4771 0.4771 0.4771 0.4771 0.4771 0.4771 0.4771 0.4771 0.4771 0.4771 0.4771 0.4771 0.4771 0.4771 0.4771 0.4771 0.4771 0.4771 0.4771 0.4771 0.4771 0.4771 0.4771 0.4771 0.4771 0.4771 0.4771 0.4771 0.4771 0.4771 0.4771 
result for recall@ 10
1780 19496 36887 54088 71173 88167 105052 121854 138598 155295 171976 188594 205194 221719 238239 254682 271061 287381 303633 319797 335905 351946 367943 383893 399865 415880 431888 447971 464135 479647 494687 509758 524608 539106 553598 568149 582762 597453 612243 627128 642110 657174 672345 687657 703111 718751 734583 750628 766920 783493 800371 817607 835212 853280 871871 891044 910860 931274 952288 974687 1.00002e+06 
0.33878 0.56273 0.57336 0.57544 0.57633 0.57664 0.57678 0.57684 0.57687 0.57687 0.57688 0.57689 0.57689 0.57689 0.57689 0.57689 0.57689 0.57689 0.57689 0.57689 0.57689 0.57689 0.57689 0.57689 0.57689 0.57689 0.57689 0.57689 0.57689 0.57689 0.57689 0.57689 0.57689 0.57689 0.57689 0.57689 0.57689 0.57689 0.57689 0.57689 0.57689 0.57689 0.57689 0.57689 0.57689 0.57689 0.57689 0.57689 0.57689 0.57689 0.57689 0.57689 0.57689 0.57689 0.57689 0.57689 0.57689 0.57689 0.57689 0.57689 0.57689 
result for recall@ 100
1780 19496 36887 54088 71173 88167 105052 121854 138598 155295 171976 188594 205194 221719 238239 254682 271061 287381 303633 319797 335905 351946 367943 383893 399865 415880 431888 447971 464135 479647 494687 509758 524608 539106 553598 568149 582762 597453 612243 627128 642110 657174 672345 687657 703111 718751 734583 750628 766920 783493 800371 817607 835212 853280 871871 891044 910860 931274 952288 974687 1.00002e+06 
0.31683 0.620378 0.640019 0.644885 0.646641 0.647408 0.647711 0.647864 0.647925 0.647976 0.648 0.648011 0.648018 0.648024 0.648027 0.648029 0.64803 0.648031 0.648031 0.648031 0.648031 0.648031 0.648031 0.648031 0.648031 0.648031 0.648031 0.648031 0.648031 0.648031 0.648031 0.648031 0.648031 0.648031 0.648031 0.648031 0.648031 0.648031 0.648031 0.648031 0.648031 0.648031 0.648031 0.648031 0.648031 0.648031 0.648031 0.648031 0.648031 0.648031 0.648031 0.648031 0.648031 0.648031 0.648031 0.648031 0.648031 0.648031 0.648031 0.648031 0.648031 
Kmeans with centroids: 650
Distance computation
56582.1 11041.9
54761.6 10152.9
54116.6 9879.98
53778.6 9747.13
53559.4 9667.21
53406.2 9614.16
53293.2 9575.2
53206.1 9548.24
53139.4 9526.08
53083.7 9508.63
53037 9493.18
52998 9480.96
52963.4 9471.34
52933.6 9462.58
52907.7 9454.79
52884.3 9448.72
52863.5 9443.88
52844.2 9439.28
52827.1 9434.89
52812.7 9431.05
result for recall@ 1
1660 18058 34192 50140 65953 81692 97359 112942 128478 143935 159387 174773 190127 205450 220701 235913 251057 266183 281252 296240 311163 325999 340775 355505 370199 384862 399457 413976 428567 443292 458221 473329 488229 502389 515790 529043 542251 555477 568758 582107 595558 609111 622709 636411 650197 664117 678155 692352 706704 721230 735963 750921 766099 781513 797155 813070 829255 845757 862619 879927 897709 916051 934952 954535 975303 1.00002e+06 
0.2955 0.4678 0.4741 0.4756 0.4758 0.476 0.4759 0.476 0.4759 0.4759 0.4759 0.4759 0.4759 0.4759 0.4759 0.4759 0.4759 0.4759 0.4759 0.4759 0.4759 0.4759 0.4759 0.4759 0.4759 0.4759 0.4759 0.4759 0.4759 0.4759 0.4759 0.4759 0.4759 0.4759 0.4759 0.4759 0.4759 0.4759 0.4759 0.4759 0.4759 0.4759 0.4759 0.4759 0.4759 0.4759 0.4759 0.4759 0.4759 0.4759 0.4759 0.4759 0.4759 0.4759 0.4759 0.4759 0.4759 0.4759 0.4759 0.4759 0.4759 0.4759 0.4759 0.4759 0.4759 0.4759 
result for recall@ 10
1660 18058 34192 50140 65953 81692 97359 112942 128478 143935 159387 174773 190127 205450 220701 235913 251057 266183 281252 296240 311163 325999 340775 355505 370199 384862 399457 413976 428567 443292 458221 473329 488229 502389 515790 529043 542251 555477 568758 582107 595558 609111 622709 636411 650197 664117 678155 692352 706704 721230 735963 750921 766099 781513 797155 813070 829255 845757 862619 879927 897709 916051 934952 954535 975303 1.00002e+06 
0.33335 0.55918 0.57096 0.57326 0.57396 0.57431 0.57439 0.57443 0.57448 0.57453 0.57454 0.57455 0.57455 0.57455 0.57455 0.57455 0.57455 0.57455 0.57455 0.57455 0.57455 0.57455 0.57455 0.57455 0.57455 0.57455 0.57455 0.57455 0.57455 0.57455 0.57455 0.57455 0.57455 0.57455 0.57455 0.57455 0.57455 0.57455 0.57455 0.57455 0.57455 0.57455 0.57455 0.57455 0.57455 0.57455 0.57455 0.57455 0.57455 0.57455 0.57455 0.57455 0.57455 0.57455 0.57455 0.57455 0.57455 0.57455 0.57455 0.57455 0.57455 0.57455 0.57455 0.57455 0.57455 0.57455 
result for recall@ 100
1660 18058 34192 50140 65953 81692 97359 112942 128478 143935 159387 174773 190127 205450 220701 235913 251057 266183 281252 296240 311163 325999 340775 355505 370199 384862 399457 413976 428567 443292 458221 473329 488229 502389 515790 529043 542251 555477 568758 582107 595558 609111 622709 636411 650197 664117 678155 692352 706704 721230 735963 750921 766099 781513 797155 813070 829255 845757 862619 879927 897709 916051 934952 954535 975303 1.00002e+06 
0.312544 0.617903 0.639149 0.644415 0.64629 0.647058 0.64741 0.647643 0.647739 0.647785 0.647814 0.647833 0.647842 0.64785 0.647853 0.647855 0.647856 0.647856 0.647856 0.647856 0.647856 0.647856 0.647856 0.647856 0.647856 0.647856 0.647856 0.647856 0.647856 0.647856 0.647856 0.647856 0.647856 0.647856 0.647856 0.647856 0.647856 0.647856 0.647856 0.647856 0.647856 0.647856 0.647856 0.647856 0.647856 0.647856 0.647856 0.647856 0.647856 0.647856 0.647856 0.647856 0.647856 0.647856 0.647856 0.647856 0.647856 0.647856 0.647856 0.647856 0.647856 0.647856 0.647856 0.647856 0.647856 0.647856 
Kmeans with centroids: 700
Distance computation
56118.1 10972.2
54386.3 10112.3
53745.4 9843.96
53400.5 9710.84
53184.8 9632.34
53033.9 9580.05
52919.7 9543.25
52833.5 9514.23
52764.3 9491.42
52706.7 9473.17
52659.6 9458.16
52618.7 9445.47
52586.7 9434.7
52559 9425.94
52535.8 9418.69
52513.5 9412.72
52493.4 9406.45
52477 9401.02
52460.1 9395.97
52445.2 9391.92
result for recall@ 1
1543 16825 31856 46717 61494 76180 90805 105361 119862 134326 148745 163120 177464 191765 206018 220210 234333 248451 262490 276482 290376 304217 318014 331723 345389 358995 372509 385969 399424 412954 426568 440256 453995 467110 479727 492401 505166 518018 530668 543097 555563 568058 580592 593194 605835 618569 631392 644302 657312 670426 683658 696998 710452 724010 737686 751501 765459 779590 793950 808593 823540 838852 854538 870552 886925 903718 921058 938978 957639 977425 1.00002e+06 
0.2816 0.4632 0.4729 0.4743 0.475 0.475 0.475 0.475 0.475 0.4751 0.4751 0.4751 0.4751 0.4751 0.4751 0.4752 0.4752 0.4752 0.4752 0.4752 0.4752 0.4752 0.4752 0.4752 0.4752 0.4752 0.4752 0.4752 0.4752 0.4752 0.4752 0.4752 0.4752 0.4752 0.4752 0.4752 0.4752 0.4752 0.4752 0.4752 0.4752 0.4752 0.4752 0.4752 0.4752 0.4752 0.4752 0.4752 0.4752 0.4752 0.4752 0.4752 0.4752 0.4752 0.4752 0.4752 0.4752 0.4752 0.4752 0.4752 0.4752 0.4752 0.4752 0.4752 0.4752 0.4752 0.4752 0.4752 0.4752 0.4752 0.4752 
result for recall@ 10
1543 16825 31856 46717 61494 76180 90805 105361 119862 134326 148745 163120 177464 191765 206018 220210 234333 248451 262490 276482 290376 304217 318014 331723 345389 358995 372509 385969 399424 412954 426568 440256 453995 467110 479727 492401 505166 518018 530668 543097 555563 568058 580592 593194 605835 618569 631392 644302 657312 670426 683658 696998 710452 724010 737686 751501 765459 779590 793950 808593 823540 838852 854538 870552 886925 903718 921058 938978 957639 977425 1.00002e+06 
0.33006 0.55901 0.5709 0.5739 0.57492 0.5753 0.57547 0.5755 0.57553 0.57557 0.57558 0.5756 0.5756 0.5756 0.5756 0.5756 0.5756 0.5756 0.5756 0.5756 0.5756 0.5756 0.5756 0.5756 0.5756 0.5756 0.5756 0.5756 0.5756 0.5756 0.5756 0.5756 0.5756 0.5756 0.5756 0.5756 0.5756 0.5756 0.5756 0.5756 0.5756 0.5756 0.5756 0.5756 0.5756 0.5756 0.5756 0.5756 0.5756 0.5756 0.5756 0.5756 0.5756 0.5756 0.5756 0.5756 0.5756 0.5756 0.5756 0.5756 0.5756 0.5756 0.5756 0.5756 0.5756 0.5756 0.5756 0.5756 0.5756 0.5756 0.5756 
result for recall@ 100
1543 16825 31856 46717 61494 76180 90805 105361 119862 134326 148745 163120 177464 191765 206018 220210 234333 248451 262490 276482 290376 304217 318014 331723 345389 358995 372509 385969 399424 412954 426568 440256 453995 467110 479727 492401 505166 518018 530668 543097 555563 568058 580592 593194 605835 618569 631392 644302 657312 670426 683658 696998 710452 724010 737686 751501 765459 779590 793950 808593 823540 838852 854538 870552 886925 903718 921058 938978 957639 977425 1.00002e+06 
0.306286 0.616402 0.63897 0.644853 0.646873 0.647783 0.648201 0.648435 0.648565 0.648642 0.64867 0.648697 0.648718 0.648723 0.648726 0.648729 0.648728 0.64873 0.648731 0.648731 0.648731 0.648731 0.648731 0.648731 0.648731 0.648731 0.648731 0.648731 0.648731 0.648731 0.648731 0.648731 0.648731 0.648731 0.648731 0.648731 0.648731 0.648731 0.648731 0.648731 0.648731 0.648731 0.648731 0.648731 0.648731 0.648731 0.648731 0.648731 0.648731 0.648731 0.648731 0.648731 0.648731 0.648731 0.648731 0.648731 0.648731 0.648731 0.648731 0.648731 0.648731 0.648731 0.648731 0.648731 0.648731 0.648731 0.648731 0.648731 0.648731 0.648731 0.648731 
Kmeans with centroids: 750
Distance computation
55740.3 10907
54043.7 10069.2
53406.8 9803.82
53064.8 9672.1
52851 9594.18
52700.8 9541.72
52590.9 9504.92
52505.5 9476.69
52437.6 9453.79
52377.4 9435.33
52327.4 9419.13
52285.6 9406.53
52248.6 9396.57
52218.5 9387.18
52191.8 9379.69
52167.4 9373.21
52146.1 9366.89
52126.4 9361.46
52107.5 9356.6
52090.6 9352.16
result for recall@ 1
1433 15725 29754 43671 57453 71137 84760 98319 111860 125344 138782 152194 165572 178920 192209 205484 218719 231922 245092 258202 271290 284335 297345 310305 323187 335992 348732 361410 374048 386704 399339 411960 424592 437258 450014 462915 476029 489169 501546 513146 524604 536046 547464 558905 570373 581904 593477 605127 616852 628665 640570 652566 664652 676831 689124 701522 714025 726659 739385 752265 765279 778430 791754 805303 819094 833163 847546 862260 877346 892881 908906 925360 942322 959970 978696 1.00002e+06 
0.2908 0.4663 0.4765 0.4775 0.4783 0.4785 0.4783 0.4783 0.4783 0.4783 0.4783 0.4783 0.4783 0.4783 0.4783 0.4783 0.4783 0.4783 0.4783 0.4783 0.4783 0.4783 0.4783 0.4783 0.4783 0.4783 0.4783 0.4783 0.4783 0.4783 0.4783 0.4783 0.4783 0.4783 0.4783 0.4783 0.4783 0.4783 0.4783 0.4783 0.4783 0.4783 0.4783 0.4783 0.4783 0.4783 0.4783 0.4783 0.4783 0.4783 0.4783 0.4783 0.4783 0.4783 0.4783 0.4783 0.4783 0.4783 0.4783 0.4783 0.4783 0.4783 0.4783 0.4783 0.4783 0.4783 0.4783 0.4783 0.4783 0.4783 0.4783 0.4783 0.4783 0.4783 0.4783 0.4783 
result for recall@ 10
1433 15725 29754 43671 57453 71137 84760 98319 111860 125344 138782 152194 165572 178920 192209 205484 218719 231922 245092 258202 271290 284335 297345 310305 323187 335992 348732 361410 374048 386704 399339 411960 424592 437258 450014 462915 476029 489169 501546 513146 524604 536046 547464 558905 570373 581904 593477 605127 616852 628665 640570 652566 664652 676831 689124 701522 714025 726659 739385 752265 765279 778430 791754 805303 819094 833163 847546 862260 877346 892881 908906 925360 942322 959970 978696 1.00002e+06 
0.32946 0.56087 0.57328 0.57568 0.57647 0.57674 0.57692 0.57698 0.577 0.577 0.57697 0.57698 0.57698 0.57697 0.57697 0.57697 0.57697 0.57697 0.57697 0.57697 0.57697 0.57697 0.57697 0.57697 0.57697 0.57697 0.57697 0.57697 0.57697 0.57697 0.57697 0.57697 0.57697 0.57697 0.57697 0.57697 0.57697 0.57697 0.57697 0.57697 0.57697 0.57697 0.57697 0.57697 0.57697 0.57697 0.57697 0.57697 0.57697 0.57697 0.57697 0.57697 0.57697 0.57697 0.57697 0.57697 0.57697 0.57697 0.57697 0.57697 0.57697 0.57697 0.57697 0.57697 0.57697 0.57697 0.57697 0.57697 0.57697 0.57697 0.57697 0.57697 0.57697 0.57697 0.57697 0.57697 
result for recall@ 100
1433 15725 29754 43671 57453 71137 84760 98319 111860 125344 138782 152194 165572 178920 192209 205484 218719 231922 245092 258202 271290 284335 297345 310305 323187 335992 348732 361410 374048 386704 399339 411960 424592 437258 450014 462915 476029 489169 501546 513146 524604 536046 547464 558905 570373 581904 593477 605127 616852 628665 640570 652566 664652 676831 689124 701522 714025 726659 739385 752265 765279 778430 791754 805303 819094 833163 847546 862260 877346 892881 908906 925360 942322 959970 978696 1.00002e+06 
0.302666 0.615789 0.638693 0.644955 0.64731 0.648377 0.648884 0.649161 0.649314 0.649392 0.649448 0.649482 0.649504 0.649515 0.649521 0.64953 0.649534 0.649536 0.649537 0.649537 0.649537 0.649538 0.649538 0.649538 0.649538 0.649539 0.649539 0.64954 0.64954 0.64954 0.64954 0.64954 0.64954 0.64954 0.64954 0.64954 0.64954 0.64954 0.64954 0.64954 0.64954 0.64954 0.64954 0.64954 0.64954 0.64954 0.64954 0.64954 0.64954 0.64954 0.64954 0.64954 0.64954 0.64954 0.64954 0.64954 0.64954 0.64954 0.64954 0.64954 0.64954 0.64954 0.64954 0.64954 0.64954 0.64954 0.64954 0.64954 0.64954 0.64954 0.64954 0.64954 0.64954 0.64954 0.64954 0.64954 
Kmeans with centroids: 800
Distance computation
55554.4 10930
53780.3 10065.2
53113.9 9786.92
52766.9 9650.36
52551.1 9567.37
52401 9514.59
52289 9476.09
52203.9 9446.5
52134.4 9424.23
52078.5 9406.18
52030.9 9390.67
51990.4 9377.08
51957.3 9366.48
51927.4 9357.55
51901.1 9349.77
51877.4 9342.64
51857.3 9336.25
51838.9 9330.73
51821.2 9325.71
51805.4 9321.45
result for recall@ 1
1352 14753 27922 40921 53811 66626 79356 92047 104688 117278 129817 142345 154837 167281 179687 192071 204443 216774 229085 241374 253625 265828 278006 290114 302167 314212 326185 338126 350040 361908 373763 385594 397459 409353 421315 433325 445433 457650 469980 482056 493811 505478 516519 527286 537992 548692 559425 570186 580978 591842 602756 613720 624760 635848 647007 658249 669568 680987 692491 704088 715795 727617 739538 751596 763770 776098 788571 801244 814139 827318 840810 854660 868878 883456 898354 913566 929079 944997 961539 979234 1.00002e+06 
0.2808 0.4689 0.4762 0.4778 0.4784 0.4787 0.4788 0.4789 0.4789 0.4789 0.479 0.479 0.479 0.479 0.479 0.479 0.479 0.479 0.479 0.479 0.479 0.479 0.479 0.479 0.479 0.479 0.479 0.479 0.479 0.479 0.479 0.479 0.479 0.479 0.479 0.479 0.479 0.479 0.479 0.479 0.479 0.479 0.479 0.479 0.479 0.479 0.479 0.479 0.479 0.479 0.479 0.479 0.479 0.479 0.479 0.479 0.479 0.479 0.479 0.479 0.479 0.479 0.479 0.479 0.479 0.479 0.479 0.479 0.479 0.479 0.479 0.479 0.479 0.479 0.479 0.479 0.479 0.479 0.479 0.479 0.479 
result for recall@ 10
1352 14753 27922 40921 53811 66626 79356 92047 104688 117278 129817 142345 154837 167281 179687 192071 204443 216774 229085 241374 253625 265828 278006 290114 302167 314212 326185 338126 350040 361908 373763 385594 397459 409353 421315 433325 445433 457650 469980 482056 493811 505478 516519 527286 537992 548692 559425 570186 580978 591842 602756 613720 624760 635848 647007 658249 669568 680987 692491 704088 715795 727617 739538 751596 763770 776098 788571 801244 814139 827318 840810 854660 868878 883456 898354 913566 929079 944997 961539 979234 1.00002e+06 
0.32334 0.56037 0.57244 0.57559 0.57648 0.57695 0.57707 0.57717 0.57724 0.57723 0.57728 0.57729 0.57729 0.57729 0.57729 0.57729 0.57729 0.57729 0.57729 0.57729 0.57729 0.57729 0.57729 0.57729 0.57729 0.57729 0.57729 0.57729 0.57729 0.57729 0.57729 0.57729 0.57729 0.57729 0.57729 0.57729 0.57729 0.57729 0.57729 0.57729 0.57729 0.57729 0.57729 0.57729 0.57729 0.57729 0.57729 0.57729 0.57729 0.57729 0.57729 0.57729 0.57729 0.57729 0.57729 0.57729 0.57729 0.57729 0.57729 0.57729 0.57729 0.57729 0.57729 0.57729 0.57729 0.57729 0.57729 0.57729 0.57729 0.57729 0.57729 0.57729 0.57729 0.57729 0.57729 0.57729 0.57729 0.57729 0.57729 0.57729 0.57729 
result for recall@ 100
1352 14753 27922 40921 53811 66626 79356 92047 104688 117278 129817 142345 154837 167281 179687 192071 204443 216774 229085 241374 253625 265828 278006 290114 302167 314212 326185 338126 350040 361908 373763 385594 397459 409353 421315 433325 445433 457650 469980 482056 493811 505478 516519 527286 537992 548692 559425 570186 580978 591842 602756 613720 624760 635848 647007 658249 669568 680987 692491 704088 715795 727617 739538 751596 763770 776098 788571 801244 814139 827318 840810 854660 868878 883456 898354 913566 929079 944997 961539 979234 1.00002e+06 
0.296016 0.613504 0.637969 0.644742 0.647364 0.648504 0.649029 0.649323 0.64948 0.649561 0.649618 0.649662 0.649684 0.649689 0.649692 0.649699 0.6497 0.649704 0.649705 0.649706 0.649706 0.649706 0.649708 0.649709 0.649709 0.649709 0.649709 0.649709 0.649709 0.649709 0.649709 0.649709 0.649709 0.649709 0.649709 0.649709 0.649709 0.649709 0.649709 0.649709 0.649709 0.649709 0.649709 0.649709 0.649709 0.649709 0.649709 0.649709 0.649709 0.649709 0.649709 0.649709 0.649709 0.649709 0.649709 0.649709 0.649709 0.649709 0.649709 0.649709 0.649709 0.649709 0.649709 0.649709 0.649709 0.649709 0.649709 0.649709 0.649709 0.649709 0.649709 0.649709 0.649709 0.649709 0.649709 0.649709 0.649709 0.649709 0.649709 0.649709 0.649709 
Kmeans with centroids: 850
Distance computation
55038.1 10840.7
53372.3 10004.5
52762.2 9741.41
52430.5 9611.93
52219.3 9533.31
52070.9 9480.83
51960 9441.22
51874.9 9411.37
51806.8 9388.41
51753 9370.07
51707.6 9354.74
51668.7 9343.07
51635.5 9332.81
51607.6 9323.61
51583.2 9315.54
51562.2 9309.03
51543.8 9302.78
51527.6 9297.01
51512.3 9292.57
51500.2 9287.88
result for recall@ 1
1277 13967 26480 38846 51099 63268 75393 87476 99486 111486 123414 135315 147184 159011 170812 182559 194287 205979 217638 229278 240867 252421 263955 275463 286930 298328 309687 321009 332297 343537 354721 365894 377033 388156 399286 410450 421645 432909 444209 455472 465894 476154 486407 496727 507184 517743 528262 538487 548721 559004 569306 579638 590023 600436 610897 621398 631963 642570 653229 663963 674743 685600 696543 707571 718683 729896 741222 752669 764242 775931 787757 799756 811928 824281 836865 849676 862728 876053 889657 903598 917888 932535 947618 963217 979939 1.00002e+06 
0.2847 0.4649 0.4725 0.4736 0.4748 0.475 0.4754 0.4754 0.4756 0.4756 0.4756 0.4756 0.4756 0.4756 0.4756 0.4756 0.4756 0.4756 0.4756 0.4756 0.4756 0.4756 0.4756 0.4756 0.4756 0.4756 0.4756 0.4756 0.4756 0.4756 0.4756 0.4756 0.4756 0.4756 0.4756 0.4756 0.4756 0.4756 0.4756 0.4756 0.4756 0.4756 0.4756 0.4756 0.4756 0.4756 0.4756 0.4756 0.4756 0.4756 0.4756 0.4756 0.4756 0.4756 0.4756 0.4756 0.4756 0.4756 0.4756 0.4756 0.4756 0.4756 0.4756 0.4756 0.4756 0.4756 0.4756 0.4756 0.4756 0.4756 0.4756 0.4756 0.4756 0.4756 0.4756 0.4756 0.4756 0.4756 0.4756 0.4756 0.4756 0.4756 0.4756 0.4756 0.4756 0.4756 
result for recall@ 10
1277 13967 26480 38846 51099 63268 75393 87476 99486 111486 123414 135315 147184 159011 170812 182559 194287 205979 217638 229278 240867 252421 263955 275463 286930 298328 309687 321009 332297 343537 354721 365894 377033 388156 399286 410450 421645 432909 444209 455472 465894 476154 486407 496727 507184 517743 528262 538487 548721 559004 569306 579638 590023 600436 610897 621398 631963 642570 653229 663963 674743 685600 696543 707571 718683 729896 741222 752669 764242 775931 787757 799756 811928 824281 836865 849676 862728 876053 889657 903598 917888 932535 947618 963217 979939 1.00002e+06 
0.32205 0.55812 0.57165 0.57475 0.57581 0.57621 0.57631 0.57646 0.57653 0.57659 0.57662 0.57666 0.57666 0.57666 0.57665 0.57665 0.57665 0.57665 0.57665 0.57665 0.57665 0.57665 0.57665 0.57665 0.57665 0.57665 0.57665 0.57665 0.57665 0.57665 0.57665 0.57665 0.57665 0.57665 0.57665 0.57665 0.57665 0.57665 0.57665 0.57665 0.57665 0.57665 0.57665 0.57665 0.57665 0.57665 0.57665 0.57665 0.57665 0.57665 0.57665 0.57665 0.57665 0.57665 0.57665 0.57665 0.57665 0.57665 0.57665 0.57665 0.57665 0.57665 0.57665 0.57665 0.57665 0.57665 0.57665 0.57665 0.57665 0.57665 0.57665 0.57665 0.57665 0.57665 0.57665 0.57665 0.57665 0.57665 0.57665 0.57665 0.57665 0.57665 0.57665 0.57665 0.57665 0.57665 
result for recall@ 100
1277 13967 26480 38846 51099 63268 75393 87476 99486 111486 123414 135315 147184 159011 170812 182559 194287 205979 217638 229278 240867 252421 263955 275463 286930 298328 309687 321009 332297 343537 354721 365894 377033 388156 399286 410450 421645 432909 444209 455472 465894 476154 486407 496727 507184 517743 528262 538487 548721 559004 569306 579638 590023 600436 610897 621398 631963 642570 653229 663963 674743 685600 696543 707571 718683 729896 741222 752669 764242 775931 787757 799756 811928 824281 836865 849676 862728 876053 889657 903598 917888 932535 947618 963217 979939 1.00002e+06 
0.2947 0.613296 0.638023 0.645051 0.647718 0.648906 0.649459 0.649727 0.649922 0.650017 0.650078 0.650119 0.650134 0.650152 0.650169 0.650178 0.650184 0.650188 0.650191 0.650192 0.650191 0.650191 0.650191 0.650191 0.65019 0.65019 0.65019 0.65019 0.65019 0.65019 0.65019 0.65019 0.65019 0.65019 0.65019 0.65019 0.65019 0.65019 0.65019 0.65019 0.65019 0.65019 0.65019 0.65019 0.65019 0.65019 0.65019 0.65019 0.65019 0.65019 0.65019 0.65019 0.65019 0.65019 0.65019 0.65019 0.65019 0.65019 0.65019 0.65019 0.65019 0.65019 0.65019 0.65019 0.65019 0.65019 0.65019 0.65019 0.65019 0.65019 0.65019 0.65019 0.65019 0.65019 0.65019 0.65019 0.65019 0.65019 0.65019 0.65019 0.65019 0.65019 0.65019 0.65019 0.65019 0.65019 
Kmeans with centroids: 900
Distance computation
54834.5 10832.4
53139.9 9984.19
52517.9 9716.41
52181.6 9584.09
51970.9 9504.08
51825.5 9449.75
51719 9411.42
51633.5 9382.96
51567.8 9360.84
51513.8 9343.83
51465.8 9330.74
51425 9318.74
51389.3 9308.7
51358.5 9299.62
51331.2 9292.11
51308.1 9286.03
51287.3 9280.11
51268.5 9274.04
51250.9 9268.06
51236.3 9264
result for recall@ 1
1202 13121 24827 36424 47923 59343 70706 82015 93295 104531 115752 126925 138078 149194 160294 171376 182423 193455 204458 215438 226415 237353 248269 259148 270008 280839 291618 302361 313066 323739 334394 345008 355616 366185 376743 387305 397885 408486 419140 429873 440664 451501 462386 472897 482976 493078 503215 513311 523068 532686 542293 551899 561517 571153 580834 590552 600331 610153 620026 629960 639940 649961 660034 670181 680405 690691 701066 711520 722056 732656 743347 754127 764993 775966 787059 798300 809672 821225 832947 844873 857044 869476 882238 895325 908756 922489 936480 950765 965482 981279 1.00002e+06 
0.2757 0.46 0.4675 0.4706 0.4712 0.4715 0.4716 0.4716 0.4716 0.4716 0.4716 0.4716 0.4716 0.4716 0.4716 0.4716 0.4716 0.4716 0.4716 0.4716 0.4716 0.4716 0.4716 0.4716 0.4716 0.4716 0.4716 0.4716 0.4716 0.4716 0.4716 0.4716 0.4716 0.4716 0.4716 0.4716 0.4716 0.4716 0.4716 0.4716 0.4716 0.4716 0.4716 0.4716 0.4716 0.4716 0.4716 0.4716 0.4716 0.4716 0.4716 0.4716 0.4716 0.4716 0.4716 0.4716 0.4716 0.4716 0.4716 0.4716 0.4716 0.4716 0.4716 0.4716 0.4716 0.4716 0.4716 0.4716 0.4716 0.4716 0.4716 0.4716 0.4716 0.4716 0.4716 0.4716 0.4716 0.4716 0.4716 0.4716 0.4716 0.4716 0.4716 0.4716 0.4716 0.4716 0.4716 0.4716 0.4716 0.4716 0.4716 
result for recall@ 10
1202 13121 24827 36424 47923 59343 70706 82015 93295 104531 115752 126925 138078 149194 160294 171376 182423 193455 204458 215438 226415 237353 248269 259148 270008 280839 291618 302361 313066 323739 334394 345008 355616 366185 376743 387305 397885 408486 419140 429873 440664 451501 462386 472897 482976 493078 503215 513311 523068 532686 542293 551899 561517 571153 580834 590552 600331 610153 620026 629960 639940 649961 660034 670181 680405 690691 701066 711520 722056 732656 743347 754127 764993 775966 787059 798300 809672 821225 832947 844873 857044 869476 882238 895325 908756 922489 936480 950765 965482 981279 1.00002e+06 
0.31991 0.55698 0.57105 0.57432 0.57586 0.57631 0.57661 0.57671 0.5768 0.57685 0.57687 0.57686 0.5769 0.5769 0.5769 0.5769 0.5769 0.5769 0.5769 0.5769 0.5769 0.5769 0.5769 0.5769 0.5769 0.5769 0.5769 0.5769 0.5769 0.5769 0.5769 0.5769 0.5769 0.5769 0.5769 0.5769 0.5769 0.5769 0.5769 0.5769 0.5769 0.5769 0.5769 0.5769 0.5769 0.5769 0.5769 0.5769 0.5769 0.5769 0.5769 0.5769 0.5769 0.5769 0.5769 0.5769 0.5769 0.5769 0.5769 0.5769 0.5769 0.5769 0.5769 0.5769 0.5769 0.5769 0.5769 0.5769 0.5769 0.5769 0.5769 0.5769 0.5769 0.5769 0.5769 0.5769 0.5769 0.5769 0.5769 0.5769 0.5769 0.5769 0.5769 0.5769 0.5769 0.5769 0.5769 0.5769 0.5769 0.5769 0.5769 
result for recall@ 100
1202 13121 24827 36424 47923 59343 70706 82015 93295 104531 115752 126925 138078 149194 160294 171376 182423 193455 204458 215438 226415 237353 248269 259148 270008 280839 291618 302361 313066 323739 334394 345008 355616 366185 376743 387305 397885 408486 419140 429873 440664 451501 462386 472897 482976 493078 503215 513311 523068 532686 542293 551899 561517 571153 580834 590552 600331 610153 620026 629960 639940 649961 660034 670181 680405 690691 701066 711520 722056 732656 743347 754127 764993 775966 787059 798300 809672 821225 832947 844873 857044 869476 882238 895325 908756 922489 936480 950765 965482 981279 1.00002e+06 
0.291615 0.610914 0.637385 0.644723 0.647555 0.648881 0.649527 0.649893 0.650125 0.650244 0.650296 0.650349 0.650379 0.650395 0.650409 0.650421 0.650429 0.650433 0.650434 0.650435 0.650437 0.650438 0.650438 0.650438 0.650438 0.650438 0.650438 0.650438 0.650438 0.650438 0.650438 0.650438 0.650438 0.650438 0.650438 0.650438 0.650438 0.650438 0.650438 0.650438 0.650438 0.650438 0.650438 0.650438 0.650438 0.650438 0.650438 0.650438 0.650438 0.650438 0.650438 0.650438 0.650438 0.650438 0.650438 0.650438 0.650438 0.650438 0.650438 0.650438 0.650438 0.650438 0.650438 0.650438 0.650438 0.650438 0.650438 0.650438 0.650438 0.650438 0.650438 0.650438 0.650438 0.650438 0.650438 0.650438 0.650438 0.650438 0.650438 0.650438 0.650438 0.650438 0.650438 0.650438 0.650438 0.650438 0.650438 0.650438 0.650438 0.650438 0.650438 
Kmeans with centroids: 950
Distance computation
54629.3 10788.2
52947.4 9951.76
52307.9 9684.78
51958 9551.43
51738.2 9472.65
51584.8 9418.47
51470.5 9381.03
51381.1 9352.84
51308.2 9330.45
51249.3 9311.99
51202.1 9297.96
51162.7 9286.33
51127.9 9275.13
51097.8 9265.82
51072.1 9257.95
51050.2 9251.38
51029.3 9245.35
51010.7 9239.78
50995.3 9235.2
50979.5 9230.71
result for recall@ 1
1138 12521 23716 34790 45778 56716 67599 78428 89205 99925 110641 121320 131973 142613 153224 163786 174361 184905 195444 205936 216416 226852 237269 247644 258001 268339 278631 288879 299090 309253 319380 329468 339539 349566 359554 369502 379421 389314 399232 409164 419102 429068 439069 449096 459062 468360 477538 486745 496045 505498 515075 524506 533674 542799 551920 561070 570239 579448 588685 597953 607255 616611 626000 635437 644923 654469 664063 673720 683422 693193 703030 712928 722894 732934 743057 753266 763567 773987 784498 795138 805922 816846 827945 839228 850689 862369 874319 886574 899161 912106 925384 938977 952910 967323 982798 1.00002e+06 
0.2799 0.4653 0.4756 0.4772 0.4777 0.4775 0.4778 0.4778 0.4779 0.4779 0.4779 0.4779 0.4779 0.4779 0.4779 0.4779 0.4779 0.4779 0.4779 0.4779 0.4779 0.4779 0.4779 0.4779 0.4779 0.4779 0.4779 0.4779 0.4779 0.4779 0.4779 0.4779 0.4779 0.4779 0.4779 0.4779 0.4779 0.4779 0.4779 0.4779 0.4779 0.4779 0.4779 0.4779 0.4779 0.4779 0.4779 0.4779 0.4779 0.4779 0.4779 0.4779 0.4779 0.4779 0.4779 0.4779 0.4779 0.4779 0.4779 0.4779 0.4779 0.4779 0.4779 0.4779 0.4779 0.4779 0.4779 0.4779 0.4779 0.4779 0.4779 0.4779 0.4779 0.4779 0.4779 0.4779 0.4779 0.4779 0.4779 0.4779 0.4779 0.4779 0.4779 0.4779 0.4779 0.4779 0.4779 0.4779 0.4779 0.4779 0.4779 0.4779 0.4779 0.4779 0.4779 0.4779 
result for recall@ 10
1138 12521 23716 34790 45778 56716 67599 78428 89205 99925 110641 121320 131973 142613 153224 163786 174361 184905 195444 205936 216416 226852 237269 247644 258001 268339 278631 288879 299090 309253 319380 329468 339539 349566 359554 369502 379421 389314 399232 409164 419102 429068 439069 449096 459062 468360 477538 486745 496045 505498 515075 524506 533674 542799 551920 561070 570239 579448 588685 597953 607255 616611 626000 635437 644923 654469 664063 673720 683422 693193 703030 712928 722894 732934 743057 753266 763567 773987 784498 795138 805922 816846 827945 839228 850689 862369 874319 886574 899161 912106 925384 938977 952910 967323 982798 1.00002e+06 
0.32069 0.55794 0.57262 0.57594 0.57704 0.57758 0.57784 0.57796 0.57806 0.57809 0.57809 0.57811 0.57812 0.57813 0.57814 0.57814 0.57814 0.57814 0.57814 0.57814 0.57814 0.57814 0.57814 0.57814 0.57814 0.57814 0.57814 0.57814 0.57814 0.57814 0.57814 0.57814 0.57814 0.57814 0.57814 0.57814 0.57814 0.57814 0.57814 0.57814 0.57814 0.57814 0.57814 0.57814 0.57814 0.57814 0.57814 0.57814 0.57814 0.57814 0.57814 0.57814 0.57814 0.57814 0.57814 0.57814 0.57814 0.57814 0.57814 0.57814 0.57814 0.57814 0.57814 0.57814 0.57814 0.57814 0.57814 0.57814 0.57814 0.57814 0.57814 0.57814 0.57814 0.57814 0.57814 0.57814 0.57814 0.57814 0.57814 0.57814 0.57814 0.57814 0.57814 0.57814 0.57814 0.57814 0.57814 0.57814 0.57814 0.57814 0.57814 0.57814 0.57814 0.57814 0.57814 0.57814 
result for recall@ 100
1138 12521 23716 34790 45778 56716 67599 78428 89205 99925 110641 121320 131973 142613 153224 163786 174361 184905 195444 205936 216416 226852 237269 247644 258001 268339 278631 288879 299090 309253 319380 329468 339539 349566 359554 369502 379421 389314 399232 409164 419102 429068 439069 449096 459062 468360 477538 486745 496045 505498 515075 524506 533674 542799 551920 561070 570239 579448 588685 597953 607255 616611 626000 635437 644923 654469 664063 673720 683422 693193 703030 712928 722894 732934 743057 753266 763567 773987 784498 795138 805922 816846 827945 839228 850689 862369 874319 886574 899161 912106 925384 938977 952910 967323 982798 1.00002e+06 
0.28874 0.610629 0.63756 0.645555 0.648554 0.649933 0.650703 0.651113 0.651349 0.651494 0.651583 0.65164 0.651681 0.651702 0.651718 0.651726 0.651731 0.651737 0.651741 0.651743 0.651743 0.651743 0.651744 0.651746 0.651746 0.651746 0.651746 0.651745 0.651745 0.651745 0.651745 0.651745 0.651745 0.651745 0.651745 0.651745 0.651745 0.651745 0.651745 0.651745 0.651745 0.651745 0.651745 0.651745 0.651745 0.651745 0.651745 0.651745 0.651745 0.651745 0.651745 0.651745 0.651745 0.651745 0.651745 0.651745 0.651745 0.651745 0.651745 0.651745 0.651745 0.651745 0.651745 0.651745 0.651745 0.651745 0.651745 0.651745 0.651745 0.651745 0.651745 0.651745 0.651745 0.651745 0.651745 0.651745 0.651745 0.651745 0.651745 0.651745 0.651745 0.651745 0.651745 0.651745 0.651745 0.651745 0.651745 0.651745 0.651745 0.651745 0.651745 0.651745 0.651745 0.651745 0.651745 0.651745 
Kmeans with centroids: 1000
Distance computation
54203.3 10756.9
52572.4 9917.04
51981.4 9650.92
51663.8 9520.64
51461.7 9441.98
51320 9390.42
51213.1 9351.98
51129.2 9325.03
51060.1 9303.47
51002.3 9285.75
50955.6 9271.61
50914.8 9259.83
50877.9 9248.83
50846.1 9239.96
50817.5 9232.48
50793.9 9225.77
50773.7 9220.9
50756.8 9215.9
50740.3 9211.47
50726 9206.86
result for recall@ 1
1083 11841 22398 32858 43251 53563 63821 74027 84206 94353 104468 114557 124607 134647 144662 154646 164625 174578 184502 194406 204291 214170 224013 233823 243620 253416 263180 272924 282650 292353 302023 311652 321262 330848 340399 349922 359434 368892 378348 387775 397194 406621 416070 425573 435129 444768 454494 464309 474241 484052 493520 502881 511716 520387 529035 537683 546332 554975 563646 572337 581039 589775 598518 607301 616114 624956 633845 642773 651749 660777 669850 678989 688190 697453 706768 716157 725605 735133 744737 754428 764205 774084 784056 794148 804344 814670 825134 835751 846515 857490 868657 880061 891715 903618 915806 928293 941072 954247 968027 983031 1.00002e+06 
0.2846 0.4651 0.4753 0.4775 0.4781 0.4786 0.4787 0.4788 0.4788 0.4788 0.4788 0.4788 0.4788 0.4788 0.4788 0.4788 0.4788 0.4788 0.4788 0.4788 0.4788 0.4788 0.4788 0.4788 0.4788 0.4788 0.4788 0.4788 0.4788 0.4788 0.4788 0.4788 0.4788 0.4788 0.4788 0.4788 0.4788 0.4788 0.4788 0.4788 0.4788 0.4788 0.4788 0.4788 0.4788 0.4788 0.4788 0.4788 0.4788 0.4788 0.4788 0.4788 0.4788 0.4788 0.4788 0.4788 0.4788 0.4788 0.4788 0.4788 0.4788 0.4788 0.4788 0.4788 0.4788 0.4788 0.4788 0.4788 0.4788 0.4788 0.4788 0.4788 0.4788 0.4788 0.4788 0.4788 0.4788 0.4788 0.4788 0.4788 0.4788 0.4788 0.4788 0.4788 0.4788 0.4788 0.4788 0.4788 0.4788 0.4788 0.4788 0.4788 0.4788 0.4788 0.4788 0.4788 0.4788 0.4788 0.4788 0.4788 0.4788 
result for recall@ 10
1083 11841 22398 32858 43251 53563 63821 74027 84206 94353 104468 114557 124607 134647 144662 154646 164625 174578 184502 194406 204291 214170 224013 233823 243620 253416 263180 272924 282650 292353 302023 311652 321262 330848 340399 349922 359434 368892 378348 387775 397194 406621 416070 425573 435129 444768 454494 464309 474241 484052 493520 502881 511716 520387 529035 537683 546332 554975 563646 572337 581039 589775 598518 607301 616114 624956 633845 642773 651749 660777 669850 678989 688190 697453 706768 716157 725605 735133 744737 754428 764205 774084 784056 794148 804344 814670 825134 835751 846515 857490 868657 880061 891715 903618 915806 928293 941072 954247 968027 983031 1.00002e+06 
0.3195 0.55633 0.57186 0.57552 0.57702 0.57758 0.57791 0.57809 0.57821 0.57824 0.5783 0.57831 0.57832 0.57833 0.57835 0.57836 0.57839 0.57839 0.57839 0.57839 0.57839 0.57839 0.57839 0.57839 0.57839 0.57839 0.57839 0.57839 0.57839 0.57839 0.57839 0.57839 0.57839 0.57839 0.57839 0.57839 0.57839 0.57839 0.57839 0.57839 0.57839 0.57839 0.57839 0.57839 0.57839 0.57839 0.57839 0.57839 0.57839 0.57839 0.57839 0.57839 0.57839 0.57839 0.57839 0.57839 0.57839 0.57839 0.57839 0.57839 0.57839 0.57839 0.57839 0.57839 0.57839 0.57839 0.57839 0.57839 0.57839 0.57839 0.57839 0.57839 0.57839 0.57839 0.57839 0.57839 0.57839 0.57839 0.57839 0.57839 0.57839 0.57839 0.57839 0.57839 0.57839 0.57839 0.57839 0.57839 0.57839 0.57839 0.57839 0.57839 0.57839 0.57839 0.57839 0.57839 0.57839 0.57839 0.57839 0.57839 0.57839 
result for recall@ 100
1083 11841 22398 32858 43251 53563 63821 74027 84206 94353 104468 114557 124607 134647 144662 154646 164625 174578 184502 194406 204291 214170 224013 233823 243620 253416 263180 272924 282650 292353 302023 311652 321262 330848 340399 349922 359434 368892 378348 387775 397194 406621 416070 425573 435129 444768 454494 464309 474241 484052 493520 502881 511716 520387 529035 537683 546332 554975 563646 572337 581039 589775 598518 607301 616114 624956 633845 642773 651749 660777 669850 678989 688190 697453 706768 716157 725605 735133 744737 754428 764205 774084 784056 794148 804344 814670 825134 835751 846515 857490 868657 880061 891715 903618 915806 928293 941072 954247 968027 983031 1.00002e+06 
0.285169 0.608998 0.636506 0.644685 0.647984 0.649513 0.650344 0.650803 0.651081 0.651248 0.651326 0.651388 0.651418 0.65145 0.651464 0.651476 0.651483 0.651487 0.651492 0.651493 0.651494 0.651498 0.651498 0.651498 0.651499 0.651499 0.651499 0.651499 0.651499 0.651499 0.6515 0.6515 0.6515 0.6515 0.6515 0.6515 0.6515 0.6515 0.6515 0.6515 0.6515 0.6515 0.6515 0.6515 0.6515 0.6515 0.6515 0.6515 0.6515 0.6515 0.6515 0.6515 0.6515 0.6515 0.6515 0.6515 0.6515 0.6515 0.6515 0.6515 0.6515 0.6515 0.6515 0.6515 0.6515 0.6515 0.6515 0.6515 0.6515 0.6515 0.6515 0.6515 0.6515 0.6515 0.6515 0.6515 0.6515 0.6515 0.6515 0.6515 0.6515 0.6515 0.6515 0.6515 0.6515 0.6515 0.6515 0.6515 0.6515 0.6515 0.6515 0.6515 0.6515 0.6515 0.6515 0.6515 0.6515 0.6515 0.6515 0.6515 0.6515 
