Kmeans with centroids: 100
Distance computation
65430.1 15194.4
63302 13073.8
62490.5 12222.3
62052.7 11746.8
61782.2 11435.6
61614.7 11216.3
61499.7 11052.2
61410.9 10937.8
61339.6 10848
61282 10769.7
61234.3 10707.3
61188.1 10658.8
61150.4 10616
61121 10574.8
61096.6 10543.2
61074.1 10508.2
61060.3 10480.6
61050.5 10453.8
61042.5 10435.6
61034.3 10418.6
61028 10401.7
61021.3 10386.8
61017.7 10372
61015.8 10357.2
61014.3 10345.7
61013.6 10334.8
61012.6 10324.6
61012 10316.7
61011.5 10311.1
61010.8 10306.1
61009.5 10302.2
61008.2 10298.5
61006.9 10294.7
61006.3 10291.8
61005.4 10289.5
61003.3 10286.5
61001.5 10284.8
60998.4 10281.3
60995.4 10278.2
60993.1 10274.8
60991.5 10271.4
60991.2 10268.1
60990.1 10266.2
60987.9 10265.8
60985.5 10262.8
60984.5 10259.2
60983.4 10255.9
60982.9 10252.9
60981.7 10251.6
60980.1 10249.6
result for recall@ 1
117.28 1145.42 2147.77 3142.19 4084.61 4945.48 5821.42 6776.53 7764.61 8776.05 10000 
0.52 0.7 0.7 0.7 0.7 0.7 0.7 0.7 0.7 0.7 0.7 
result for recall@ 10
234.56 2290.84 4295.54 6284.38 8169.22 9890.96 11642.8 13553.1 15529.2 17552.1 20000 
0.543 0.814 0.817 0.819 0.819 0.819 0.819 0.819 0.819 0.819 0.819 
result for recall@ 100
351.84 3436.26 6443.31 9426.57 12253.8 14836.4 17464.3 20329.6 23293.8 26328.2 30000 
0.4162 0.864 0.8841 0.8864 0.8864 0.8864 0.8864 0.8864 0.8864 0.8864 0.8864 
Kmeans with centroids: 110
Distance computation
65537.4 15051.1
62984.6 12952.9
62043.7 12117.1
61567.7 11646.7
61285.2 11323.5
61101.7 11106.4
60972.4 10949.6
60873 10838.3
60796.3 10740.4
60739.8 10659.3
60696.4 10594.9
60654.7 10545
60615.2 10499.4
60584 10456.9
60556.4 10428.2
60531.4 10404.9
60508.8 10382
60486.6 10361.9
60465.5 10340.9
60447.5 10323.4
60428 10307.5
60411 10297.1
60393.4 10283.4
60379.1 10270.4
60364.4 10257.5
60349.9 10246.4
60339.7 10232.8
60330.5 10222.9
60323.6 10212.9
60318.4 10203.3
60313.2 10193.5
60310.2 10185.1
60306.4 10179.1
60303.1 10176.1
60297.3 10169.9
60292.9 10169.2
60288.7 10163.6
60285.3 10158.7
60282.4 10155.5
60278.5 10150.7
60274.6 10147.9
60272.7 10144.1
60269.7 10140.4
60268.2 10136.7
60267.1 10133.6
60266.8 10130.3
60266.3 10127.8
60266.1 10125.3
60265.8 10124.4
60265.4 10123.3
result for recall@ 1
108.95 1150.22 2142.91 3150.7 4031.94 4820.15 5529.23 6304.29 7134.47 7991.69 8903.94 10000 
0.55 0.74 0.74 0.74 0.74 0.74 0.74 0.74 0.74 0.74 0.74 0.74 
result for recall@ 10
217.9 2300.44 4285.82 6301.4 8063.88 9640.3 11058.5 12608.6 14268.9 15983.4 17807.9 20000 
0.528 0.825 0.828 0.828 0.828 0.828 0.828 0.828 0.828 0.828 0.828 0.828 
result for recall@ 100
326.85 3450.66 6428.73 9452.1 12095.8 14460.5 16587.7 18912.9 21403.4 23975.1 26711.8 30000 
0.3883 0.8703 0.8861 0.8882 0.8886 0.8886 0.8886 0.8886 0.8886 0.8886 0.8886 0.8886 
Kmeans with centroids: 120
Distance computation
64539.1 15061.2
62185.1 13027.4
61287.7 12142.1
60819.6 11692.2
60518.2 11399.3
60310.1 11191.4
60155.1 11017.3
60043.6 10896.2
59954.4 10792.3
59890 10712.3
59831.7 10644.9
59785.4 10589.1
59748.8 10537.8
59718.6 10492.4
59692.7 10459.9
59666.2 10436.1
59642.8 10408.1
59621.8 10381.6
59607.3 10358.9
59591.6 10339.1
59576.9 10324.3
59561.6 10306.9
59551 10288.1
59544 10272.9
59538.8 10258.9
59532.8 10248.3
59527.8 10239.4
59522.3 10231
59516 10226.6
59508.9 10219.1
59504.4 10209
59501.9 10201.6
59498.4 10193.2
59497.1 10187.1
59495.3 10180.6
59493.4 10173.5
59490.9 10167.7
59489.1 10161.7
59488.6 10157.1
59487.9 10151.5
59487.8 10147.1
59487.8 10143.5
59487.8 10140.5
59487.9 10138.9
59487.8 10136.5
59487.7 10135.4
59487 10133.9
59486.6 10131.8
59486.6 10129.9
59486.5 10128.4
result for recall@ 1
96.21 973.42 1794.13 2613.66 3399.47 4169.51 4903.42 5633.77 6415.8 7211.66 8053.88 8944.15 10000 
0.52 0.68 0.69 0.69 0.69 0.69 0.69 0.69 0.69 0.69 0.69 0.69 0.69 
result for recall@ 10
192.42 1946.84 3588.26 5227.32 6798.94 8339.02 9806.84 11267.5 12831.6 14423.3 16107.8 17888.3 20000 
0.555 0.832 0.836 0.836 0.836 0.836 0.836 0.836 0.836 0.836 0.836 0.836 0.836 
result for recall@ 100
288.63 2920.26 5382.39 7840.98 10198.4 12508.5 14710.3 16901.3 19247.4 21635 24161.6 26832.4 30000 
0.3815 0.8642 0.8855 0.8894 0.8897 0.8897 0.8897 0.8897 0.8897 0.8897 0.8897 0.8897 0.8897 
Kmeans with centroids: 130
Distance computation
64104.9 15006.2
61718.4 12942.7
60738.5 12071.8
60191.9 11580.5
59862.5 11251.5
59653.5 11022.1
59499.3 10849.2
59391.5 10717.4
59304.9 10609.4
59237.4 10521.8
59189.1 10447.8
59156.2 10395.6
59129.3 10348
59110.3 10313.5
59094.8 10282.4
59081.6 10253.4
59065.6 10225.2
59054.7 10205.6
59045.6 10182.4
59038.6 10165.8
59029.9 10151.5
59024.2 10140.9
59019 10128.3
59016.2 10118.4
59013.1 10108.7
59011.1 10100.3
59009.6 10093.8
59008.8 10087.4
59007.2 10084
59004.8 10081.1
59002.5 10077.5
59000.3 10074.5
58998.8 10070.7
58998.1 10066.9
58997.1 10063.2
58996.6 10059.5
58996.4 10056.2
58995.7 10053.2
58995.3 10050.8
58995.2 10048.5
58994.9 10047.3
58994.2 10044.5
58994.2 10042.7
58994.3 10041.1
58994.4 10039.9
58994.4 10038.8
58994.4 10038
58994.4 10037.5
58994.3 10037
58994.3 10036.7
result for recall@ 1
97.56 938.81 1743.2 2533.88 3296.2 4008.46 4602.61 5168 5791.24 6509.73 7268.16 8081.82 8970.17 10000 
0.54 0.71 0.71 0.71 0.71 0.71 0.71 0.71 0.71 0.71 0.71 0.71 0.71 0.71 
result for recall@ 10
195.12 1877.62 3486.4 5067.76 6592.4 8016.92 9205.22 10336 11582.5 13019.5 14536.3 16163.6 17940.3 20000 
0.572 0.825 0.829 0.83 0.83 0.83 0.83 0.83 0.83 0.83 0.83 0.83 0.83 0.83 
result for recall@ 100
292.68 2816.43 5229.6 7601.64 9888.6 12025.4 13807.8 15504 17373.7 19529.2 21804.5 24245.5 26910.5 30000 
0.3889 0.8625 0.8863 0.8899 0.8902 0.8903 0.8903 0.8903 0.8903 0.8903 0.8903 0.8903 0.8903 0.8903 
Kmeans with centroids: 140
Distance computation
63281.8 14970.2
61045.1 12936
60140.9 12059.1
59677 11573.7
59390.6 11275.3
59194.9 11047.8
59062.1 10883.4
58973 10756.4
58904.9 10659.8
58847 10585.8
58800.6 10522.1
58763.8 10463.5
58735.7 10427.6
58709.2 10393.1
58688.5 10358.4
58675.4 10327.6
58663.7 10303.7
58649.6 10284.1
58634.6 10265.9
58620.6 10248.8
58611.8 10230.7
58605.9 10215.2
58600.9 10203.3
58595.2 10193.9
58589.9 10183
58584.5 10174.2
58581.1 10166.3
58577.5 10158.8
58571.7 10152.2
58566.9 10145.7
58562.4 10138.6
58558.5 10131.4
58554.7 10124.2
58548.4 10121.2
58540.6 10115.6
58535.8 10109.6
58530.3 10107.4
58526.4 10101.5
58523 10096.5
58521.2 10091.4
58517.7 10089.1
58513.8 10083.9
58511.7 10079.6
58511 10075.8
58510.5 10073.1
58509.9 10070.6
58509.1 10068.3
58508.7 10065.4
58508.4 10063.1
58508.4 10061
result for recall@ 1
88.25 892.1 1652.84 2399.46 3125.64 3808.16 4433.26 5064.27 5631.97 6240 6884.87 7581.67 8321.44 9078.21 10000 
0.46 0.72 0.72 0.72 0.72 0.72 0.72 0.72 0.72 0.72 0.72 0.72 0.72 0.72 0.72 
result for recall@ 10
176.5 1784.2 3305.68 4798.92 6251.28 7616.32 8866.52 10128.5 11263.9 12480 13769.7 15163.3 16642.9 18156.4 20000 
0.501 0.834 0.838 0.838 0.838 0.838 0.838 0.838 0.838 0.838 0.838 0.838 0.838 0.838 0.838 
result for recall@ 100
264.75 2676.3 4958.52 7198.38 9376.92 11424.5 13299.8 15192.8 16895.9 18720 20654.6 22745 24964.3 27234.6 30000 
0.345 0.8609 0.8861 0.8913 0.8922 0.8924 0.8924 0.8924 0.8924 0.8924 0.8924 0.8924 0.8924 0.8924 0.8924 
Kmeans with centroids: 150
Distance computation
63117.7 15004.8
60658.4 12906.4
59755.8 12050.4
59274.6 11572.6
58937.2 11261.2
58723.6 11046
58582 10879.6
58474.8 10757.3
58394.8 10653.9
58342 10578.7
58297.8 10521.9
58257.3 10468.1
58221.1 10423.5
58186.6 10383.9
58155.8 10351.4
58129.4 10324.2
58110.9 10298.8
58097.2 10276.4
58086.8 10252.8
58077.7 10233.1
58070.8 10215.9
58064 10204.9
58057.3 10191.4
58050.8 10179.2
58045.5 10169.9
58040.8 10161.1
58036.1 10154
58031.2 10148.4
58025.1 10140.7
58022.1 10132.3
58017.3 10127.2
58013.4 10122
58009.4 10116.8
58007.5 10110.5
58006.5 10105
58006 10100.5
58005.5 10096.2
58005.3 10092.5
58005.1 10089.1
58005.2 10086.1
58005.2 10083.9
58005.2 10082
58005.2 10079.9
58005.2 10078.3
58005.3 10076.9
58005.2 10075.5
58005.3 10074.1
58005.2 10072.8
58005.3 10071.5
58005.2 10070.1
result for recall@ 1
78.42 777.53 1457.78 2120.35 2773.15 3409.88 4030.14 4593.7 5109.23 5680.25 6297.12 6951.6 7653.08 8364.58 9094.49 10000 
0.5 0.68 0.69 0.69 0.69 0.69 0.69 0.69 0.69 0.69 0.69 0.69 0.69 0.69 0.69 0.69 
result for recall@ 10
156.84 1555.06 2915.56 4240.7 5546.3 6819.76 8060.28 9187.4 10218.5 11360.5 12594.2 13903.2 15306.2 16729.2 18189 20000 
0.544 0.814 0.828 0.828 0.829 0.829 0.829 0.829 0.829 0.829 0.829 0.829 0.829 0.829 0.829 0.829 
result for recall@ 100
235.26 2332.59 4373.34 6361.05 8319.45 10229.6 12090.4 13781.1 15327.7 17040.8 18891.4 20854.8 22959.2 25093.7 27283.5 30000 
0.3489 0.8467 0.8821 0.8873 0.8895 0.8899 0.8902 0.8902 0.8902 0.8902 0.8902 0.8902 0.8902 0.8902 0.8902 0.8902 
Kmeans with centroids: 160
Distance computation
62275.4 14848.6
60023.4 12778
59153.4 11972.8
58693.8 11536.6
58384 11236.9
58176.1 11032.4
58034.8 10876.8
57914.7 10756.9
57826.5 10658
57756.3 10583.7
57699.4 10512
57655.6 10454.6
57619.7 10411.7
57589.8 10373.8
57569.2 10339.1
57554.3 10306.3
57542.6 10281.7
57531.5 10259
57524.6 10237.7
57517.3 10220.1
57511.7 10205.6
57506.9 10190.9
57502.2 10178.6
57498.3 10170.5
57493.7 10161.4
57489.1 10150.4
57485.1 10142.7
57478.4 10136
57473 10130.1
57467 10120.9
57463.1 10111.2
57461.6 10104.4
57459.8 10097.9
57458.4 10092.1
57458 10086.1
57457.9 10080.8
57458 10076.4
57457.9 10072.8
57457.7 10070.5
57456.9 10068.2
57456.5 10065.5
57455.1 10063.7
57454 10061.6
57453.1 10059.5
57452 10056.5
57451.3 10053.7
57450.4 10051.3
57450.2 10049
57450.2 10046.7
57450.2 10044.9
result for recall@ 1
81.96 762.06 1401.39 2031.96 2642.56 3247.2 3823.52 4391.79 4971.7 5484.41 6019.15 6568.3 7140.35 7756.24 8393.69 9108.4 10000 
0.55 0.71 0.7 0.7 0.7 0.7 0.7 0.7 0.7 0.7 0.7 0.7 0.7 0.7 0.7 0.7 0.7 
result for recall@ 10
163.92 1524.12 2802.78 4063.92 5285.12 6494.4 7647.04 8783.58 9943.4 10968.8 12038.3 13136.6 14280.7 15512.5 16787.4 18216.8 20000 
0.514 0.811 0.822 0.823 0.823 0.823 0.823 0.823 0.823 0.823 0.823 0.823 0.823 0.823 0.823 0.823 0.823 
result for recall@ 100
245.88 2286.18 4204.17 6095.88 7927.68 9741.6 11470.6 13175.4 14915.1 16453.2 18057.4 19704.9 21421.1 23268.7 25181.1 27325.2 30000 
0.3688 0.8519 0.8881 0.8945 0.8956 0.8961 0.8961 0.8961 0.8961 0.8961 0.8961 0.8961 0.8961 0.8961 0.8961 0.8961 0.8961 
Kmeans with centroids: 170
Distance computation
61799.1 14826.5
59608.2 12823.3
58726.6 12003.2
58260.9 11550.5
57973.4 11232.4
57786.2 11014.1
57657.1 10854.8
57565.7 10732.8
57483.1 10633.3
57411.7 10548.3
57357.9 10477.6
57314.7 10419.5
57281.6 10375.2
57253.4 10330.6
57231.1 10296.5
57209.2 10270.5
57188.2 10243
57169.6 10218.3
57144.9 10201.6
57120.1 10180.6
57099.8 10164.9
57074.6 10149.8
57058.6 10133.9
57046.3 10121.8
57038 10108
57031.5 10093.7
57026.3 10080.7
57022.6 10068.9
57019.3 10060
57014.7 10051.2
57012.2 10041.4
57010.6 10034.2
57009.5 10027.9
57008.8 10022.4
57008.3 10018.1
57006.5 10014.6
57005.3 10010.4
57004.7 10006.5
57004.5 10002.8
57004.4 9999.32
57004.3 9996.17
57004.2 9993.36
57004.3 9990.99
57004.3 9988.75
57004.3 9986.61
57004.3 9984.66
57004.2 9983.32
57004.3 9981.96
57004.2 9980.43
57004.3 9979.08
result for recall@ 1
73.03 726.95 1352.45 1953.36 2556.95 3124.84 3678.99 4191.53 4673.11 5133.13 5602.67 6097.99 6605.58 7169.22 7769.84 8438.52 9159.1 10000 
0.46 0.64 0.64 0.64 0.64 0.64 0.64 0.64 0.64 0.64 0.64 0.64 0.64 0.64 0.64 0.64 0.64 0.64 
result for recall@ 10
146.06 1453.9 2704.9 3906.72 5113.9 6249.68 7357.98 8383.06 9346.22 10266.3 11205.3 12196 13211.2 14338.4 15539.7 16877 18318.2 20000 
0.502 0.825 0.825 0.826 0.826 0.826 0.826 0.826 0.826 0.826 0.826 0.826 0.826 0.826 0.826 0.826 0.826 0.826 
result for recall@ 100
219.09 2180.85 4057.35 5860.08 7670.85 9374.52 11037 12574.6 14019.3 15399.4 16808 18294 19816.7 21507.7 23309.5 25315.6 27477.3 30000 
0.3239 0.8498 0.8831 0.8871 0.8886 0.8887 0.8887 0.8887 0.8887 0.8887 0.8887 0.8887 0.8887 0.8887 0.8887 0.8887 0.8887 0.8887 
Kmeans with centroids: 180
Distance computation
61433.8 14871
59079.1 12833.6
58159 11981.8
57673.3 11504.4
57412.7 11189.8
57238.8 10967.9
57113.4 10798.9
57023.6 10669.4
56952.5 10568
56899.1 10487.7
56856.2 10420.1
56816.3 10369.8
56789.9 10323.7
56771.8 10279.6
56759.3 10248.2
56749 10218.6
56742 10192
56737.4 10170.3
56732.8 10153.2
56729.4 10136.8
56725.8 10123.1
56721.9 10111.9
56717.2 10101.3
56714.8 10093.1
56711.1 10087.6
56707.6 10079.9
56704.9 10071.6
56703.1 10062.8
56702.9 10055.2
56702.9 10049.1
56702.8 10043.7
56703 10039.4
56702.9 10035.8
56703 10032.2
56702.8 10029
56702.8 10026.3
56702.7 10023.6
56702.9 10021.3
56702.9 10019
56702.9 10016.9
56702.8 10014.8
56702.9 10012.7
56702.8 10010.6
56702.8 10008.1
56702.8 10006.1
56702.8 10004.2
56702.7 10002.3
56702.6 10000.7
56702.7 9999.02
56702.7 9997.23
result for recall@ 1
74.17 725.14 1330.03 1913.53 2484.62 3045.44 3572.82 4078.24 4571.29 5059.17 5520.91 5986.26 6466.65 6968.96 7505.72 8057.41 8642.42 9241.94 10000 
0.5 0.72 0.74 0.74 0.74 0.74 0.74 0.74 0.74 0.74 0.74 0.74 0.74 0.74 0.74 0.74 0.74 0.74 0.74 
result for recall@ 10
148.34 1450.28 2660.06 3827.06 4969.24 6090.88 7145.64 8156.48 9142.58 10118.3 11041.8 11972.5 12933.3 13937.9 15011.4 16114.8 17284.8 18483.9 20000 
0.499 0.815 0.82 0.82 0.822 0.822 0.822 0.822 0.822 0.822 0.822 0.822 0.822 0.822 0.822 0.822 0.822 0.822 0.822 
result for recall@ 100
222.51 2175.42 3990.09 5740.59 7453.86 9136.32 10718.5 12234.7 13713.9 15177.5 16562.7 17958.8 19399.9 20906.9 22517.2 24172.2 25927.3 27725.8 30000 
0.3328 0.8436 0.8789 0.8853 0.8877 0.888 0.888 0.888 0.888 0.888 0.888 0.888 0.888 0.888 0.888 0.888 0.888 0.888 0.888 
Kmeans with centroids: 190
Distance computation
60851.7 14677.8
58664.8 12725.7
57784.3 11906.2
57343.9 11429.8
57061.1 11109.4
56892 10894.9
56778.8 10744.6
56690.9 10632.7
56620.4 10539.3
56573.4 10463.7
56537.3 10408.7
56496 10357.8
56462.9 10315.5
56435.9 10279.2
56414.9 10247.7
56395.2 10220.6
56368.8 10198.6
56344.5 10177.1
56321.7 10162.7
56298 10147.2
56279 10126.3
56269 10106.8
56263.1 10087.7
56260.2 10073.9
56258.1 10062
56256.3 10052.1
56254.3 10042.7
56253.4 10034.6
56252.2 10028.1
56250.6 10021.9
56249 10016.2
56248 10010.2
56247.1 10004.8
56245 9999.5
56244.3 9994.41
56243.6 9989.64
56243.5 9985.11
56243.6 9981.63
56243.6 9979
56243.4 9976.6
56243.2 9974.19
56242.9 9971.17
56241.9 9969.31
56241.9 9967.27
56241 9964.29
56240.9 9961.65
56241 9959.35
56241 9957.43
56241 9955.52
56241 9953.51
result for recall@ 1
66.12 652.88 1206.67 1736.57 2271.94 2783.97 3301.57 3779.62 4236.92 4652.89 5049.27 5465.58 5953.22 6471.62 6987.53 7527.43 8067.19 8641.62 9261 10000 
0.43 0.74 0.75 0.75 0.75 0.75 0.75 0.75 0.75 0.75 0.75 0.75 0.75 0.75 0.75 0.75 0.75 0.75 0.75 0.75 
result for recall@ 10
132.24 1305.76 2413.34 3473.14 4543.88 5567.94 6603.14 7559.24 8473.84 9305.78 10098.5 10931.2 11906.4 12943.2 13975.1 15054.9 16134.4 17283.2 18522 20000 
0.464 0.804 0.815 0.818 0.818 0.818 0.818 0.818 0.818 0.818 0.818 0.818 0.818 0.818 0.818 0.818 0.818 0.818 0.818 0.818 
result for recall@ 100
198.36 1958.64 3620.01 5209.71 6815.82 8351.91 9904.71 11338.9 12710.8 13958.7 15147.8 16396.7 17859.7 19414.9 20962.6 22582.3 24201.6 25924.9 27783 30000 
0.3116 0.8321 0.8773 0.8875 0.889 0.8896 0.8898 0.8898 0.8898 0.8898 0.8898 0.8898 0.8898 0.8898 0.8898 0.8898 0.8898 0.8898 0.8898 0.8898 
Kmeans with centroids: 200
Distance computation
60504.7 14661
58221.3 12731.6
57336.9 11912.1
56922.2 11448.8
56655.3 11155.4
56446.6 10947.2
56290.1 10776.7
56179.5 10654.3
56100.7 10554.4
56038 10473.2
55992.9 10401.8
55958.8 10343.8
55931.8 10300.2
55908.3 10258
55887 10223.2
55873.3 10195
55860.9 10165.7
55853 10141.4
55849.7 10121.9
55845.7 10104.7
55843.2 10089.4
55841.7 10075.1
55840.3 10063.4
55839.2 10053.4
55837.5 10046
55836.2 10038.9
55835.6 10031.9
55835.7 10025.5
55835.6 10019.7
55835.1 10014.6
55835.1 10009.7
55835 10005.8
55834.6 10002.4
55834.2 9999.25
55833.8 9995.71
55831.9 9992.2
55829.6 9990.33
55828 9987.46
55826.5 9983.05
55825.5 9978.52
55824.5 9974.71
55824.1 9970.1
55824.1 9966.15
55824.3 9962.7
55824.2 9959.06
55824.2 9956.01
55824.1 9953.39
55824.1 9951.15
55824 9949.1
55824.1 9947.47
result for recall@ 1
62.36 620.12 1143.7 1648.11 2138.56 2625.22 3107.03 3573.62 4024.17 4445.72 4847.36 5238.11 5656.9 6116.83 6582.69 7067.28 7592.3 8131.16 8691.15 9294.46 10000 
0.47 0.77 0.78 0.78 0.78 0.78 0.78 0.78 0.78 0.78 0.78 0.78 0.78 0.78 0.78 0.78 0.78 0.78 0.78 0.78 0.78 
result for recall@ 10
124.72 1240.24 2287.4 3296.22 4277.12 5250.44 6214.06 7147.24 8048.34 8891.44 9694.72 10476.2 11313.8 12233.7 13165.4 14134.6 15184.6 16262.3 17382.3 18588.9 20000 
0.473 0.822 0.838 0.842 0.842 0.842 0.842 0.842 0.842 0.842 0.842 0.842 0.842 0.842 0.842 0.842 0.842 0.842 0.842 0.842 0.842 
result for recall@ 100
187.08 1860.36 3431.1 4944.33 6415.68 7875.66 9321.09 10720.9 12072.5 13337.2 14542.1 15714.3 16970.7 18350.5 19748.1 21201.8 22776.9 24393.5 26073.4 27883.4 30000 
0.2982 0.8342 0.8774 0.8898 0.8931 0.8942 0.8946 0.8946 0.8946 0.8946 0.8946 0.8946 0.8946 0.8946 0.8946 0.8946 0.8946 0.8946 0.8946 0.8946 0.8946 
