Kmeans with centroids: 100
Base vector - centroid distance
65182.8 63278.2 62538.2 62123.9 61842.3 61631.5 61468.6 61350.2 61256.2 61184.7 61131.3 61091.4 61058.4 61022.4 60994.3 60969.6 60950.2 60927.3 60905.5 60889.1 60873.1 60862.7 60854.5 60843.7 60833.1 60823.7 60817.4 60812.8 60809.6 60807.5 60805.8 60804 60801.6 60799.3 60796.8 60794 60789.9 60787.5 60785.5 60782 
Compression Loss distance
12160.8 11456.5 11128 10933.5 10803.4 10711.6 10641.2 10586.4 10544.5 10510.9 10484.6 10462.8 10444.9 10430.5 10418.6 10408.8 10400.2 10393.3 10387.1 10381.7 10377.4 10373.5 10369.7 10366.5 10364.2 10362.3 10360.8 10359.4 10358.3 10357.2 10356.3 10355.7 10355.1 10354.5 10353.8 10353.2 10352.6 10352.1 10351.8 10351.5 
result for recall@ 1
152 1170 2140 3012 4099 5239 6367 7418 8328 9289 10000 
0 0.08 0.14 0.19 0.22 0.31 0.35 0.46 0.58 0.63 0.7 
result for recall@ 10
304 2340 4280 6024 8198 10478 12734 14836 16656 18578 20000 
0.006 0.115 0.205 0.281 0.339 0.454 0.539 0.661 0.738 0.775 0.811 
result for recall@ 100
456 3510 6420 9036 12297 15717 19101 22254 24984 27867 30000 
0.0161 0.1475 0.2533 0.3459 0.4256 0.5503 0.6472 0.7593 0.826 0.8585 0.8884 
Kmeans with centroids: 110
Base vector - centroid distance
64757.7 62705.6 61852 61378.1 61078.5 60885.3 60733.6 60625.6 60554.3 60502.2 60468.1 60443.4 60423.7 60403 60381.4 60365.3 60349.3 60337.3 60328.9 60322.7 60316.2 60310.9 60306.8 60303.7 60302.4 60301.3 60300.8 60299.8 60298.8 60297.5 60296.8 60296 60295.6 60294.8 60293.9 60292.2 60291.7 60291.6 60291.6 60291.6 
Compression Loss distance
12101.3 11391.4 11062.3 10871.3 10748.9 10662.3 10597.3 10546.3 10506.1 10474.5 10450.3 10429.6 10411.3 10396.9 10385.1 10374.8 10366.1 10358.7 10352.7 10348.1 10344 10340.2 10337 10334.2 10331.1 10328.6 10326.6 10324.9 10323.4 10322.1 10321.1 10320.2 10319.4 10318.8 10318.3 10317.7 10317.2 10316.8 10316.4 10316.1 
result for recall@ 1
120 1008 1999 2768 3575 4494 5496 6333 7462 8355 9166 10000 
0.03 0.12 0.16 0.21 0.23 0.31 0.37 0.43 0.46 0.53 0.64 0.69 
result for recall@ 10
240 2016 3998 5536 7150 8988 10992 12666 14924 16710 18332 20000 
0.03 0.133 0.197 0.238 0.271 0.35 0.454 0.522 0.574 0.653 0.744 0.812 
result for recall@ 100
360 3024 5997 8304 10725 13482 16488 18999 22386 25065 27498 30000 
0.0172 0.1306 0.2142 0.266 0.3231 0.4179 0.5082 0.5814 0.6543 0.7454 0.8252 0.8893 
Kmeans with centroids: 120
Base vector - centroid distance
64025.3 62044.2 61274.7 60866.7 60595.5 60413.7 60298.1 60198.1 60123.1 60074.9 60038.5 60009.8 59986.8 59969.6 59953.6 59939.9 59927.2 59916.2 59907.9 59898.7 59887.8 59879.5 59873.2 59868.1 59862.4 59855.4 59851.5 59848.7 59847.7 59847.2 59846.8 59846.7 59846.6 59846.6 59846.6 59846.6 59846.6 59846.6 59846.6 59846.6 
Compression Loss distance
12089.5 11388.5 11062.8 10866.9 10736.7 10643.3 10574.2 10520.4 10479.8 10448 10421.7 10400.8 10383.9 10368.9 10355.3 10344.1 10334.4 10326.7 10320.5 10315.5 10310.8 10306.8 10302.8 10299.4 10296.9 10294.6 10292.7 10290.6 10289 10287.6 10286.2 10284.9 10283.7 10282.7 10281.9 10281.3 10280.9 10280.6 10280.3 10279.9 
result for recall@ 1
80 983 1923 2685 3445 4277 5210 6098 6727 7565 8456 9201 10000 
0 0.01 0.08 0.13 0.2 0.27 0.36 0.38 0.42 0.5 0.59 0.65 0.69 
result for recall@ 10
160 1966 3846 5370 6890 8554 10420 12196 13454 15130 16912 18402 20000 
0.009 0.045 0.131 0.194 0.272 0.352 0.459 0.517 0.574 0.655 0.724 0.784 0.829 
result for recall@ 100
240 2949 5769 8055 10335 12831 15630 18294 20181 22695 25368 27603 30000 
0.0072 0.064 0.152 0.2221 0.3164 0.4012 0.5244 0.5852 0.6322 0.7227 0.7916 0.8321 0.8862 
Kmeans with centroids: 130
Base vector - centroid distance
63647.4 61503.6 60611 60139.5 59862 59663.9 59515.6 59421.9 59353.7 59298.4 59250 59211.9 59183.5 59158.8 59138.3 59121.8 59112.6 59106.4 59100.6 59094.4 59086 59080.3 59074.4 59067.7 59063.3 59058.8 59055.4 59054 59049.9 59047.3 59043.6 59040.2 59038.1 59037 59036.4 59035.3 59034.5 59033.8 59032.3 59031 
Compression Loss distance
12024.1 11319.7 10983.4 10785.9 10653.5 10564.2 10498.9 10448.8 10409 10377.9 10353.1 10333 10316.2 10301.7 10290.9 10281.8 10273.4 10265.3 10258.8 10253 10248.6 10244.8 10241 10237.6 10235 10232.4 10230.2 10227.8 10225.7 10223.9 10222.6 10221.4 10220.4 10219.7 10218.8 10218.1 10217.7 10217.2 10216.9 10216.6 
result for recall@ 1
63 924 1551 2365 3052 3844 4756 5480 6253 7019 7777 8587 9384 10000 
0.02 0.08 0.13 0.19 0.28 0.31 0.37 0.4 0.48 0.5 0.51 0.56 0.61 0.68 
result for recall@ 10
126 1848 3102 4730 6104 7688 9512 10960 12506 14038 15554 17174 18768 20000 
0.01 0.093 0.161 0.214 0.278 0.338 0.413 0.461 0.534 0.604 0.636 0.693 0.765 0.82 
result for recall@ 100
189 2772 4653 7095 9156 11532 14268 16440 18759 21057 23331 25761 28152 30000 
0.0059 0.1184 0.1838 0.2459 0.3119 0.3835 0.4728 0.5211 0.6049 0.6887 0.7165 0.7692 0.8482 0.8895 
Kmeans with centroids: 140
Base vector - centroid distance
62918.9 60859.1 60043.9 59549.8 59244.9 59062.7 58939.3 58847.3 58771.9 58716.1 58667.5 58630.2 58599.3 58572.9 58548.8 58527.4 58508.5 58489.7 58469 58456.4 58445 58434.9 58426.6 58420.7 58413.5 58406.5 58401.9 58400.2 58399.1 58397.9 58396.8 58396 58394.9 58393.9 58393.3 58393.2 58393.2 58393.2 58393.2 58393.2 
Compression Loss distance
11939.1 11227.5 10898.8 10711.4 10590.9 10505.6 10442.1 10394.5 10358.2 10329.1 10304.7 10284.5 10268.9 10256 10245.4 10236 10227.7 10220 10213.9 10208.5 10204.2 10200.2 10196.1 10192.3 10189.2 10186.3 10183.7 10181.5 10179.7 10178.3 10177.1 10175.9 10174.9 10174.3 10173.8 10173.3 10172.7 10172.2 10171.5 10171 
result for recall@ 1
93 817 1556 2360 2978 3791 4668 5224 5862 6770 7399 8044 8698 9363 10000 
0.01 0.1 0.13 0.23 0.29 0.37 0.44 0.45 0.48 0.52 0.61 0.64 0.65 0.71 0.74 
result for recall@ 10
186 1634 3112 4720 5956 7582 9336 10448 11724 13540 14798 16088 17396 18726 20000 
0.006 0.118 0.167 0.269 0.321 0.396 0.463 0.488 0.534 0.607 0.676 0.701 0.728 0.765 0.802 
result for recall@ 100
279 2451 4668 7080 8934 11373 14004 15672 17586 20310 22197 24132 26094 28089 30000 
0.0078 0.1307 0.1899 0.3155 0.3856 0.4751 0.5453 0.5726 0.6302 0.7102 0.7663 0.8074 0.8269 0.858 0.8875 
Kmeans with centroids: 150
Base vector - centroid distance
62241.4 60209.9 59404.4 59001.2 58726.3 58541.7 58410.2 58309.1 58222.8 58156.7 58106.4 58069.2 58039 58018.4 57995.4 57974.9 57956.7 57941.6 57925.3 57904.9 57889.4 57879.6 57872 57864.6 57857.9 57853.3 57849.7 57846 57842.7 57841.2 57838.8 57836.5 57836.2 57836.2 57836.2 57836.2 57836.2 57836.2 57836.2 57836.2 
Compression Loss distance
11843 11158.4 10834.4 10642.9 10515.3 10425.5 10358.5 10308.1 10268.3 10236.2 10209.9 10188.8 10172.1 10157.9 10145.9 10135.7 10127.3 10121 10115.9 10111.5 10107.6 10104.3 10101.4 10099.1 10097.2 10095.4 10093.7 10092.2 10090.8 10089.7 10088.7 10087.8 10087.1 10086.4 10085.9 10085.4 10085 10084.7 10084.5 10084.4 
result for recall@ 1
52 712 1181 1965 2676 3438 4127 4654 5340 5981 6712 7312 8023 8628 9272 10000 
0 0.02 0.05 0.16 0.21 0.27 0.32 0.32 0.37 0.44 0.49 0.51 0.52 0.56 0.64 0.71 
result for recall@ 10
104 1424 2362 3930 5352 6876 8254 9308 10680 11962 13424 14624 16046 17256 18544 20000 
0.008 0.049 0.095 0.19 0.261 0.315 0.367 0.386 0.464 0.532 0.602 0.632 0.659 0.701 0.771 0.836 
result for recall@ 100
156 2136 3543 5895 8028 10314 12381 13962 16020 17943 20136 21936 24069 25884 27816 30000 
0.0109 0.0584 0.1068 0.2048 0.2801 0.3582 0.407 0.4316 0.5254 0.5983 0.6779 0.7095 0.7379 0.7758 0.8348 0.897 
Kmeans with centroids: 160
Base vector - centroid distance
61794.9 59896.6 59147.4 58729.9 58455 58267.4 58120.1 58014.7 57935.6 57869.6 57803.5 57742.7 57691.6 57655.3 57620.4 57593.2 57573.1 57555 57539 57526 57514.6 57502.9 57493.9 57484.8 57482.4 57481.4 57481.1 57480.9 57480.9 57480.9 57480.9 57480.9 57480.9 57480.9 57480.9 57480.9 57480.9 57480.9 57480.9 57480.9 
Compression Loss distance
11848.5 11152.6 10821.6 10628.5 10503.9 10416 10352.3 10302.6 10263.1 10232 10208.2 10188.8 10172.6 10159.3 10147.4 10137.3 10128.9 10122.2 10115.9 10110.4 10105.7 10101.8 10098.5 10095.3 10092.3 10089.4 10086.9 10084.9 10083.1 10081.7 10080.4 10079.2 10078.3 10077.5 10076.8 10075.9 10075.2 10074.4 10073.7 10073 
result for recall@ 1
57 860 1311 1909 2643 3160 3847 4447 4969 5559 6124 6809 7503 8103 8828 9443 10000 
0 0.07 0.1 0.19 0.22 0.26 0.28 0.34 0.37 0.42 0.45 0.54 0.56 0.58 0.62 0.66 0.67 
result for recall@ 10
114 1720 2622 3818 5286 6320 7694 8894 9938 11118 12248 13618 15006 16206 17656 18886 20000 
0.002 0.111 0.147 0.237 0.3 0.337 0.371 0.441 0.468 0.522 0.542 0.622 0.654 0.69 0.736 0.783 0.81 
result for recall@ 100
171 2580 3933 5727 7929 9480 11541 13341 14907 16677 18372 20427 22509 24309 26484 28329 30000 
0.0023 0.1228 0.1611 0.2338 0.3148 0.3568 0.4056 0.4685 0.4951 0.5469 0.5722 0.662 0.7198 0.7625 0.816 0.852 0.8889 
Kmeans with centroids: 170
Base vector - centroid distance
60887.4 58974.5 58335.5 57994.7 57754.8 57570.8 57447.8 57362.4 57293 57232.1 57185.8 57149.9 57119.2 57098.9 57080.3 57063.2 57049.9 57038.2 57029 57024.6 57019.9 57015.5 57013.7 57012.8 57012.4 57012.3 57012.1 57012.1 57012.1 57012.1 57012.1 57012.1 57012.1 57012.1 57012.1 57012.1 57012.1 57012.1 57012.1 57012.1 
Compression Loss distance
11814.1 11123 10792.4 10598.1 10470.1 10380 10314.6 10265.1 10226.2 10194.6 10168.4 10145.9 10128 10113.1 10101 10091.1 10082.8 10075.5 10069.5 10064.8 10061.1 10057.3 10054 10051.3 10049.2 10047.3 10045.7 10044.2 10043.1 10042 10041.1 10040.3 10039.4 10038.3 10037.5 10036.9 10036.2 10035.5 10035.1 10034.8 
result for recall@ 1
51 628 1140 1876 2403 2819 3536 4231 4726 5379 5831 6319 6929 7371 8114 8732 9422 10000 
0.04 0.08 0.11 0.13 0.15 0.18 0.21 0.3 0.33 0.35 0.37 0.4 0.45 0.46 0.55 0.58 0.62 0.66 
result for recall@ 10
102 1256 2280 3752 4806 5638 7072 8462 9452 10758 11662 12638 13858 14742 16228 17464 18844 20000 
0.033 0.096 0.125 0.215 0.248 0.28 0.337 0.422 0.457 0.494 0.523 0.554 0.596 0.617 0.692 0.729 0.767 0.801 
result for recall@ 100
153 1884 3420 5628 7209 8457 10608 12693 14178 16137 17493 18957 20787 22113 24342 26196 28266 30000 
0.0174 0.082 0.1142 0.2076 0.2554 0.2934 0.3735 0.4694 0.5118 0.5696 0.5954 0.6273 0.6733 0.6926 0.7568 0.7962 0.8507 0.8881 
Kmeans with centroids: 180
Base vector - centroid distance
60813.2 58871 57997.3 57523 57197.5 57014 56890.2 56800.1 56747.5 56712.4 56682.5 56657.6 56634.7 56615.5 56599.4 56584.6 56573.7 56565.4 56560.4 56557.9 56555.8 56553.6 56551.7 56550.4 56549.2 56547.2 56543.7 56541.3 56539.6 56536.5 56534 56531.7 56528.4 56525.1 56523.3 56522.6 56521.8 56521.1 56520.7 56520.7 
Compression Loss distance
11794.7 11112.4 10792.1 10607.1 10481.4 10391.9 10324.9 10274.6 10236.2 10205.7 10181.1 10161.6 10144.2 10130.3 10119.2 10109.1 10100.3 10092.6 10085.8 10080 10074.9 10071 10067.9 10065.1 10062.9 10060.8 10058.8 10057.1 10055.6 10054.4 10053.4 10052.6 10051.8 10051.1 10050.3 10049.8 10049.3 10048.9 10048.3 10047.9 
result for recall@ 1
43 568 1076 1685 2264 2755 3400 4046 4637 5241 5830 6417 6833 7343 7878 8401 8910 9415 10000 
0.02 0.05 0.07 0.1 0.13 0.15 0.21 0.29 0.34 0.37 0.43 0.43 0.46 0.48 0.52 0.55 0.57 0.61 0.63 
result for recall@ 10
86 1136 2152 3370 4528 5510 6800 8092 9274 10482 11660 12834 13666 14686 15756 16802 17820 18830 20000 
0.013 0.068 0.1 0.181 0.254 0.298 0.347 0.41 0.47 0.503 0.553 0.587 0.6 0.633 0.677 0.71 0.729 0.782 0.821 
result for recall@ 100
129 1704 3228 5055 6792 8265 10200 12138 13911 15723 17490 19251 20499 22029 23634 25203 26730 28245 30000 
0.0096 0.0754 0.1201 0.1945 0.275 0.318 0.3878 0.4856 0.5596 0.6001 0.6406 0.6856 0.7118 0.7349 0.765 0.793 0.8057 0.8461 0.8907 
Kmeans with centroids: 190
Base vector - centroid distance
60503.1 58449.7 57694.9 57295.1 57043.9 56874.2 56754 56664.1 56591.3 56536.7 56485.9 56441.3 56403.3 56366.4 56341.5 56320 56303.5 56292.5 56284.1 56276.9 56269.4 56264.4 56259.2 56254.5 56250.2 56245.3 56241.5 56237.7 56235.5 56233.5 56231.2 56229 56227.8 56225.5 56224.5 56222 56220.3 56219.4 56218.8 56218.4 
Compression Loss distance
11734.4 11059 10740.9 10549.3 10426.4 10336.2 10269.6 10218.9 10180.6 10150.8 10126.2 10105.9 10089.9 10076.3 10065.2 10055.6 10047.3 10039.8 10033 10027.3 10022.9 10019 10015.9 10013.2 10010.8 10008.6 10006.8 10005 10003.4 10002 10000.9 9999.96 9998.95 9998.09 9997.48 9996.96 9996.57 9996.27 9995.94 9995.65 
result for recall@ 1
125 612 1117 1617 2219 2739 3205 3735 4159 4690 5224 5605 6232 6845 7418 7865 8472 8993 9443 10000 
0.02 0.08 0.11 0.13 0.16 0.2 0.22 0.22 0.25 0.28 0.34 0.35 0.38 0.45 0.47 0.47 0.5 0.56 0.6 0.64 
result for recall@ 10
250 1224 2234 3234 4438 5478 6410 7470 8318 9380 10448 11210 12464 13690 14836 15730 16944 17986 18886 20000 
0.028 0.096 0.13 0.177 0.242 0.297 0.337 0.349 0.375 0.408 0.456 0.474 0.528 0.576 0.619 0.64 0.678 0.747 0.785 0.82 
result for recall@ 100
375 1836 3351 4851 6657 8217 9615 11205 12477 14070 15672 16815 18696 20535 22254 23595 25416 26979 28329 30000 
0.0384 0.0865 0.1204 0.1747 0.2502 0.3252 0.3809 0.4059 0.4347 0.4714 0.5348 0.5578 0.617 0.6678 0.7188 0.7413 0.7847 0.8237 0.8543 0.895 
Kmeans with centroids: 200
Base vector - centroid distance
60073.1 57971.5 57193.9 56790 56553.9 56408.8 56295.2 56207.8 56131.8 56065 56019.3 55979.9 55952.3 55926.9 55907.5 55887.4 55870.9 55856.8 55843.1 55830.9 55825.6 55823.4 55820.3 55819 55816.9 55813.9 55810.7 55808.4 55805.5 55803.4 55801.3 55798.9 55796.7 55794.2 55793.1 55792.4 55791.5 55791.1 55790.1 55789.2 
Compression Loss distance
11669.4 10989.3 10674.3 10490.8 10370.3 10283.2 10219.3 10169.9 10131 10100.1 10075.7 10056.1 10040 10026.1 10015 10005.8 9997.73 9991.14 9985.92 9981.61 9977.78 9974.5 9971.28 9968.5 9966.23 9964.19 9962.26 9960.53 9958.81 9956.98 9955.06 9953.37 9952.13 9951.25 9950.47 9949.82 9949.33 9948.88 9948.4 9948.02 
result for recall@ 1
143 712 1188 1623 2198 2738 3198 3698 4206 4693 5119 5614 6016 6491 6943 7475 7974 8346 8914 9501 10000 
0.01 0.08 0.09 0.1 0.12 0.19 0.24 0.26 0.28 0.3 0.37 0.39 0.43 0.45 0.5 0.55 0.61 0.64 0.66 0.69 0.73 
result for recall@ 10
286 1424 2376 3246 4396 5476 6396 7396 8412 9386 10238 11228 12032 12982 13886 14950 15948 16692 17828 19002 20000 
0.021 0.088 0.123 0.138 0.186 0.248 0.315 0.351 0.385 0.413 0.459 0.483 0.509 0.559 0.616 0.688 0.729 0.757 0.776 0.807 0.832 
result for recall@ 100
429 2136 3564 4869 6594 8214 9594 11094 12618 14079 15357 16842 18048 19473 20829 22425 23922 25038 26742 28503 30000 
0.0295 0.1046 0.1496 0.1699 0.2401 0.2973 0.347 0.3948 0.4398 0.4736 0.5148 0.5534 0.577 0.63 0.6865 0.7407 0.7771 0.8057 0.8314 0.8729 0.8965 
