Kmeans with centroids: 100
Base vector - centroid distance
64935.2 63111.3 62473.4 62146.6 61948.5 61827.4 61733.1 61657.4 61576.5 61520 61471.7 61433.1 61399.7 61372.8 61353.1 61336.6 61319.8 61303.4 61291.2 61278.4 
Compression Loss distance
12223.8 11507 11171 10970.9 10836.7 10741.2 10673.1 10621.6 10580.1 10547.2 10520.5 10498.8 10481 10466.6 10455.4 10447 10438.5 10431.4 10425 10420 10415.6 10411.2 10407.6 10404.7 10402.1 10400 10398 10396 10394.5 10392.7 10391.4 10390.4 10389.6 10388.7 10387.9 10387.2 10386.6 10386.1 10385.7 10385.4 10385.2 10385 10384.8 10384.7 10384.6 10384.5 10384.3 10384 10383.8 10383.8 10383.7 10383.6 10383.6 10383.6 10383.6 10383.6 10383.6 10383.6 10383.6 10383.6 
result for recall@ 1
132 1278 2412 3498 4416 5197 5983 6819 7764 8766 10000 
0.5 0.7 0.7 0.7 0.7 0.7 0.7 0.7 0.7 0.7 0.7 
result for recall@ 10
132 1278 2412 3498 4416 5197 5983 6819 7764 8766 10000 
0.516 0.745 0.747 0.747 0.747 0.747 0.747 0.747 0.747 0.747 0.747 
result for recall@ 100
132 1278 2412 3498 4416 5197 5983 6819 7764 8766 10000 
0.3797 0.7863 0.8048 0.8053 0.8055 0.8055 0.8055 0.8055 0.8055 0.8055 0.8055 
Kmeans with centroids: 150
Base vector - centroid distance
62387.5 60335.6 59527.1 59075.2 58788.1 58587.9 58467 58392.7 58342.7 58303.3 58268.4 58239.9 58215.8 58202.1 58193.7 58183.8 58174.2 58167.9 58163.8 58159 
Compression Loss distance
11917.2 11214.6 10894.3 10702.4 10572.1 10480.5 10415.8 10367.6 10329.8 10299.8 10276.9 10257.7 10242.5 10230.4 10220.2 10210.5 10202.3 10195 10188.5 10182.4 10177 10172.9 10169 10165.6 10162.5 10159.9 10157.4 10155.1 10153.4 10151.9 10150.6 10149.4 10148.1 10147.1 10146 10145.1 10144.2 10143.5 10142.7 10142 10141.5 10140.8 10140.4 10139.9 10139.6 10139.2 10139 10138.8 10138.6 10138.3 10137.9 10137.6 10137.4 10137.2 10137.1 10137 10136.9 10136.7 10136.7 10136.5 
result for recall@ 1
86 847 1566 2253 2952 3595 4193 4809 5369 5933 6503 7091 7725 8391 9106 10000 
0.47 0.7 0.7 0.7 0.7 0.7 0.7 0.7 0.7 0.7 0.7 0.7 0.7 0.7 0.7 0.7 
result for recall@ 10
86 847 1566 2253 2952 3595 4193 4809 5369 5933 6503 7091 7725 8391 9106 10000 
0.448 0.755 0.762 0.763 0.765 0.765 0.765 0.765 0.765 0.765 0.765 0.765 0.765 0.765 0.765 0.765 
result for recall@ 100
86 847 1566 2253 2952 3595 4193 4809 5369 5933 6503 7091 7725 8391 9106 10000 
0.2873 0.7735 0.8028 0.8075 0.8085 0.8091 0.8091 0.8091 0.8091 0.8091 0.8091 0.8091 0.8091 0.8091 0.8091 0.8091 
Kmeans with centroids: 200
Base vector - centroid distance
60275.5 58281.4 57456.2 57003.7 56731.9 56544.5 56413.2 56314.7 56243.9 56184.4 56127.3 56084.1 56050.9 56025.6 56007.5 55992.6 55983.1 55974.2 55968.3 55964.3 
Compression Loss distance
11692.6 11002.7 10684.7 10494.4 10370.8 10285.1 10219.7 10171.1 10132.5 10104.1 10080.9 10062.3 10045.9 10031.7 10019.4 10009.2 10001.5 9994.86 9988.54 9982.94 9978.5 9974.24 9971 9968.02 9965.22 9962.58 9960.36 9958.54 9957.03 9955.76 9954.77 9953.73 9952.56 9951.45 9950.74 9949.99 9949.14 9948.27 9947.5 9946.87 9946.46 9946.16 9945.75 9945.48 9945.22 9945.04 9944.83 9944.7 9944.56 9944.46 9944.42 9944.37 9944.34 9944.31 9944.3 9944.3 9944.28 9944.27 9944.27 9944.27 
result for recall@ 1
59 634 1177 1703 2208 2708 3214 3704 4162 4604 5051 5455 5887 6328 6785 7267 7763 8292 8818 9379 10000 
0.46 0.64 0.64 0.64 0.64 0.64 0.64 0.64 0.64 0.64 0.64 0.64 0.64 0.64 0.64 0.64 0.64 0.64 0.64 0.64 0.64 
result for recall@ 10
59 634 1177 1703 2208 2708 3214 3704 4162 4604 5051 5455 5887 6328 6785 7267 7763 8292 8818 9379 10000 
0.416 0.739 0.749 0.754 0.755 0.755 0.755 0.755 0.755 0.755 0.755 0.755 0.755 0.755 0.755 0.755 0.755 0.755 0.755 0.755 0.755 
result for recall@ 100
59 634 1177 1703 2208 2708 3214 3704 4162 4604 5051 5455 5887 6328 6785 7267 7763 8292 8818 9379 10000 
0.2341 0.7521 0.798 0.8053 0.8072 0.8078 0.8077 0.8078 0.8078 0.8078 0.8078 0.8078 0.8078 0.8078 0.8078 0.8078 0.8078 0.8078 0.8078 0.8078 0.8078 
Kmeans with centroids: 250
Base vector - centroid distance
58204.1 56217.3 55436.7 55016 54752 54560.8 54414.9 54311.9 54230.6 54153 54083.9 54033.1 53993.4 53960.1 53938.3 53914.9 53903.8 53897.5 53891.3 53887.3 
Compression Loss distance
11464.8 10806.7 10496.9 10311.6 10193.4 10108.8 10044.8 9994.17 9956.29 9927.43 9903.72 9884.3 9867.6 9853.6 9842.04 9832.48 9824.7 9818.01 9811.79 9806.31 9801.11 9796.7 9792.59 9789.08 9786.5 9784.42 9782.44 9780.61 9778.99 9777.46 9776.08 9775 9774.09 9773.41 9772.92 9772.41 9772.09 9771.79 9771.5 9771.27 9771.13 9770.97 9770.81 9770.59 9770.26 9769.87 9769.46 9769.16 9768.9 9768.77 9768.59 9768.45 9768.27 9768.14 9768.06 9767.99 9767.92 9767.85 9767.8 9767.75 
result for recall@ 1
49 504 935 1345 1756 2161 2558 2944 3327 3689 4047 4394 4752 5114 5444 5785 6119 6482 6858 7250 7639 8032 8445 8891 9373 10000 
0.54 0.71 0.71 0.72 0.72 0.72 0.72 0.72 0.72 0.72 0.72 0.72 0.72 0.72 0.72 0.72 0.72 0.72 0.72 0.72 0.72 0.72 0.72 0.72 0.72 0.72 
result for recall@ 10
49 504 935 1345 1756 2161 2558 2944 3327 3689 4047 4394 4752 5114 5444 5785 6119 6482 6858 7250 7639 8032 8445 8891 9373 10000 
0.455 0.724 0.734 0.738 0.738 0.738 0.738 0.738 0.738 0.738 0.738 0.738 0.738 0.738 0.738 0.738 0.738 0.738 0.738 0.738 0.738 0.738 0.738 0.738 0.738 0.738 
result for recall@ 100
49 504 935 1345 1756 2161 2558 2944 3327 3689 4047 4394 4752 5114 5444 5785 6119 6482 6858 7250 7639 8032 8445 8891 9373 10000 
0.2323 0.7348 0.7927 0.8038 0.8086 0.8097 0.8099 0.8101 0.8101 0.8101 0.8101 0.8101 0.8101 0.8101 0.8101 0.8101 0.8101 0.8101 0.8101 0.8101 0.8101 0.8101 0.8101 0.8101 0.8101 0.8101 
Kmeans with centroids: 300
Base vector - centroid distance
56498.2 54594.3 53789.7 53355.6 53100.2 52929.7 52811.4 52730.8 52671.9 52638 52610 52593.7 52580.8 52567.1 52552.9 52540.3 52527.8 52516.5 52505.4 52496 
Compression Loss distance
11260.7 10627 10325.3 10140.9 10018.5 9935.61 9872.81 9824.91 9786.8 9756.72 9732.9 9712.9 9696.52 9683.22 9672.62 9663.71 9655.91 9649.52 9643.9 9639.43 9635.79 9632.68 9629.78 9627.08 9624.46 9622.11 9620.19 9618.18 9616.57 9614.91 9613.53 9612.27 9611.14 9610.12 9609.32 9608.61 9608.12 9607.83 9607.54 9607.3 9607.03 9606.84 9606.65 9606.43 9606.17 9605.99 9605.83 9605.71 9605.62 9605.47 9605.33 9605.25 9605.15 9605.08 9605.02 9604.88 9604.76 9604.56 9604.41 9604.33 
result for recall@ 1
44 433 811 1173 1523 1860 2201 2525 2844 3155 3458 3757 4047 4327 4595 4850 5107 5373 5652 5941 6257 6589 6917 7261 7616 7995 8365 8730 9096 9506 10000 
0.48 0.69 0.68 0.68 0.68 0.68 0.68 0.68 0.68 0.68 0.68 0.68 0.68 0.68 0.68 0.68 0.68 0.68 0.68 0.68 0.68 0.68 0.68 0.68 0.68 0.68 0.68 0.68 0.68 0.68 0.68 
result for recall@ 10
44 433 811 1173 1523 1860 2201 2525 2844 3155 3458 3757 4047 4327 4595 4850 5107 5373 5652 5941 6257 6589 6917 7261 7616 7995 8365 8730 9096 9506 10000 
0.414 0.739 0.757 0.76 0.762 0.763 0.763 0.763 0.763 0.763 0.763 0.763 0.763 0.763 0.763 0.763 0.763 0.763 0.763 0.763 0.763 0.763 0.763 0.763 0.763 0.763 0.763 0.763 0.763 0.763 0.763 
result for recall@ 100
44 433 811 1173 1523 1860 2201 2525 2844 3155 3458 3757 4047 4327 4595 4850 5107 5373 5652 5941 6257 6589 6917 7261 7616 7995 8365 8730 9096 9506 10000 
0.2052 0.7207 0.7852 0.8045 0.8082 0.8103 0.811 0.8114 0.8115 0.8115 0.8115 0.8115 0.8115 0.8115 0.8115 0.8115 0.8115 0.8115 0.8115 0.8115 0.8115 0.8115 0.8115 0.8115 0.8115 0.8115 0.8115 0.8115 0.8115 0.8115 0.8115 
Kmeans with centroids: 350
Base vector - centroid distance
54880.5 53059.9 52336 51947.6 51723.7 51578.8 51478.6 51410.1 51362.9 51326.8 51296.2 51267.8 51253.1 51246.9 51245.1 51244 51242.9 51239.3 51236.3 51234.2 
Compression Loss distance
