Kmeans with centroids: 100
Base vector - centroid distance
65937.2 63822.9 62898.5 62415.2 62120.9 61914.7 61766.2 61651.1 61558.1 61485.2 61423.1 61379.7 61345.1 61312.7 61283.5 61259.7 61239.8 61224.7 61209.5 61198.5 61187.4 61179 61172.1 61165.4 61161.1 61157.7 61153.3 61149.1 61144.2 61135.2 61125.4 61114.5 61103.6 61096.9 61092.5 61089.3 61087.3 61085.7 61084.2 61082.7 61082 61081.5 61081.4 61081.2 61081.2 61081.2 61081.2 61081.2 61081.2 61081.2 
Compression Loss distance
12154.8 11445.5 11114.9 10920.7 10794.8 10706.1 10639 10590.9 10554.5 10525.1 10501.1 10482.4 10467 10453.1 10440.9 10429.9 10421.6 10414.1 10407.4 10401.2 10396.3 10392.1 10388.6 10385.5 10382.6 10380 10377.9 10376.3 10375 10374 10373.1 10372 10371.2 10370.6 10370.2 10369.9 10369.6 10369.3 10368.9 10368.7 10368.5 10368.3 10368.1 10367.9 10367.8 10367.7 10367.6 10367.6 10367.5 10367.5 
result for recall@ 1
156 987 1983 2999 4093 5044 5901 6923 8001 8978 10000 
0.01 0.06 0.16 0.22 0.28 0.38 0.5 0.58 0.59 0.65 0.71 
result for recall@ 10
312 1974 3966 5998 8186 10088 11802 13846 16002 17956 20000 
0.017 0.078 0.213 0.313 0.365 0.447 0.546 0.618 0.679 0.743 0.82 
result for recall@ 100
468 2961 5949 8997 12279 15132 17703 20769 24003 26934 30000 
0.0177 0.0961 0.214 0.3521 0.4128 0.4912 0.6007 0.6636 0.7355 0.8028 0.8863 
Kmeans with centroids: 110
Base vector - centroid distance
64911.4 62939 62074.9 61606.6 61297.9 61063.9 60856.1 60707.1 60598.6 60515.3 60454.9 60406.1 60371.6 60341.3 60317.7 60297.9 60282.7 60269.1 60252.6 60233 60223 60216.7 60211.3 60203.1 60196 60188.5 60180.7 60174.5 60170.4 60167.9 60166.6 60165.2 60164.8 60164.4 60164 60164 60164 60164 60164 60164 60164 60164 60164 60164 60164 60164 60164 60164 60164 60164 
Compression Loss distance
12184.2 11459 11120.5 10915.6 10777.7 10681.1 10611.7 10560.1 10520.1 10487.4 10460.4 10437.9 10420.8 10406.8 10396 10386.6 10378.4 10371.1 10364.5 10359.1 10353.9 10349.5 10345.4 10341.8 10338.8 10335.8 10332.9 10330.4 10327.9 10326 10324.7 10323.7 10322.6 10321.4 10320.4 10319.6 10318.9 10318.3 10317.8 10317.4 10317.1 10316.8 10316.4 10316 10315.7 10315.5 10315.3 10315.2 10315 10314.9 
result for recall@ 1
75 1029 1896 2704 3624 4616 5243 6121 7022 8066 8910 10000 
0 0.06 0.13 0.2 0.26 0.33 0.36 0.42 0.5 0.58 0.59 0.7 
result for recall@ 10
150 2058 3792 5408 7248 9232 10486 12242 14044 16132 17820 20000 
0.004 0.084 0.159 0.266 0.33 0.415 0.479 0.571 0.629 0.71 0.731 0.829 
result for recall@ 100
225 3087 5688 8112 10872 13848 15729 18363 21066 24198 26730 30000 
0.0066 0.1304 0.1993 0.3054 0.384 0.4856 0.5503 0.6259 0.6795 0.7645 0.7862 0.8899 
Kmeans with centroids: 120
Base vector - centroid distance
64037.4 61910.3 61138 60686.8 60363.4 60184.5 60054.8 59965.4 59897.1 59828.9 59778.2 59735.7 59692.5 59657.1 59629.2 59593.7 59564.4 59540.9 59513.8 59485.1 59455.6 59437.9 59425.5 59414.8 59404.8 59396.8 59390.6 59386.4 59383.9 59380.8 59377.6 59374.9 59372.9 59371.5 59370.3 59369.1 59367.8 59366.7 59365.8 59364.5 59363.6 59362.8 59361.5 59360.2 59359.1 59358.5 59358.2 59357.7 59357.6 59357.5 
Compression Loss distance
12054 11346.8 11011.8 10812.7 10682.4 10591.1 10524.6 10472.4 10431.7 10398.4 10371.4 10349.1 10331.4 10317.7 10306.3 10296 10287.1 10279.7 10273.1 10267.3 10262.9 10259 10255.6 10252.4 10249.2 10246.5 10244.2 10242.1 10240.6 10239.2 10237.9 10236.7 10235.7 10234.6 10233.5 10232.8 10232 10231.4 10230.9 10230.4 10230.1 10229.8 10229.5 10229.4 10229.2 10229.2 10229.1 10229 10228.9 10228.9 
result for recall@ 1
131 917 1588 2324 3259 4088 4797 5506 6503 7333 8295 9252 10000 
0.01 0.08 0.13 0.18 0.21 0.26 0.31 0.35 0.45 0.47 0.53 0.65 0.68 
result for recall@ 10
262 1834 3176 4648 6518 8176 9594 11012 13006 14666 16590 18504 20000 
0.023 0.101 0.147 0.186 0.25 0.331 0.385 0.441 0.545 0.602 0.674 0.783 0.825 
result for recall@ 100
393 2751 4764 6972 9777 12264 14391 16518 19509 21999 24885 27756 30000 
0.0205 0.1048 0.1536 0.2009 0.2756 0.3618 0.4165 0.4758 0.6068 0.6627 0.7436 0.8464 0.8854 
Kmeans with centroids: 130
Base vector - centroid distance
63539.2 61557.2 60749 60289.6 59975.2 59747 59594.4 59474.4 59367.9 59284.7 59225.3 59169.1 59126.3 59098.1 59081.3 59070.2 59060.2 59050.1 59042.4 59033.1 59026.6 59021.6 59016.1 59012.7 59011.4 59009.4 59008 59007.2 59006.6 59006.2 59005.9 59005.7 59004.9 59004.6 59004.2 59004.2 59004.2 59004.2 59004.2 59004.2 59004.2 59004.2 59004.2 59004.2 59004.2 59004.2 59004.2 59004.2 59004.2 59004.2 
Compression Loss distance
12035.8 11332.6 10993.6 10792.1 10654.4 10557.4 10484.9 10429.6 10388.4 10356.4 10331 10310.4 10293.7 10278.9 10265.8 10254 10244.3 10236.6 10229.5 10222.8 10216.6 10211.9 10208.1 10205 10202 10199.4 10197.2 10195.3 10193.5 10192.2 10191.1 10190.3 10189.6 10188.9 10188.2 10187.7 10187.3 10187 10186.8 10186.4 10186.1 10185.8 10185.6 10185.4 10185.3 10185.2 10185.1 10185.1 10185 10184.9 
result for recall@ 1
98 621 1187 2059 2927 3647 4520 5241 6044 6779 7538 8580 9296 10000 
0 0.03 0.06 0.1 0.16 0.22 0.3 0.35 0.42 0.52 0.59 0.6 0.65 0.73 
result for recall@ 10
196 1242 2374 4118 5854 7294 9040 10482 12088 13558 15076 17160 18592 20000 
0.002 0.062 0.098 0.165 0.235 0.293 0.382 0.457 0.548 0.621 0.679 0.744 0.775 0.824 
result for recall@ 100
294 1863 3561 6177 8781 10941 13560 15723 18132 20337 22614 25740 27888 30000 
0.0035 0.0524 0.0978 0.1872 0.2644 0.3298 0.4192 0.5147 0.6017 0.6731 0.7173 0.8273 0.8508 0.887 
Kmeans with centroids: 140
Base vector - centroid distance
62555.1 60685.1 59907.7 59496.9 59264 59110.9 58994.4 58906.2 58832.8 58764.5 58706.6 58654.6 58616.3 58588.2 58567.6 58553.4 58537.5 58521.2 58508.6 58500.9 58495.7 58489.8 58485.7 58482 58478.4 58475.5 58470.5 58465.8 58463.8 58461.3 58458.9 58457.6 58455.8 58453.7 58452.3 58450.9 58448.6 58445.1 58442 58438.9 58436.2 58432.3 58430 58428.7 58427.8 58426.9 58426.1 58425.7 58425.1 58425 
Compression Loss distance
11985.6 11301.4 10964 10761.7 10631.2 10540.7 10474.6 10424.2 10384.2 10352.7 10327 10306.1 10288.9 10274.4 10261.8 10251.2 10242.2 10234.5 10228 10222.2 10217 10212.7 10209.4 10206.5 10204 10201.6 10199.5 10197.3 10195.5 10193.9 10192.3 10191 10190 10189.1 10188.1 10187.1 10186.2 10185.4 10184.7 10184.2 10183.9 10183.6 10183.5 10183.4 10183.2 10183.1 10183.1 10183 10183 10182.8 
result for recall@ 1
142 909 1631 2345 3065 3769 4563 5321 5928 6439 7194 8124 8790 9382 10000 
0.01 0.06 0.1 0.13 0.18 0.24 0.31 0.36 0.41 0.46 0.51 0.59 0.63 0.66 0.71 
result for recall@ 10
284 1818 3262 4690 6130 7538 9126 10642 11856 12878 14388 16248 17580 18764 20000 
0.026 0.081 0.158 0.201 0.248 0.343 0.428 0.511 0.571 0.607 0.681 0.76 0.782 0.8 0.837 
result for recall@ 100
426 2727 4893 7035 9195 11307 13689 15963 17784 19317 21582 24372 26370 28146 30000 
0.0376 0.0979 0.1938 0.2473 0.2961 0.3758 0.459 0.5567 0.6069 0.6358 0.7195 0.7993 0.831 0.8521 0.8921 
Kmeans with centroids: 150
Base vector - centroid distance
62151.5 60245.1 59505.6 59124.1 58894.1 58739.2 58641.7 58540 58457.1 58392.8 58341.2 58306.9 58276.6 58250.5 58224.6 58201.4 58185.7 58173.7 58164.5 58154.4 58147.1 58139.7 58132.9 58126.9 58121.6 58118 58116.5 58115 58114.5 58113.4 58112.6 58112 58111.8 58111.8 58111.8 58111.8 58111.8 58111.8 58111.8 58111.8 58111.8 58111.8 58111.8 58111.8 58111.8 58111.8 58111.8 58111.8 58111.8 58111.8 
Compression Loss distance
11903.5 11212.6 10888.3 10699.5 10577.5 10490.9 10426.8 10379.3 10340.6 10311.2 10287.3 10268 10251.8 10237.9 10225.7 10215.4 10206.7 10198.7 10191.6 10185.7 10180.9 10177 10173.5 10170.3 10167 10164.7 10162.7 10160.9 10159.4 10158.1 10157 10155.9 10155 10154.3 10153.7 10153.1 10152.6 10152 10151.7 10151.4 10151.2 10151 10150.8 10150.7 10150.5 10150.2 10149.8 10149.6 10149.4 10149.1 
result for recall@ 1
64 833 1609 2178 2806 3507 4217 4755 5391 6017 6665 7315 8133 8845 9412 10000 
0.02 0.06 0.13 0.21 0.24 0.27 0.35 0.41 0.46 0.47 0.51 0.55 0.58 0.65 0.68 0.71 
result for recall@ 10
128 1666 3218 4356 5612 7014 8434 9510 10782 12034 13330 14630 16266 17690 18824 20000 
0.015 0.092 0.157 0.21 0.249 0.302 0.392 0.442 0.509 0.576 0.623 0.677 0.721 0.784 0.807 0.838 
result for recall@ 100
192 2499 4827 6534 8418 10521 12651 14265 16173 18051 19995 21945 24399 26535 28236 30000 
0.0126 0.1102 0.2002 0.244 0.307 0.3779 0.4677 0.5216 0.5777 0.657 0.7041 0.7585 0.8034 0.8463 0.8674 0.8877 
Kmeans with centroids: 160
Base vector - centroid distance
61854.2 59977.8 59182.1 58712.1 58417.6 58232 58110.4 58016 57940.7 57878.1 57828.3 57779.7 57740.5 57699.5 57656.8 57618.5 57586 57562.8 57541.9 57523 57509.3 57502 57499.7 57498.4 57497.9 57497.1 57496.4 57496.4 57496.4 57496.4 57496.4 57496.4 57496.4 57496.4 57496.4 57496.4 57496.4 57496.4 57496.4 57496.4 57496.4 57496.4 57496.4 57496.4 57496.4 57496.4 57496.4 57496.4 57496.4 57496.4 
Compression Loss distance
11823 11132.1 10812.6 10624.5 10500 10412.7 10348.2 10299.4 10261.7 10232.5 10208.3 10188.7 10172.1 10158.3 10146.7 10136.4 10127.3 10119.2 10113.3 10108.3 10104 10100.3 10096.9 10093.7 10090.9 10088.6 10086.5 10084.5 10082.7 10081.3 10080.2 10078.9 10077.9 10076.9 10075.9 10074.9 10073.9 10073 10072.3 10071.8 10071.4 10070.9 10070.6 10070.3 10069.9 10069.6 10069.4 10069.2 10069.1 10068.9 
result for recall@ 1
57 697 1349 1953 2596 3137 3657 4331 5093 5673 6322 6975 7381 7959 8636 9301 10000 
0.01 0.07 0.17 0.21 0.24 0.27 0.29 0.34 0.37 0.39 0.46 0.5 0.51 0.53 0.59 0.66 0.74 
result for recall@ 10
114 1394 2698 3906 5192 6274 7314 8662 10186 11346 12644 13950 14762 15918 17272 18602 20000 
0.008 0.092 0.207 0.269 0.299 0.335 0.373 0.415 0.449 0.472 0.542 0.581 0.603 0.631 0.695 0.756 0.826 
result for recall@ 100
171 2091 4047 5859 7788 9411 10971 12993 15279 17019 18966 20925 22143 23877 25908 27903 30000 
0.0084 0.1057 0.2168 0.2908 0.3403 0.3807 0.4173 0.4731 0.517 0.5428 0.6007 0.6613 0.686 0.7096 0.7637 0.8128 0.8877 
Kmeans with centroids: 170
Base vector - centroid distance
61290.9 59362.6 58563.3 58098.7 57811.8 57635.1 57523.3 57444.4 57376.1 57325.4 57288.4 57255.9 57237.8 57226.1 57218.7 57213.9 57212 57209.2 57205.9 57202.5 57200.1 57199.4 57199.4 57199.4 57199.4 57199.4 57199.4 57199.4 57199.4 57199.4 57199.4 57199.4 57199.4 57199.4 57199.4 57199.4 57199.4 57199.4 57199.4 57199.4 57199.4 57199.4 57199.4 57199.4 57199.4 57199.4 57199.4 57199.4 57199.4 57199.4 
Compression Loss distance
11805 11127.9 10808.7 10618.8 10498.2 10410.7 10347.1 10299.8 10261.5 10230 10204.6 10184.3 10167.2 10153 10141.1 10131 10123.2 10116.8 10112 10107.5 10103.3 10099.7 10096.5 10093.5 10090.9 10088.3 10085.9 10083.6 10081.8 10080.3 10079 10077.9 10077 10076 10075.3 10074.8 10074.3 10073.9 10073.7 10073.5 10073.3 10073.1 10073.1 10073 10073 10072.9 10072.8 10072.7 10072.6 10072.5 
result for recall@ 1
65 441 873 1477 1955 2612 3298 4091 4714 5219 5749 6230 6789 7404 8065 8759 9357 10000 
0.02 0.02 0.05 0.11 0.12 0.18 0.19 0.28 0.34 0.36 0.4 0.43 0.44 0.51 0.53 0.61 0.69 0.7 
result for recall@ 10
130 882 1746 2954 3910 5224 6596 8182 9428 10438 11498 12460 13578 14808 16130 17518 18714 20000 
0.015 0.035 0.081 0.146 0.177 0.258 0.306 0.378 0.439 0.479 0.532 0.575 0.605 0.67 0.682 0.743 0.792 0.837 
result for recall@ 100
195 1323 2619 4431 5865 7836 9894 12273 14142 15657 17247 18690 20367 22212 24195 26277 28071 30000 
0.01 0.0323 0.0776 0.1442 0.1747 0.2725 0.3292 0.4202 0.4935 0.5336 0.5693 0.6104 0.6447 0.6993 0.7278 0.7766 0.8216 0.8934 
Kmeans with centroids: 180
Base vector - centroid distance
60676.9 58745.2 57942.3 57525.3 57281.1 57109.4 56984.1 56880.9 56814.6 56766.1 56721.8 56685.1 56660 56637.9 56614.8 56589.2 56568.7 56552.4 56537.7 56524.1 56516.8 56511 56505 56499 56493 56486.7 56480.3 56476 56471.3 56468.8 56466.8 56464.8 56463.7 56462.7 56462.1 56462.1 56462.1 56462.1 56462.1 56462.1 56462.1 56462.1 56462.1 56462.1 56462.1 56462.1 56462.1 56462.1 56462.1 56462.1 
Compression Loss distance
11741.9 11050.9 10733.2 10546.1 10424.5 10337 10271.4 10222.5 10184.5 10153.8 10128.2 10106.8 10089.7 10075.9 10064.1 10053.5 10044.3 10036.5 10030.1 10024.2 10019.4 10015.6 10011.9 10009 10006.3 10003.6 10001.5 9999.71 9998.17 9996.83 9995.86 9995.04 9994.5 9994.05 9993.63 9993.13 9992.74 9992.22 9991.76 9991.39 9990.92 9990.44 9990.1 9989.82 9989.57 9989.33 9989.22 9989 9988.83 9988.67 
result for recall@ 1
79 664 1232 1731 2266 2941 3553 4090 4697 5240 5859 6357 6979 7540 8041 8461 8992 9472 10000 
0.02 0.04 0.11 0.17 0.2 0.23 0.25 0.29 0.34 0.35 0.38 0.49 0.53 0.56 0.6 0.65 0.67 0.69 0.7 
result for recall@ 10
158 1328 2464 3462 4532 5882 7106 8180 9394 10480 11718 12714 13958 15080 16082 16922 17984 18944 20000 
0.017 0.075 0.14 0.195 0.235 0.311 0.349 0.397 0.452 0.467 0.526 0.585 0.636 0.655 0.698 0.764 0.788 0.806 0.823 
result for recall@ 100
237 1992 3696 5193 6798 8823 10659 12270 14091 15720 17577 19071 20937 22620 24123 25383 26976 28416 30000 
0.0143 0.1074 0.1775 0.2196 0.2681 0.3676 0.4167 0.4626 0.5264 0.5514 0.6244 0.6676 0.716 0.7407 0.7824 0.818 0.8461 0.8662 0.8863 
Kmeans with centroids: 190
Base vector - centroid distance
60167.6 58258.8 57513.7 57125.8 56881.4 56715.8 56600.4 56523.1 56470.5 56434 56404.1 56384.7 56362.8 56340.7 56323 56307.3 56292.7 56278.7 56268.9 56261 56255.3 56252.2 56248.9 56244.6 56241.8 56237.1 56226.9 56217 56204.2 56196 56190.3 56186.3 56181.9 56177.8 56175.1 56171.5 56168 56166.6 56165.7 56164.8 56164.2 56163.9 56163.9 56163.9 56163.9 56163.9 56163.9 56163.9 56163.9 56163.9 
Compression Loss distance
11649.4 10986.1 10677.2 10498.4 10382.2 10300.6 10239.1 10191.9 10155.8 10128.5 10106.2 10086.9 10071.7 10058.8 10047.7 10037.6 10028.8 10021.8 10015.3 10009.5 10004.5 9999.9 9995.81 9992.51 9989.6 9987.17 9985.12 9983.16 9981.15 9979.54 9978.38 9977.19 9976.13 9975.25 9974.34 9973.35 9972.54 9971.86 9971.32 9970.83 9970.53 9970.22 9969.96 9969.68 9969.47 9969.29 9969.14 9968.89 9968.58 9968.33 
result for recall@ 1
30 605 1222 1735 2290 2877 3320 3760 4377 4872 5257 5762 6196 6779 7410 7907 8397 8982 9444 10000 
0 0.05 0.11 0.15 0.23 0.29 0.32 0.34 0.37 0.4 0.42 0.46 0.47 0.5 0.52 0.57 0.6 0.63 0.66 0.69 
result for recall@ 10
60 1210 2444 3470 4580 5754 6640 7520 8754 9744 10514 11524 12392 13558 14820 15814 16794 17964 18888 20000 
0 0.064 0.127 0.192 0.262 0.324 0.358 0.379 0.439 0.491 0.509 0.553 0.581 0.61 0.655 0.693 0.713 0.76 0.778 0.834 
result for recall@ 100
90 1815 3666 5205 6870 8631 9960 11280 13131 14616 15771 17286 18588 20337 22230 23721 25191 26946 28332 30000 
0.0001 0.0758 0.1311 0.1979 0.2743 0.3499 0.3825 0.4086 0.4852 0.519 0.5464 0.5909 0.6214 0.666 0.7394 0.7663 0.784 0.8299 0.8419 0.893 
Kmeans with centroids: 200
Base vector - centroid distance
59956.6 58086.8 57259.8 56781.9 56513.7 56314.7 56176.9 56063.9 55981 55916.5 55868.4 55836.8 55819 55805.3 55792 55777.8 55763.7 55751.8 55741.8 55734.8 55729.9 55724.3 55719.2 55716.3 55714.2 55713.4 55713.4 55713.4 55713.4 55713.4 55713.4 55713.4 55713.4 55713.4 55713.4 55713.4 55713.4 55713.4 55713.4 55713.4 55713.4 55713.4 55713.4 55713.4 55713.4 55713.4 55713.4 55713.4 55713.4 55713.4 
Compression Loss distance
11611.4 10957.5 10649.5 10467.1 10345.6 10256.2 10188.5 10137.6 10098.4 10069.5 10047.1 10028.2 10012 9998.92 9988.49 9979.4 9971.51 9964.77 9959.16 9954.32 9950.41 9946.68 9943.23 9940.03 9937.06 9934.22 9931.24 9929 9927.19 9925.86 9924.71 9923.74 9922.69 9921.78 9920.96 9920.33 9919.62 9918.74 9918.03 9917.39 9916.77 9916.2 9915.9 9915.67 9915.5 9915.39 9915.26 9915.17 9915.05 9914.97 
result for recall@ 1
17 497 927 1404 1819 2312 2832 3368 3904 4622 4963 5476 6112 6564 7008 7463 8026 8477 8930 9439 10000 
0 0.01 0.04 0.09 0.13 0.2 0.25 0.31 0.36 0.42 0.45 0.46 0.47 0.48 0.52 0.53 0.55 0.57 0.58 0.65 0.68 
result for recall@ 10
34 994 1854 2808 3638 4624 5664 6736 7808 9244 9926 10952 12224 13128 14016 14926 16052 16954 17860 18878 20000 
0.002 0.032 0.081 0.135 0.157 0.234 0.296 0.35 0.406 0.524 0.554 0.575 0.616 0.632 0.66 0.694 0.735 0.76 0.771 0.804 0.834 
result for recall@ 100
51 1491 2781 4212 5457 6936 8496 10104 11712 13866 14889 16428 18336 19692 21024 22389 24078 25431 26790 28317 30000 
0.0012 0.0383 0.0869 0.1369 0.1639 0.2341 0.2855 0.3472 0.4193 0.5506 0.5717 0.6041 0.6629 0.686 0.7095 0.7359 0.7774 0.8076 0.8216 0.8521 0.8846 
