Kmeans with centroids: 100
Base vector - centroid distance
67414.1 65358.1 64597.2 64232.3 64013.2 63844 63706.4 63598.7 63514.9 63452.9 63400.2 63355.2 63316.2 63285.1 63260.8 63239.2 63219.1 63200.1 63183.3 63167.7 63153 63137.2 63124.1 63112 63100.9 63091 63081.7 63072.9 63065.3 63058.6 63051.6 63045.4 63040.3 63033.6 63029 63024.5 63021.1 63017.4 63014 63011 
Compression Loss distance
12041.2 11439 11157.4 10992.3 10883.2 10806.3 10749.1 10705.1 10669.7 10640.3 10615.3 10594.5 10576.5 10560.6 10546.1 10533.8 10522.6 10512.3 10503.9 10495.6 10488.5 10482 10476 10470.7 10465.4 10460.4 10455.7 10451.2 10447.3 10443.7 10440.2 10436.9 10433.8 10431.3 10428.4 10425.5 10423 10420.8 10418.7 10416.7 
result for recall@ 1
10819 117327 221575 322908 419608 499414 581445 674477 773337 882071 1.00002e+06 
0.3402 0.4519 0.4523 0.4523 0.4523 0.4523 0.4523 0.4523 0.4523 0.4523 0.4523 
result for recall@ 10
10819 117327 221575 322908 419608 499414 581445 674477 773337 882071 1.00002e+06 
0.41284 0.55187 0.5528 0.55285 0.55285 0.55285 0.55285 0.55285 0.55285 0.55285 0.55285 
result for recall@ 100
10819 117327 221575 322908 419608 499414 581445 674477 773337 882071 1.00002e+06 
0.43544 0.629842 0.632033 0.632158 0.632167 0.632167 0.632167 0.632167 0.632167 0.632167 0.632167 
Kmeans with centroids: 150
Base vector - centroid distance
64346.8 62572.1 61846.9 61453.1 61195.9 61030 60918.6 60840.1 60779 60732.7 60694.1 60660.6 60634.4 60609 60587.5 60568.1 60551.7 60536.7 60522.4 60508.8 60496.8 60483.8 60473.3 60463.2 60454.8 60447.3 60439.4 60431.1 60424.2 60418.3 60412.8 60408.1 60402.9 60399.5 60395.6 60393.1 60389.5 60387.5 60384.3 60382.4 
Compression Loss distance
11713.7 11150.4 10892.6 10742.7 10644.7 10574.8 10522 10480.2 10446.9 10419.7 10397.2 10378.2 10361 10346.7 10333.9 10322.9 10313.1 10304.4 10296.3 10289.1 10282.8 10276.6 10270.8 10265.5 10260.9 10256.6 10252.8 10249.2 10246 10243.1 10240.3 10237.4 10234.9 10232.4 10230.2 10228 10225.7 10223.5 10221.5 10219.7 
result for recall@ 1
7159 77868 146974 214824 281098 345539 408105 470266 530517 588684 648196 710196 775149 844622 920336 1.00002e+06 
0.3325 0.4557 0.4564 0.4564 0.4564 0.4564 0.4564 0.4564 0.4564 0.4564 0.4564 0.4564 0.4564 0.4564 0.4564 0.4564 
result for recall@ 10
7159 77868 146974 214824 281098 345539 408105 470266 530517 588684 648196 710196 775149 844622 920336 1.00002e+06 
0.39859 0.55714 0.55892 0.55917 0.55921 0.55921 0.55921 0.55921 0.55921 0.55921 0.55921 0.55921 0.55921 0.55921 0.55921 0.55921 
result for recall@ 100
7159 77868 146974 214824 281098 345539 408105 470266 530517 588684 648196 710196 775149 844622 920336 1.00002e+06 
0.41166 0.63084 0.635028 0.63547 0.635524 0.635536 0.635537 0.635537 0.635537 0.635537 0.635537 0.635537 0.635537 0.635537 0.635537 0.635537 
Kmeans with centroids: 200
Base vector - centroid distance
62731.4 60881.4 60188.2 59806.4 59581.8 59437.3 59333.2 59259.8 59199.6 59151.5 59111.3 59076.2 59047.3 59022.5 59001.8 58982.5 58965.6 58951.3 58937.3 58925 58912.5 58902.1 58892.7 58884.7 58876.4 58869.1 58862.6 58854.4 58848.2 58842.4 58837.3 58831.5 58825.7 58820.6 58817.4 58812.9 58809.2 58805 58801.9 58799.6 
Compression Loss distance
11559 11007.4 10751.9 10601.3 10500.7 10429.4 10375.3 10333.6 10300 10272.6 10249.4 10230.4 10214.3 10200.2 10187.8 10177.4 10168.1 10159.7 10152.1 10145.4 10139.4 10134 10129.6 10125.2 10121.1 10117.5 10114 10110.7 10107.8 10104.9 10102.4 10100.2 10097.6 10095.4 10093.3 10091.3 10089.3 10087.3 10085.3 10083.6 
result for recall@ 1
5345 58271 110381 161895 212930 263421 313112 361670 408943 455370 498974 542520 586589 631508 677677 725021 773737 824855 879139 937480 1.00002e+06 
0.3238 0.4581 0.46 0.4604 0.4605 0.4606 0.4606 0.4606 0.4606 0.4606 0.4606 0.4606 0.4606 0.4606 0.4606 0.4606 0.4606 0.4606 0.4606 0.4606 0.4606 
result for recall@ 10
5345 58271 110381 161895 212930 263421 313112 361670 408943 455370 498974 542520 586589 631508 677677 725021 773737 824855 879139 937480 1.00002e+06 
0.3854 0.55698 0.55983 0.56029 0.5603 0.56032 0.56032 0.56032 0.56032 0.56032 0.56032 0.56032 0.56032 0.56032 0.56032 0.56032 0.56032 0.56032 0.56032 0.56032 0.56032 
result for recall@ 100
5345 58271 110381 161895 212930 263421 313112 361670 408943 455370 498974 542520 586589 631508 677677 725021 773737 824855 879139 937480 1.00002e+06 
0.389042 0.62942 0.635801 0.636734 0.636891 0.636931 0.636941 0.636943 0.636944 0.636944 0.636944 0.636945 0.636945 0.636945 0.636945 0.636945 0.636945 0.636945 0.636945 0.636945 0.636945 
Kmeans with centroids: 250
Base vector - centroid distance
61140.3 59508.7 58889.3 58560.2 58355 58216.4 58113 58036.3 57976.3 57927.3 57889.2 57854.8 57826.6 57803.6 57783.4 57765.6 57750.8 57738.3 57725 57714.7 57704.9 57695.7 57687.2 57679.4 57671.3 57664.5 57658.7 57652.9 57647.4 57642.2 57637.3 57632.9 57627.5 57622.6 57617.9 57614 57610.8 57606.9 57603.1 57599.7 
Compression Loss distance
11398.2 10870.4 10625.6 10482.4 10388 10319.6 10267.8 10226.5 10193 10166.3 10143.9 10125.5 10109.6 10096.2 10084.5 10074.2 10065.1 10056.9 10049.4 10042.5 10036.1 10030.4 10025 10020.1 10015.9 10012 10007.9 10004.3 10000.8 9997.56 9994.49 9991.63 9988.93 9986.36 9984.08 9981.7 9979.8 9977.85 9976.25 9974.52 
result for recall@ 1
4328 47132 89219 130760 171881 212561 252674 292243 331161 369202 406543 443728 481106 516295 550526 585027 620269 656189 692903 730494 769464 810331 853301 899078 947817 1.00002e+06 
0.314 0.4549 0.4587 0.4586 0.4585 0.4585 0.4585 0.4585 0.4585 0.4585 0.4585 0.4585 0.4585 0.4585 0.4585 0.4585 0.4585 0.4585 0.4585 0.4585 0.4585 0.4585 0.4585 0.4585 0.4585 0.4585 
result for recall@ 10
4328 47132 89219 130760 171881 212561 252674 292243 331161 369202 406543 443728 481106 516295 550526 585027 620269 656189 692903 730494 769464 810331 853301 899078 947817 1.00002e+06 
0.37511 0.55839 0.56247 0.56317 0.56321 0.56323 0.56323 0.56323 0.56323 0.56323 0.56323 0.56323 0.56323 0.56323 0.56323 0.56323 0.56323 0.56323 0.56323 0.56323 0.56323 0.56323 0.56323 0.56323 0.56323 0.56323 
result for recall@ 100
4328 47132 89219 130760 171881 212561 252674 292243 331161 369202 406543 443728 481106 516295 550526 585027 620269 656189 692903 730494 769464 810331 853301 899078 947817 1.00002e+06 
0.375963 0.629192 0.637841 0.639187 0.639467 0.639544 0.639563 0.639565 0.639566 0.639568 0.639568 0.639567 0.639567 0.639567 0.639567 0.639567 0.639567 0.639567 0.639567 0.639567 0.639567 0.639567 0.639567 0.639567 0.639567 0.639567 
Kmeans with centroids: 300
Base vector - centroid distance
60203 58596.5 57964.7 57625.5 57411.5 57261.9 57149.2 57059.8 56990.6 56935.9 56892.1 56855.1 56823.8 56797.4 56776.1 56757.1 56740 56725 56711.7 56700 56688.4 56677.6 56668.4 56659 56651 56643 56635.3 56628.1 56620.7 56615.1 56609.8 56604.3 56599 56593.2 56587.3 56582.2 56577.5 56573.3 56569.6 56566.4 
Compression Loss distance
11320.8 10782.7 10530.3 10380.7 10281.8 10213.1 10161.7 10121.9 10090 10063.6 10041.5 10022.7 10006.7 9993.4 9981.49 9971.24 9962.13 9954.06 9947.04 9940.54 9934.65 9929.21 9924.28 9919.83 9915.69 9911.86 9908.28 9904.71 9901.55 9898.52 9895.85 9893.22 9890.86 9888.84 9886.9 9884.69 9882.86 9880.89 9878.98 9877.31 
result for recall@ 1
3599 39287 74522 109298 143738 177876 211660 245123 278301 311008 343052 374534 405540 436361 467675 498179 527476 556279 585365 614784 644692 675000 705834 737350 769815 803710 839209 876422 915254 955892 1.00002e+06 
0.3205 0.4656 0.4676 0.4681 0.4683 0.4684 0.4684 0.4684 0.4684 0.4684 0.4684 0.4684 0.4684 0.4684 0.4684 0.4684 0.4684 0.4684 0.4684 0.4684 0.4684 0.4684 0.4684 0.4684 0.4684 0.4684 0.4684 0.4684 0.4684 0.4684 0.4684 
result for recall@ 10
3599 39287 74522 109298 143738 177876 211660 245123 278301 311008 343052 374534 405540 436361 467675 498179 527476 556279 585365 614784 644692 675000 705834 737350 769815 803710 839209 876422 915254 955892 1.00002e+06 
0.36857 0.56156 0.56613 0.56676 0.56695 0.56701 0.56703 0.56703 0.56703 0.56704 0.56704 0.56704 0.56704 0.56704 0.56704 0.56704 0.56704 0.56704 0.56704 0.56704 0.56704 0.56704 0.56704 0.56704 0.56704 0.56704 0.56704 0.56704 0.56704 0.56704 0.56704 
result for recall@ 100
3599 39287 74522 109298 143738 177876 211660 245123 278301 311008 343052 374534 405540 436361 467675 498179 527476 556279 585365 614784 644692 675000 705834 737350 769815 803710 839209 876422 915254 955892 1.00002e+06 
0.366777 0.628274 0.638278 0.640082 0.640529 0.640674 0.640701 0.640706 0.64072 0.640725 0.640725 0.640725 0.640726 0.640726 0.640726 0.640726 0.640726 0.640726 0.640726 0.640726 0.640726 0.640726 0.640726 0.640726 0.640726 0.640726 0.640726 0.640726 0.640726 0.640726 0.640726 
Kmeans with centroids: 350
Base vector - centroid distance
59425.9 57843.4 57213.3 56874.9 56662.4 56511.6 56401 56315.3 56249.2 56196.9 56153.1 56117.3 56085.4 56053.9 56026.8 56002.1 55979.9 55960.3 55943.4 55927.7 55913.8 55902.9 55893.8 55885.6 55876.7 55868.4 55861.9 55855.6 55849 55842.4 55837.1 55832 55826.4 55822.9 55818.2 55813.1 55809.3 55805.9 55802.6 55799.3 
Compression Loss distance
11236.6 10695 10442.9 10295.7 10199.3 10131.3 10080.7 10041.2 10010.4 9985.56 9965.47 9947.95 9933.29 9920.54 9909.63 9899.36 9890.8 9882.85 9875.87 9869.46 9863.42 9858.06 9853.15 9848.61 9844.3 9840.4 9836.78 9833.44 9830.39 9827.66 9825 9822.33 9819.78 9817.57 9815.45 9813.23 9811.18 9809.32 9807.32 9805.64 
result for recall@ 1
3070 33474 63467 93127 122545 151847 180931 209912 238689 267249 295576 323570 351008 378084 405139 432050 458748 483459 507946 532955 557901 583128 608595 634438 660550 687038 713973 741464 769586 798494 828512 859748 892257 926069 961420 1.00002e+06 
0.3117 0.4679 0.4722 0.4725 0.4728 0.4728 0.4728 0.4728 0.4728 0.4728 0.4728 0.4728 0.4728 0.4728 0.4728 0.4728 0.4728 0.4728 0.4728 0.4728 0.4728 0.4728 0.4728 0.4728 0.4728 0.4728 0.4728 0.4728 0.4728 0.4728 0.4728 0.4728 0.4728 0.4728 0.4728 0.4728 
result for recall@ 10
3070 33474 63467 93127 122545 151847 180931 209912 238689 267249 295576 323570 351008 378084 405139 432050 458748 483459 507946 532955 557901 583128 608595 634438 660550 687038 713973 741464 769586 798494 828512 859748 892257 926069 961420 1.00002e+06 
0.36125 0.55917 0.5653 0.56614 0.56656 0.56665 0.56668 0.56668 0.56668 0.56668 0.56668 0.56669 0.56669 0.56669 0.56669 0.56669 0.56669 0.56669 0.56669 0.56669 0.56669 0.56669 0.56669 0.56669 0.56669 0.56669 0.56669 0.56669 0.56669 0.56669 0.56669 0.56669 0.56669 0.56669 0.56669 0.56669 
result for recall@ 100
3070 33474 63467 93127 122545 151847 180931 209912 238689 267249 295576 323570 351008 378084 405139 432050 458748 483459 507946 532955 557901 583128 608595 634438 660550 687038 713973 741464 769586 798494 828512 859748 892257 926069 961420 1.00002e+06 
0.354943 0.626408 0.638612 0.641002 0.641703 0.641934 0.64201 0.642031 0.642036 0.642037 0.64204 0.642042 0.642042 0.642041 0.642042 0.642042 0.642042 0.642042 0.642042 0.642042 0.642042 0.642042 0.642042 0.642042 0.642042 0.642042 0.642042 0.642042 0.642042 0.642042 0.642042 0.642042 0.642042 0.642042 0.642042 0.642042 
Kmeans with centroids: 400
Base vector - centroid distance
58724.7 57132.3 56532.7 56194.2 55976.2 55830.2 55724.8 55641.6 55572.7 55515.8 55466.7 55425.1 55387.3 55355.7 55327.3 55302.3 55278.9 55258.5 55242.2 55227.1 55212.6 55201 55190.6 55180 55171.8 55162.8 55154 55146.4 55139.1 55132.7 55126.4 55120.6 55115 55109.7 55104.5 55099.4 55094.6 55089.5 55084.2 55080.5 
Compression Loss distance
11099.5 10587.2 10348.6 10208.7 10117.3 10051.9 10002.9 9965.32 9935.01 9909.99 9888.53 9871.05 9855.84 9842.23 9830.62 9820.4 9811.51 9803.52 9796.54 9790.32 9785.01 9779.69 9774.66 9770.35 9766.38 9762.47 9758.76 9755.45 9752.41 9749.7 9747.02 9744.38 9741.75 9739.51 9737.14 9734.91 9733.06 9731.34 9729.61 9728 
result for recall@ 1
2697 29430 55861 82032 107988 133770 159404 184933 210287 235458 260418 285208 309703 333934 357796 381316 404581 427585 450639 473975 497395 518895 540215 561711 583507 605573 627827 650304 673033 696111 719587 743509 767994 793060 819002 845976 873962 902980 932965 964710 1.00002e+06 
0.3075 0.4586 0.4629 0.4637 0.4638 0.4639 0.4639 0.4639 0.4639 0.4639 0.4639 0.4639 0.4639 0.4639 0.4639 0.4639 0.4639 0.4639 0.4639 0.4639 0.4639 0.4639 0.4639 0.4639 0.4639 0.4639 0.4639 0.4639 0.4639 0.4639 0.4639 0.4639 0.4639 0.4639 0.4639 0.4639 0.4639 0.4639 0.4639 0.4639 0.4639 
result for recall@ 10
2697 29430 55861 82032 107988 133770 159404 184933 210287 235458 260418 285208 309703 333934 357796 381316 404581 427585 450639 473975 497395 518895 540215 561711 583507 605573 627827 650304 673033 696111 719587 743509 767994 793060 819002 845976 873962 902980 932965 964710 1.00002e+06 
0.35561 0.55981 0.56671 0.56764 0.56794 0.56809 0.56812 0.56812 0.56813 0.56813 0.56813 0.56813 0.56813 0.56813 0.56813 0.56813 0.56813 0.56813 0.56813 0.56813 0.56813 0.56813 0.56813 0.56813 0.56813 0.56813 0.56813 0.56813 0.56813 0.56813 0.56813 0.56813 0.56813 0.56813 0.56813 0.56813 0.56813 0.56813 0.56813 0.56813 0.56813 
result for recall@ 100
2697 29430 55861 82032 107988 133770 159404 184933 210287 235458 260418 285208 309703 333934 357796 381316 404581 427585 450639 473975 497395 518895 540215 561711 583507 605573 627827 650304 673033 696111 719587 743509 767994 793060 819002 845976 873962 902980 932965 964710 1.00002e+06 
0.347189 0.62532 0.639035 0.641807 0.642638 0.64294 0.643013 0.643059 0.643075 0.643085 0.643088 0.643089 0.64309 0.643093 0.643093 0.643093 0.643094 0.643094 0.643094 0.643094 0.643094 0.643094 0.643094 0.643094 0.643094 0.643094 0.643094 0.643094 0.643094 0.643094 0.643094 0.643094 0.643094 0.643094 0.643094 0.643094 0.643094 0.643094 0.643094 0.643094 0.643094 
Kmeans with centroids: 450
Base vector - centroid distance
58117 56482.8 55872.9 55555.5 55350.7 55206.8 55102.2 55019.4 54954.1 54900.3 54856.8 54819.3 54785.3 54755.4 54730.1 54708.9 54688.3 54669.4 54651.8 54635.4 54620.8 54607.8 54596.1 54585.3 54575.7 54565.9 54557.8 54549.3 54542.8 54536.4 54529.6 54522.9 54518 54513 54508.6 54503.9 54499.2 54494.3 54490.3 54486.7 
Compression Loss distance
11074.4 10552.9 10309.8 10166.6 10070.9 10002.6 9952.06 9912.42 9881.12 9855.6 9834.43 9816.59 9801.64 9788.8 9777.47 9767.59 9758.48 9750.57 9743.61 9736.56 9730.78 9725.52 9720.54 9715.62 9711.37 9707.42 9703.42 9699.79 9696.65 9693.73 9690.85 9688.19 9685.68 9683.31 9681.25 9678.97 9677.09 9675.4 9673.57 9671.83 
result for recall@ 1
2406 26426 50077 73486 96695 119714 142597 165353 187945 210403 232718 254824 276768 298435 319845 341007 361941 382602 403143 423638 444197 464888 485138 504902 524455 543586 562706 582012 601510 621253 641195 661381 681760 702401 723304 744476 765980 787927 810517 833953 858620 884551 911548 939292 968160 1.00002e+06 
0.2952 0.4623 0.4666 0.4674 0.4676 0.4677 0.4677 0.4677 0.4677 0.4677 0.4677 0.4677 0.4677 0.4677 0.4677 0.4677 0.4677 0.4677 0.4677 0.4677 0.4677 0.4677 0.4677 0.4677 0.4677 0.4677 0.4677 0.4677 0.4677 0.4677 0.4677 0.4677 0.4677 0.4677 0.4677 0.4677 0.4677 0.4677 0.4677 0.4677 0.4677 0.4677 0.4677 0.4677 0.4677 0.4677 
result for recall@ 10
2406 26426 50077 73486 96695 119714 142597 165353 187945 210403 232718 254824 276768 298435 319845 341007 361941 382602 403143 423638 444197 464888 485138 504902 524455 543586 562706 582012 601510 621253 641195 661381 681760 702401 723304 744476 765980 787927 810517 833953 858620 884551 911548 939292 968160 1.00002e+06 
0.35153 0.56113 0.56866 0.57009 0.57058 0.57068 0.57073 0.57076 0.57076 0.57076 0.57077 0.57078 0.57077 0.57077 0.57077 0.57077 0.57077 0.57077 0.57077 0.57077 0.57077 0.57077 0.57077 0.57077 0.57077 0.57077 0.57077 0.57077 0.57077 0.57077 0.57077 0.57077 0.57077 0.57077 0.57077 0.57077 0.57077 0.57077 0.57077 0.57077 0.57077 0.57077 0.57077 0.57077 0.57077 0.57077 
result for recall@ 100
2406 26426 50077 73486 96695 119714 142597 165353 187945 210403 232718 254824 276768 298435 319845 341007 361941 382602 403143 423638 444197 464888 485138 504902 524455 543586 562706 582012 601510 621253 641195 661381 681760 702401 723304 744476 765980 787927 810517 833953 858620 884551 911548 939292 968160 1.00002e+06 
0.338236 0.624653 0.639525 0.642782 0.643707 0.644026 0.644178 0.644246 0.644288 0.644303 0.644309 0.644312 0.644315 0.644315 0.644315 0.644314 0.644314 0.644314 0.644314 0.644314 0.644314 0.644314 0.644314 0.644314 0.644314 0.644314 0.644314 0.644314 0.644314 0.644314 0.644314 0.644314 0.644314 0.644314 0.644314 0.644314 0.644314 0.644314 0.644314 0.644314 0.644314 0.644314 0.644314 0.644314 0.644314 0.644314 
Kmeans with centroids: 500
Base vector - centroid distance
57288.7 55836.3 55263.8 54952.3 54755.6 54621.4 54521.5 54444 54381.4 54330 54287.8 54251.3 54220 54191.8 54167.8 54147.9 54127.9 54111 54095.9 54080.8 54067.8 54054.9 54043.4 54033.3 54023.2 54013.7 54005 53996.7 53988.1 53979.9 53973.1 53966.7 53959.9 53953.9 53948.1 53942.4 53937.1 53933.1 53928.4 53924.8 
Compression Loss distance
10950.6 10454.9 10223.1 10086.5 9995.55 9931.34 9882.68 9844.76 9814.99 9790.71 9770.38 9753.44 9738.55 9725.83 9714.8 9705.09 9696.63 9689.19 9682.38 9676.24 9670.7 9665.47 9660.84 9656.48 9652.46 9648.61 9644.82 9641.21 9637.99 9635.07 9632.24 9629.61 9627.27 9625.08 9623.04 9621.05 9618.98 9617.08 9615.46 9613.93 
result for recall@ 1
2161 23764 44992 66015 86878 107620 128220 148678 169052 189313 209447 229456 249379 269204 288818 308283 327508 346596 365528 384317 403006 421645 440343 459154 478171 496447 514077 531235 548361 565544 582874 600290 617854 635582 653524 671686 690086 708763 727726 746979 766538 786426 806752 827605 849139 871518 894830 919059 944194 970739 1.00002e+06 
0.2974 0.4624 0.4687 0.4691 0.4693 0.4693 0.4695 0.4695 0.4695 0.4695 0.4695 0.4695 0.4695 0.4695 0.4695 0.4695 0.4695 0.4695 0.4695 0.4695 0.4695 0.4695 0.4695 0.4695 0.4695 0.4695 0.4695 0.4695 0.4695 0.4695 0.4695 0.4695 0.4695 0.4695 0.4695 0.4695 0.4695 0.4695 0.4695 0.4695 0.4695 0.4695 0.4695 0.4695 0.4695 0.4695 0.4695 0.4695 0.4695 0.4695 0.4695 
result for recall@ 10
2161 23764 44992 66015 86878 107620 128220 148678 169052 189313 209447 229456 249379 269204 288818 308283 327508 346596 365528 384317 403006 421645 440343 459154 478171 496447 514077 531235 548361 565544 582874 600290 617854 635582 653524 671686 690086 708763 727726 746979 766538 786426 806752 827605 849139 871518 894830 919059 944194 970739 1.00002e+06 
0.34869 0.55954 0.56804 0.56931 0.56968 0.56983 0.56995 0.56998 0.56998 0.57 0.57 0.57 0.57 0.57 0.57 0.57 0.57 0.57 0.57 0.57 0.57 0.57 0.57 0.57 0.57 0.57 0.57 0.57 0.57 0.57 0.57 0.57 0.57 0.57 0.57 0.57 0.57 0.57 0.57 0.57 0.57 0.57 0.57 0.57 0.57 0.57 0.57 0.57 0.57 0.57 0.57 
result for recall@ 100
2161 23764 44992 66015 86878 107620 128220 148678 169052 189313 209447 229456 249379 269204 288818 308283 327508 346596 365528 384317 403006 421645 440343 459154 478171 496447 514077 531235 548361 565544 582874 600290 617854 635582 653524 671686 690086 708763 727726 746979 766538 786426 806752 827605 849139 871518 894830 919059 944194 970739 1.00002e+06 
0.333097 0.622397 0.63867 0.642413 0.643558 0.643997 0.644195 0.644264 0.644302 0.644323 0.644334 0.644345 0.644346 0.644346 0.644346 0.644346 0.644346 0.644346 0.644346 0.644346 0.644346 0.644346 0.644346 0.644346 0.644346 0.644346 0.644346 0.644346 0.644346 0.644346 0.644346 0.644346 0.644346 0.644346 0.644346 0.644346 0.644346 0.644346 0.644346 0.644346 0.644346 0.644346 0.644346 0.644346 0.644346 0.644346 0.644346 0.644346 0.644346 0.644346 0.644346 
Kmeans with centroids: 550
Base vector - centroid distance
57081.1 55518.6 54911.4 54581.6 54365.1 54210.9 54101.2 54014.9 53948.9 53896.3 53852.5 53816 53783.9 53755.6 53730.5 53709 53689.4 53670.2 53652.4 53636.5 53623.8 53610.5 53599.2 53587.5 53579 53571 53562.5 53554.5 53547.5 53540.1 53534.1 53527.9 53521.5 53516.2 53510 53503.4 53497.1 53490.1 53485.3 53480.9 
Compression Loss distance
10919.6 10417.3 10182.6 10044.8 9954.14 9889.45 9840.75 9802.81 9771.78 9746.39 9726 9708.74 9694.05 9681.68 9670.53 9660.85 9652.27 9644.49 9637.62 9631.53 9625.56 9619.96 9615.02 9610.74 9607 9603.26 9599.65 9596.46 9593.59 9590.79 9588.2 9585.77 9583.26 9581.21 9579.04 9577 9575.12 9573.49 9571.72 9570.13 
result for recall@ 1
1960 21542 40850 59933 78856 97628 116330 134922 153451 171911 190303 208576 226746 244811 262796 280685 298406 316001 333429 350698 367873 384919 401926 418975 436143 453301 470016 486024 502045 518163 534038 549831 565712 581622 597645 613794 630097 646547 663163 679968 696963 714181 731628 749329 767273 785527 804150 823198 842756 862953 883849 905300 927207 949844 973840 1.00002e+06 
0.3051 0.4722 0.4786 0.4798 0.4801 0.4801 0.4801 0.4802 0.4802 0.4802 0.4802 0.4802 0.4802 0.4802 0.4802 0.4802 0.4802 0.4802 0.4802 0.4802 0.4802 0.4802 0.4802 0.4802 0.4802 0.4802 0.4802 0.4802 0.4802 0.4802 0.4802 0.4802 0.4802 0.4802 0.4802 0.4802 0.4802 0.4802 0.4802 0.4802 0.4802 0.4802 0.4802 0.4802 0.4802 0.4802 0.4802 0.4802 0.4802 0.4802 0.4802 0.4802 0.4802 0.4802 0.4802 0.4802 
result for recall@ 10
1960 21542 40850 59933 78856 97628 116330 134922 153451 171911 190303 208576 226746 244811 262796 280685 298406 316001 333429 350698 367873 384919 401926 418975 436143 453301 470016 486024 502045 518163 534038 549831 565712 581622 597645 613794 630097 646547 663163 679968 696963 714181 731628 749329 767273 785527 804150 823198 842756 862953 883849 905300 927207 949844 973840 1.00002e+06 
0.34077 0.56182 0.57135 0.57331 0.57396 0.57411 0.57419 0.57427 0.57428 0.57432 0.57432 0.57432 0.57432 0.57432 0.57432 0.57432 0.57432 0.57432 0.57432 0.57432 0.57432 0.57432 0.57432 0.57432 0.57432 0.57432 0.57432 0.57432 0.57432 0.57432 0.57432 0.57432 0.57432 0.57432 0.57432 0.57432 0.57432 0.57432 0.57432 0.57432 0.57432 0.57432 0.57432 0.57432 0.57432 0.57432 0.57432 0.57432 0.57432 0.57432 0.57432 0.57432 0.57432 0.57432 0.57432 0.57432 
result for recall@ 100
1960 21542 40850 59933 78856 97628 116330 134922 153451 171911 190303 208576 226746 244811 262796 280685 298406 316001 333429 350698 367873 384919 401926 418975 436143 453301 470016 486024 502045 518163 534038 549831 565712 581622 597645 613794 630097 646547 663163 679968 696963 714181 731628 749329 767273 785527 804150 823198 842756 862953 883849 905300 927207 949844 973840 1.00002e+06 
0.325764 0.62123 0.638838 0.643031 0.644465 0.645015 0.645282 0.645394 0.645441 0.645466 0.64548 0.645487 0.645491 0.645493 0.645494 0.645494 0.645494 0.645494 0.645495 0.645495 0.645495 0.645495 0.645495 0.645495 0.645495 0.645495 0.645495 0.645495 0.645495 0.645495 0.645495 0.645495 0.645495 0.645495 0.645495 0.645495 0.645495 0.645495 0.645495 0.645495 0.645495 0.645495 0.645495 0.645495 0.645495 0.645495 0.645495 0.645495 0.645495 0.645495 0.645495 0.645495 0.645495 0.645495 0.645495 0.645495 
Kmeans with centroids: 600
Base vector - centroid distance
56355.4 54893.8 54336.6 54032.1 53836.4 53697.5 53597.1 53517.4 53454.1 53403.4 53359.6 53323.7 53294 53266.8 53242.4 53221.7 53203.4 53186.6 53170.9 53156.9 53142.9 53131.2 53120.5 53109.6 53099.5 53090.3 53081.3 53073.2 53065.8 53059.3 53053.2 53046.6 53042.5 53037.5 53033.6 53029.4 53026.4 53023.1 53019.8 53016.3 
Compression Loss distance
10823.3 10338.5 10113 9978.7 9889.49 9825.89 9778.78 9742.17 9713.28 9689.55 9669.96 9652.95 9638.46 9626.17 9615.2 9605.5 9597.15 9589.84 9583.14 9576.91 9571.43 9566.37 9561.58 9557.38 9553.48 9549.97 9546.31 9543.35 9540.37 9537.56 9535.02 9532.58 9530.22 9528.14 9526.15 9524.18 9522.41 9520.59 9518.92 9517.1 
result for recall@ 1
1796 19812 37607 55183 72650 90023 107310 124526 141664 158692 175660 192576 209376 226090 242711 259243 275687 292007 308240 324350 340314 356126 371838 387410 402896 418309 433744 449326 465086 481015 496200 510822 525104 539400 553780 568247 582846 597559 612386 627284 642280 657404 672674 688068 703612 719364 735284 751396 767736 784300 801142 818301 835837 853888 872515 891858 911806 932215 953177 975416 1.00002e+06 
0.2958 0.4607 0.4665 0.4677 0.4677 0.4678 0.4678 0.4679 0.4679 0.4679 0.4679 0.4679 0.4679 0.4679 0.4679 0.4679 0.4679 0.4679 0.4679 0.4679 0.4679 0.4679 0.4679 0.4679 0.4679 0.4679 0.4679 0.4679 0.4679 0.4679 0.4679 0.4679 0.4679 0.4679 0.4679 0.4679 0.4679 0.4679 0.4679 0.4679 0.4679 0.4679 0.4679 0.4679 0.4679 0.4679 0.4679 0.4679 0.4679 0.4679 0.4679 0.4679 0.4679 0.4679 0.4679 0.4679 0.4679 0.4679 0.4679 0.4679 0.4679 
result for recall@ 10
1796 19812 37607 55183 72650 90023 107310 124526 141664 158692 175660 192576 209376 226090 242711 259243 275687 292007 308240 324350 340314 356126 371838 387410 402896 418309 433744 449326 465086 481015 496200 510822 525104 539400 553780 568247 582846 597559 612386 627284 642280 657404 672674 688068 703612 719364 735284 751396 767736 784300 801142 818301 835837 853888 872515 891858 911806 932215 953177 975416 1.00002e+06 
0.34358 0.56145 0.57125 0.57354 0.57427 0.57453 0.57465 0.57472 0.57476 0.57476 0.57476 0.57476 0.57476 0.57476 0.57476 0.57476 0.57476 0.57476 0.57476 0.57476 0.57476 0.57476 0.57476 0.57476 0.57476 0.57476 0.57476 0.57476 0.57476 0.57476 0.57476 0.57476 0.57476 0.57476 0.57476 0.57476 0.57476 0.57476 0.57476 0.57476 0.57476 0.57476 0.57476 0.57476 0.57476 0.57476 0.57476 0.57476 0.57476 0.57476 0.57476 0.57476 0.57476 0.57476 0.57476 0.57476 0.57476 0.57476 0.57476 0.57476 0.57476 
result for recall@ 100
1796 19812 37607 55183 72650 90023 107310 124526 141664 158692 175660 192576 209376 226090 242711 259243 275687 292007 308240 324350 340314 356126 371838 387410 402896 418309 433744 449326 465086 481015 496200 510822 525104 539400 553780 568247 582846 597559 612386 627284 642280 657404 672674 688068 703612 719364 735284 751396 767736 784300 801142 818301 835837 853888 872515 891858 911806 932215 953177 975416 1.00002e+06 
0.321102 0.620605 0.639409 0.644001 0.64554 0.646164 0.646483 0.646644 0.646708 0.646743 0.646769 0.64678 0.646784 0.646786 0.646785 0.646785 0.646787 0.646787 0.646787 0.646787 0.646787 0.646787 0.646787 0.646787 0.646787 0.646787 0.646787 0.646787 0.646787 0.646787 0.646787 0.646787 0.646787 0.646787 0.646787 0.646787 0.646787 0.646787 0.646787 0.646787 0.646787 0.646787 0.646787 0.646787 0.646787 0.646787 0.646787 0.646787 0.646787 0.646787 0.646787 0.646787 0.646787 0.646787 0.646787 0.646787 0.646787 0.646787 0.646787 0.646787 0.646787 
Kmeans with centroids: 650
Base vector - centroid distance
56158.2 54624.3 54011.4 53687.1 53486.6 53349.5 53247.3 53166.7 53099.4 53045.2 53000.8 52962.1 52930.8 52902.5 52878 52857.1 52837.9 52820.6 52804.7 52790.5 52775.9 52763.3 52752.3 52741.8 52731.8 52722.8 52713.8 52705.6 52698.3 52689.7 52682.8 52676.4 52670.4 52665.3 52660.6 52655.3 52650.2 52646.1 52641.6 52637 
Compression Loss distance
10771.4 10280.1 10054.2 9923.91 9838.87 9779.15 9734.33 9699.57 9671.99 9649.17 9629.79 9613.39 9599.2 9587.24 9576.59 9567.01 9558.79 9551.79 9545.19 9539.12 9533.53 9528.48 9523.76 9519.66 9515.69 9512.22 9508.73 9505.87 9502.87 9500.21 9497.79 9495.34 9493.15 9491.13 9489.08 9487.08 9485.21 9483.5 9481.7 9479.96 
result for recall@ 1
1670 18413 34968 51364 67608 83777 99890 115895 131846 147706 163503 179254 194959 210590 226110 241560 256930 272272 287502 302640 317666 332591 347396 362058 376599 391051 405435 419777 434184 448601 462658 475676 488621 501694 514918 528260 541441 554641 567975 581450 595035 608718 622488 636330 650308 664381 678611 692939 707390 722000 736755 751659 766712 781968 797481 813321 829570 846232 863403 881101 899291 917911 936950 956540 977063 1.00002e+06 
0.2898 0.469 0.4753 0.4769 0.4776 0.4775 0.4776 0.4777 0.4776 0.4776 0.4776 0.4776 0.4776 0.4776 0.4776 0.4776 0.4776 0.4776 0.4776 0.4776 0.4776 0.4776 0.4776 0.4776 0.4776 0.4776 0.4776 0.4776 0.4776 0.4776 0.4776 0.4776 0.4776 0.4776 0.4776 0.4776 0.4776 0.4776 0.4776 0.4776 0.4776 0.4776 0.4776 0.4776 0.4776 0.4776 0.4776 0.4776 0.4776 0.4776 0.4776 0.4776 0.4776 0.4776 0.4776 0.4776 0.4776 0.4776 0.4776 0.4776 0.4776 0.4776 0.4776 0.4776 0.4776 0.4776 
result for recall@ 10
1670 18413 34968 51364 67608 83777 99890 115895 131846 147706 163503 179254 194959 210590 226110 241560 256930 272272 287502 302640 317666 332591 347396 362058 376599 391051 405435 419777 434184 448601 462658 475676 488621 501694 514918 528260 541441 554641 567975 581450 595035 608718 622488 636330 650308 664381 678611 692939 707390 722000 736755 751659 766712 781968 797481 813321 829570 846232 863403 881101 899291 917911 936950 956540 977063 1.00002e+06 
0.33648 0.56107 0.57106 0.57349 0.57409 0.57436 0.57451 0.57457 0.57458 0.57462 0.57462 0.57462 0.57463 0.57463 0.57463 0.57463 0.57463 0.57463 0.57463 0.57463 0.57463 0.57463 0.57463 0.57463 0.57463 0.57463 0.57463 0.57463 0.57463 0.57463 0.57463 0.57463 0.57463 0.57463 0.57463 0.57463 0.57463 0.57463 0.57463 0.57463 0.57463 0.57463 0.57463 0.57463 0.57463 0.57463 0.57463 0.57463 0.57463 0.57463 0.57463 0.57463 0.57463 0.57463 0.57463 0.57463 0.57463 0.57463 0.57463 0.57463 0.57463 0.57463 0.57463 0.57463 0.57463 0.57463 
result for recall@ 100
1670 18413 34968 51364 67608 83777 99890 115895 131846 147706 163503 179254 194959 210590 226110 241560 256930 272272 287502 302640 317666 332591 347396 362058 376599 391051 405435 419777 434184 448601 462658 475676 488621 501694 514918 528260 541441 554641 567975 581450 595035 608718 622488 636330 650308 664381 678611 692939 707390 722000 736755 751659 766712 781968 797481 813321 829570 846232 863403 881101 899291 917911 936950 956540 977063 1.00002e+06 
0.314594 0.61925 0.639011 0.644011 0.645787 0.646531 0.646884 0.647057 0.64716 0.6472 0.647214 0.64723 0.647235 0.647236 0.64724 0.647243 0.647244 0.647245 0.647245 0.647246 0.647246 0.647246 0.647246 0.647246 0.647246 0.647246 0.647246 0.647246 0.647246 0.647246 0.647246 0.647246 0.647246 0.647246 0.647246 0.647246 0.647246 0.647246 0.647246 0.647246 0.647246 0.647246 0.647246 0.647246 0.647246 0.647246 0.647246 0.647246 0.647246 0.647246 0.647246 0.647246 0.647246 0.647246 0.647246 0.647246 0.647246 0.647246 0.647246 0.647246 0.647246 0.647246 0.647246 0.647246 0.647246 0.647246 
Kmeans with centroids: 700
Base vector - centroid distance
55596.1 54179.4 53624.1 53319.1 53125.4 52986 52883.3 52799.2 52731.5 52674 52625.7 52584.9 52549.7 52518.8 52490.5 52464.8 52443.1 52422.5 52404.2 52388.3 52373.4 52362.1 52351 52340.7 52331 52322.8 52314.6 52307.5 52301.2 52294.3 52286.8 52281.1 52276.1 52270.4 52265.6 52261.2 52256.3 52252.1 52248.4 52246.1 
Compression Loss distance
10772.9 10268.2 10033.1 9897.86 9809.62 9746.58 9699.42 9662.26 9633 9609.28 9589.59 9572.94 9558.61 9545.94 9534.76 9525.39 9516.71 9508.77 9501.83 9495.41 9489.65 9484.38 9479.53 9475.12 9470.78 9466.75 9463.06 9459.65 9456.65 9453.82 9451.02 9448.35 9445.97 9443.9 9441.84 9439.9 9438.12 9436.34 9434.69 9433.33 
result for recall@ 1
1530 16931 32112 47146 62080 76897 91647 106346 120980 135577 150121 164621 179050 193446 207761 222008 236207 250363 264473 278533 292514 306423 320258 333982 347624 361186 374626 388038 401380 414698 428065 441468 455014 468741 482617 496265 508762 521095 533439 545790 558180 570625 583101 595619 608220 620869 633628 646468 659429 672491 685662 698953 712376 725937 739621 753464 767475 781688 796075 810690 825584 840798 856402 872481 889029 905949 923253 940990 959120 978280 1.00002e+06 
0.293 0.4656 0.4723 0.4739 0.4745 0.4747 0.4745 0.4745 0.4745 0.4745 0.4745 0.4745 0.4745 0.4745 0.4745 0.4745 0.4745 0.4745 0.4745 0.4745 0.4745 0.4745 0.4745 0.4745 0.4745 0.4745 0.4745 0.4745 0.4745 0.4745 0.4745 0.4745 0.4745 0.4745 0.4745 0.4745 0.4745 0.4745 0.4745 0.4745 0.4745 0.4745 0.4745 0.4745 0.4745 0.4745 0.4745 0.4745 0.4745 0.4745 0.4745 0.4745 0.4745 0.4745 0.4745 0.4745 0.4745 0.4745 0.4745 0.4745 0.4745 0.4745 0.4745 0.4745 0.4745 0.4745 0.4745 0.4745 0.4745 0.4745 0.4745 
result for recall@ 10
1530 16931 32112 47146 62080 76897 91647 106346 120980 135577 150121 164621 179050 193446 207761 222008 236207 250363 264473 278533 292514 306423 320258 333982 347624 361186 374626 388038 401380 414698 428065 441468 455014 468741 482617 496265 508762 521095 533439 545790 558180 570625 583101 595619 608220 620869 633628 646468 659429 672491 685662 698953 712376 725937 739621 753464 767475 781688 796075 810690 825584 840798 856402 872481 889029 905949 923253 940990 959120 978280 1.00002e+06 
0.33319 0.56067 0.57129 0.57365 0.57453 0.57488 0.57502 0.57511 0.57517 0.57519 0.5752 0.5752 0.5752 0.5752 0.5752 0.5752 0.5752 0.5752 0.5752 0.5752 0.5752 0.5752 0.5752 0.5752 0.5752 0.5752 0.5752 0.5752 0.5752 0.5752 0.5752 0.5752 0.5752 0.5752 0.5752 0.5752 0.5752 0.5752 0.5752 0.5752 0.5752 0.5752 0.5752 0.5752 0.5752 0.5752 0.5752 0.5752 0.5752 0.5752 0.5752 0.5752 0.5752 0.5752 0.5752 0.5752 0.5752 0.5752 0.5752 0.5752 0.5752 0.5752 0.5752 0.5752 0.5752 0.5752 0.5752 0.5752 0.5752 0.5752 0.5752 
result for recall@ 100
1530 16931 32112 47146 62080 76897 91647 106346 120980 135577 150121 164621 179050 193446 207761 222008 236207 250363 264473 278533 292514 306423 320258 333982 347624 361186 374626 388038 401380 414698 428065 441468 455014 468741 482617 496265 508762 521095 533439 545790 558180 570625 583101 595619 608220 620869 633628 646468 659429 672491 685662 698953 712376 725937 739621 753464 767475 781688 796075 810690 825584 840798 856402 872481 889029 905949 923253 940990 959120 978280 1.00002e+06 
0.308631 0.617794 0.638784 0.644339 0.646244 0.647094 0.647481 0.647655 0.647765 0.647825 0.647858 0.647874 0.647879 0.647882 0.647884 0.647886 0.647885 0.647885 0.647886 0.647886 0.647887 0.647887 0.647887 0.647887 0.647887 0.647887 0.647887 0.647887 0.647887 0.647887 0.647887 0.647887 0.647887 0.647887 0.647887 0.647887 0.647887 0.647887 0.647887 0.647887 0.647887 0.647887 0.647887 0.647887 0.647887 0.647887 0.647887 0.647887 0.647887 0.647887 0.647887 0.647887 0.647887 0.647887 0.647887 0.647887 0.647887 0.647887 0.647887 0.647887 0.647887 0.647887 0.647887 0.647887 0.647887 0.647887 0.647887 0.647887 0.647887 0.647887 0.647887 
Kmeans with centroids: 750
Base vector - centroid distance
55268.4 53824.9 53274.1 52969.9 52774 52637.6 52535.9 52456.4 52394 52342.2 52299.4 52262.4 52231.1 52202.6 52178.6 52156.1 52134.7 52116.8 52099 52084.3 52070.1 52057.9 52047.1 52036 52027.6 52019.2 52011.2 52004 51997.8 51991.6 51985.2 51980.2 51975.4 51969.6 51964.3 51959.9 51956.1 51953.3 51949.1 51945.9 
Compression Loss distance
10716.6 10225.6 9994.62 9860.88 9773.13 9710.66 9663.13 9626.39 9597.03 9573.16 9553.45 9536.87 9522.74 9510.75 9500.08 9490.77 9482.38 9475.16 9468.61 9462.58 9456.95 9452.12 9447.84 9444.16 9440.46 9437.37 9434.15 9431.07 9428.48 9425.7 9423.29 9421.16 9419.03 9417.02 9415.08 9413.29 9411.56 9409.94 9408.17 9406.5 
result for recall@ 1
1441 15837 30019 44060 58052 71934 85736 99482 113175 126814 140395 153938 167446 180924 194340 207737 221055 234326 247548 260695 273785 286826 299787 312651 325446 338165 350830 363442 376047 388581 401107 413648 426224 438823 451404 463833 475432 486998 498638 510367 522082 533607 545120 556650 568215 579835 591510 603238 615069 626992 638989 651097 663293 675588 688001 700497 713138 725885 738766 751792 764986 778352 791905 805698 819703 833944 848417 863178 878337 893908 909864 926232 943057 960424 978565 1.00002e+06 
0.2853 0.4596 0.4665 0.4683 0.4692 0.4692 0.4692 0.4692 0.4692 0.4692 0.4692 0.4692 0.4692 0.4692 0.4692 0.4692 0.4692 0.4692 0.4692 0.4692 0.4692 0.4692 0.4692 0.4692 0.4692 0.4692 0.4692 0.4692 0.4692 0.4692 0.4692 0.4692 0.4692 0.4692 0.4692 0.4692 0.4692 0.4692 0.4692 0.4692 0.4692 0.4692 0.4692 0.4692 0.4692 0.4692 0.4692 0.4692 0.4692 0.4692 0.4692 0.4692 0.4692 0.4692 0.4692 0.4692 0.4692 0.4692 0.4692 0.4692 0.4692 0.4692 0.4692 0.4692 0.4692 0.4692 0.4692 0.4692 0.4692 0.4692 0.4692 0.4692 0.4692 0.4692 0.4692 0.4692 
result for recall@ 10
1441 15837 30019 44060 58052 71934 85736 99482 113175 126814 140395 153938 167446 180924 194340 207737 221055 234326 247548 260695 273785 286826 299787 312651 325446 338165 350830 363442 376047 388581 401107 413648 426224 438823 451404 463833 475432 486998 498638 510367 522082 533607 545120 556650 568215 579835 591510 603238 615069 626992 638989 651097 663293 675588 688001 700497 713138 725885 738766 751792 764986 778352 791905 805698 819703 833944 848417 863178 878337 893908 909864 926232 943057 960424 978565 1.00002e+06 
0.33235 0.56085 0.57222 0.57428 0.57545 0.57578 0.57594 0.57598 0.576 0.57603 0.57608 0.57608 0.57608 0.57608 0.57608 0.57608 0.57608 0.57608 0.57608 0.57608 0.57608 0.57608 0.57608 0.57608 0.57608 0.57608 0.57608 0.57608 0.57608 0.57608 0.57608 0.57608 0.57608 0.57608 0.57608 0.57608 0.57608 0.57608 0.57608 0.57608 0.57608 0.57608 0.57608 0.57608 0.57608 0.57608 0.57608 0.57608 0.57608 0.57608 0.57608 0.57608 0.57608 0.57608 0.57608 0.57608 0.57608 0.57608 0.57608 0.57608 0.57608 0.57608 0.57608 0.57608 0.57608 0.57608 0.57608 0.57608 0.57608 0.57608 0.57608 0.57608 0.57608 0.57608 0.57608 0.57608 
result for recall@ 100
1441 15837 30019 44060 58052 71934 85736 99482 113175 126814 140395 153938 167446 180924 194340 207737 221055 234326 247548 260695 273785 286826 299787 312651 325446 338165 350830 363442 376047 388581 401107 413648 426224 438823 451404 463833 475432 486998 498638 510367 522082 533607 545120 556650 568215 579835 591510 603238 615069 626992 638989 651097 663293 675588 688001 700497 713138 725885 738766 751792 764986 778352 791905 805698 819703 833944 848417 863178 878337 893908 909864 926232 943057 960424 978565 1.00002e+06 
0.305273 0.615981 0.638272 0.644113 0.64637 0.647379 0.647856 0.648072 0.648184 0.648258 0.648292 0.648305 0.648323 0.648332 0.648338 0.648345 0.648346 0.648348 0.648348 0.648348 0.648348 0.648349 0.64835 0.64835 0.64835 0.64835 0.64835 0.64835 0.64835 0.64835 0.64835 0.64835 0.64835 0.64835 0.64835 0.64835 0.64835 0.64835 0.64835 0.64835 0.64835 0.64835 0.64835 0.64835 0.64835 0.64835 0.64835 0.64835 0.64835 0.64835 0.64835 0.64835 0.64835 0.64835 0.64835 0.64835 0.64835 0.64835 0.64835 0.64835 0.64835 0.64835 0.64835 0.64835 0.64835 0.64835 0.64835 0.64835 0.64835 0.64835 0.64835 0.64835 0.64835 0.64835 0.64835 0.64835 
Kmeans with centroids: 800
Base vector - centroid distance
54885.8 53489.2 52939.4 52632.4 52434.1 52291.7 52182.1 52097.5 52032.8 51979 51937.4 51903.6 51872.7 51846.7 51825.3 51807.3 51789.5 51774.3 51760 51747.4 51735.6 51725.5 51715.1 51704.9 51695.8 51687.5 51679.4 51672.1 51663.7 51656.2 51648.5 51643 51637.1 51631.5 51626.8 51621.2 51617.3 51613.5 51609.9 51607.1 
Compression Loss distance
10666 10178.8 9954.45 9821.7 9734.72 9672.69 9626.43 9590.23 9561.28 9537.09 9516.95 9499.98 9485.18 9472.83 9461.79 9452.16 9443.64 9436.1 9428.81 9422.78 9417.29 9412.34 9407.98 9403.58 9399.53 9395.89 9392.54 9389.75 9386.96 9384.4 9381.95 9379.43 9377.17 9374.98 9372.97 9371.08 9369.31 9367.61 9366.12 9364.78 
result for recall@ 1
1343 14783 28050 41204 54267 67247 80157 93019 105839 118622 131373 144059 156725 169357 181964 194515 207036 219507 231932 244312 256665 268977 281231 293437 305622 317723 329756 341733 353635 365499 377292 389045 400752 412460 424198 435986 447820 459748 471807 483733 495216 506557 517425 528204 538966 549772 560645 571573 582572 593634 604749 615920 627155 638459 649822 661256 672776 684368 696054 707817 719665 731615 743664 755818 768108 780504 793051 805741 818597 831654 844966 858610 872628 886988 901648 916640 931973 947691 963808 980743 1.00002e+06 
0.2818 0.4663 0.4748 0.4761 0.4763 0.4765 0.4765 0.4764 0.4764 0.4764 0.4764 0.4764 0.4764 0.4764 0.4764 0.4764 0.4764 0.4764 0.4764 0.4764 0.4764 0.4764 0.4764 0.4764 0.4764 0.4764 0.4764 0.4764 0.4764 0.4764 0.4764 0.4764 0.4764 0.4764 0.4764 0.4764 0.4764 0.4764 0.4764 0.4764 0.4764 0.4764 0.4764 0.4764 0.4764 0.4764 0.4764 0.4764 0.4764 0.4764 0.4764 0.4764 0.4764 0.4764 0.4764 0.4764 0.4764 0.4764 0.4764 0.4764 0.4764 0.4764 0.4764 0.4764 0.4764 0.4764 0.4764 0.4764 0.4764 0.4764 0.4764 0.4764 0.4764 0.4764 0.4764 0.4764 0.4764 0.4764 0.4764 0.4764 0.4764 
result for recall@ 10
1343 14783 28050 41204 54267 67247 80157 93019 105839 118622 131373 144059 156725 169357 181964 194515 207036 219507 231932 244312 256665 268977 281231 293437 305622 317723 329756 341733 353635 365499 377292 389045 400752 412460 424198 435986 447820 459748 471807 483733 495216 506557 517425 528204 538966 549772 560645 571573 582572 593634 604749 615920 627155 638459 649822 661256 672776 684368 696054 707817 719665 731615 743664 755818 768108 780504 793051 805741 818597 831654 844966 858610 872628 886988 901648 916640 931973 947691 963808 980743 1.00002e+06 
0.32647 0.55764 0.56968 0.57231 0.57338 0.57385 0.57403 0.57411 0.57413 0.57416 0.57417 0.57418 0.57418 0.57419 0.5742 0.57421 0.57421 0.5742 0.5742 0.5742 0.5742 0.5742 0.5742 0.5742 0.5742 0.5742 0.5742 0.5742 0.5742 0.5742 0.5742 0.5742 0.5742 0.5742 0.5742 0.5742 0.5742 0.5742 0.5742 0.5742 0.5742 0.5742 0.5742 0.5742 0.5742 0.5742 0.5742 0.5742 0.5742 0.5742 0.5742 0.5742 0.5742 0.5742 0.5742 0.5742 0.5742 0.5742 0.5742 0.5742 0.5742 0.5742 0.5742 0.5742 0.5742 0.5742 0.5742 0.5742 0.5742 0.5742 0.5742 0.5742 0.5742 0.5742 0.5742 0.5742 0.5742 0.5742 0.5742 0.5742 0.5742 
result for recall@ 100
1343 14783 28050 41204 54267 67247 80157 93019 105839 118622 131373 144059 156725 169357 181964 194515 207036 219507 231932 244312 256665 268977 281231 293437 305622 317723 329756 341733 353635 365499 377292 389045 400752 412460 424198 435986 447820 459748 471807 483733 495216 506557 517425 528204 538966 549772 560645 571573 582572 593634 604749 615920 627155 638459 649822 661256 672776 684368 696054 707817 719665 731615 743664 755818 768108 780504 793051 805741 818597 831654 844966 858610 872628 886988 901648 916640 931973 947691 963808 980743 1.00002e+06 
0.300965 0.615079 0.638526 0.644836 0.647207 0.64824 0.64874 0.64894 0.649072 0.649167 0.649226 0.649261 0.649268 0.649276 0.649287 0.649293 0.649296 0.649299 0.649301 0.649302 0.649302 0.649302 0.649302 0.649302 0.649302 0.649302 0.649302 0.649302 0.649302 0.649302 0.649302 0.649302 0.649302 0.649302 0.649302 0.649302 0.649302 0.649302 0.649302 0.649302 0.649302 0.649302 0.649302 0.649302 0.649302 0.649302 0.649302 0.649302 0.649302 0.649302 0.649302 0.649302 0.649302 0.649302 0.649302 0.649302 0.649302 0.649302 0.649302 0.649302 0.649302 0.649302 0.649302 0.649302 0.649302 0.649302 0.649302 0.649302 0.649302 0.649302 0.649302 0.649302 0.649302 0.649302 0.649302 0.649302 0.649302 0.649302 0.649302 0.649302 0.649302 
Kmeans with centroids: 850
Base vector - centroid distance
54741.9 53279.1 52711.1 52405.4 52205.8 52066.5 51960.8 51878.9 51810.6 51753 51703.2 51664 51630.3 51601.7 51575.4 51552.9 51533.8 51517.2 51501.7 51487 51474.4 51462.3 51453.1 51443.2 51434 51425.8 51418.6 51410.8 51403.9 51397.7 51391.9 51386.1 51380.1 51375.2 51369.7 51364.7 51359.7 51355.7 51351.6 51347.8 
Compression Loss distance
10639.3 10148.3 9923.04 9792.27 9706.17 9644.51 9597.85 9561.73 9532.79 9509.33 9489.91 9473.45 9459.65 9447.7 9437.31 9428.06 9420.24 9413.31 9406.55 9400.72 9395.32 9390.42 9386.18 9381.95 9377.96 9374.21 9370.83 9367.7 9364.65 9361.85 9359.42 9356.91 9354.66 9352.62 9350.81 9349.09 9347.18 9345.67 9344.1 9342.55 
result for recall@ 1
1270 13984 26514 38914 51230 63474 75655 87774 99848 111878 123862 135800 147704 159561 171408 183224 195007 206746 218466 230121 241749 253334 264885 276407 287895 299329 310710 322044 333339 344587 355781 366904 377974 389044 400101 411160 422242 433387 444599 455839 466974 477500 487972 498472 508982 519259 529240 539230 549269 559371 569531 579740 590003 600327 610716 621158 631666 642218 652845 663540 674302 685156 696102 707147 718268 729509 740854 752329 763915 775655 787526 799588 811824 824276 836948 849877 863073 876585 890459 904670 919177 933979 949111 964653 981129 1.00002e+06 
0.2879 0.465 0.4741 0.4754 0.4762 0.4767 0.4771 0.4772 0.4772 0.4772 0.4772 0.4772 0.4772 0.4772 0.4772 0.4772 0.4772 0.4772 0.4772 0.4772 0.4772 0.4772 0.4772 0.4772 0.4772 0.4772 0.4772 0.4772 0.4772 0.4772 0.4772 0.4772 0.4772 0.4772 0.4772 0.4772 0.4772 0.4772 0.4772 0.4772 0.4772 0.4772 0.4772 0.4772 0.4772 0.4772 0.4772 0.4772 0.4772 0.4772 0.4772 0.4772 0.4772 0.4772 0.4772 0.4772 0.4772 0.4772 0.4772 0.4772 0.4772 0.4772 0.4772 0.4772 0.4772 0.4772 0.4772 0.4772 0.4772 0.4772 0.4772 0.4772 0.4772 0.4772 0.4772 0.4772 0.4772 0.4772 0.4772 0.4772 0.4772 0.4772 0.4772 0.4772 0.4772 0.4772 
result for recall@ 10
1270 13984 26514 38914 51230 63474 75655 87774 99848 111878 123862 135800 147704 159561 171408 183224 195007 206746 218466 230121 241749 253334 264885 276407 287895 299329 310710 322044 333339 344587 355781 366904 377974 389044 400101 411160 422242 433387 444599 455839 466974 477500 487972 498472 508982 519259 529240 539230 549269 559371 569531 579740 590003 600327 610716 621158 631666 642218 652845 663540 674302 685156 696102 707147 718268 729509 740854 752329 763915 775655 787526 799588 811824 824276 836948 849877 863073 876585 890459 904670 919177 933979 949111 964653 981129 1.00002e+06 
0.32675 0.55903 0.57207 0.57512 0.57611 0.57646 0.57665 0.57683 0.57692 0.57694 0.57697 0.57697 0.57698 0.57699 0.577 0.57701 0.57701 0.57701 0.57701 0.57701 0.57701 0.57701 0.57701 0.57701 0.57701 0.57701 0.57701 0.57701 0.57701 0.57701 0.57701 0.57701 0.57701 0.57701 0.57701 0.57701 0.57701 0.57701 0.57701 0.57701 0.57701 0.57701 0.57701 0.57701 0.57701 0.57701 0.57701 0.57701 0.57701 0.57701 0.57701 0.57701 0.57701 0.57701 0.57701 0.57701 0.57701 0.57701 0.57701 0.57701 0.57701 0.57701 0.57701 0.57701 0.57701 0.57701 0.57701 0.57701 0.57701 0.57701 0.57701 0.57701 0.57701 0.57701 0.57701 0.57701 0.57701 0.57701 0.57701 0.57701 0.57701 0.57701 0.57701 0.57701 0.57701 0.57701 
result for recall@ 100
1270 13984 26514 38914 51230 63474 75655 87774 99848 111878 123862 135800 147704 159561 171408 183224 195007 206746 218466 230121 241749 253334 264885 276407 287895 299329 310710 322044 333339 344587 355781 366904 377974 389044 400101 411160 422242 433387 444599 455839 466974 477500 487972 498472 508982 519259 529240 539230 549269 559371 569531 579740 590003 600327 610716 621158 631666 642218 652845 663540 674302 685156 696102 707147 718268 729509 740854 752329 763915 775655 787526 799588 811824 824276 836948 849877 863073 876585 890459 904670 919177 933979 949111 964653 981129 1.00002e+06 
0.296332 0.612926 0.637533 0.644159 0.646686 0.64778 0.648399 0.648701 0.648885 0.64898 0.649031 0.649066 0.649089 0.649109 0.649122 0.649125 0.649126 0.649127 0.649127 0.649129 0.649129 0.64913 0.64913 0.64913 0.64913 0.64913 0.64913 0.64913 0.64913 0.64913 0.64913 0.64913 0.64913 0.64913 0.64913 0.64913 0.64913 0.64913 0.64913 0.64913 0.64913 0.64913 0.64913 0.64913 0.64913 0.64913 0.64913 0.64913 0.64913 0.64913 0.64913 0.64913 0.64913 0.64913 0.64913 0.64913 0.64913 0.64913 0.64913 0.64913 0.64913 0.64913 0.64913 0.64913 0.64913 0.64913 0.64913 0.64913 0.64913 0.64913 0.64913 0.64913 0.64913 0.64913 0.64913 0.64913 0.64913 0.64913 0.64913 0.64913 0.64913 0.64913 0.64913 0.64913 0.64913 0.64913 
Kmeans with centroids: 900
Base vector - centroid distance
54348.1 52943 52390.7 52083.9 51884 51744.3 51640.4 51561.5 51497.4 51447.7 51406.2 51370.6 51339.3 51313.6 51290.1 51267.7 51247.9 51229.2 51213.5 51198.7 51184.7 51172.9 51161.1 51151.7 51143.1 51135.1 51128.1 51121.8 51115.9 51110.1 51105.8 51099.7 51094.6 51090.8 51086.5 51083.2 51079.9 51076.5 51073.5 51070.5 
Compression Loss distance
10587.8 10110.3 9889.77 9760.75 9675 9613.2 9566.81 9530.49 9501.01 9476.83 9457.13 9440.21 9425.66 9413.41 9402.67 9393.09 9384.48 9376.89 9370.38 9364.36 9358.88 9353.87 9349.25 9344.84 9341.02 9337.46 9334.13 9330.77 9328.03 9325.5 9323.27 9321.02 9318.59 9316.52 9314.67 9312.81 9311.18 9309.37 9307.79 9306.32 
result for recall@ 1
1195 13203 25039 36786 48452 60057 71580 83062 94477 105872 117228 128558 139854 151121 162349 173556 184729 195885 207010 218085 229134 240167 251160 262135 273069 283973 294822 305629 316390 327110 337763 348372 358931 369455 379949 390367 400768 411159 421560 431999 442493 453047 463654 474359 484859 494956 504887 514412 523873 533344 542835 552357 561924 571544 581207 590927 600690 610479 620324 630220 640165 650164 660229 670360 680559 690830 701186 711624 722139 732776 743515 754347 765306 776381 787602 798958 810471 822127 833972 846007 858258 870771 883599 896708 910089 923723 937652 951936 966664 982293 1.00002e+06 
0.2908 0.4658 0.4749 0.4762 0.4768 0.4771 0.4773 0.4775 0.4775 0.4775 0.4775 0.4775 0.4776 0.4776 0.4776 0.4776 0.4776 0.4776 0.4776 0.4776 0.4776 0.4776 0.4776 0.4776 0.4776 0.4776 0.4776 0.4776 0.4776 0.4776 0.4776 0.4776 0.4776 0.4776 0.4776 0.4776 0.4776 0.4776 0.4776 0.4776 0.4776 0.4776 0.4776 0.4776 0.4776 0.4776 0.4776 0.4776 0.4776 0.4776 0.4776 0.4776 0.4776 0.4776 0.4776 0.4776 0.4776 0.4776 0.4776 0.4776 0.4776 0.4776 0.4776 0.4776 0.4776 0.4776 0.4776 0.4776 0.4776 0.4776 0.4776 0.4776 0.4776 0.4776 0.4776 0.4776 0.4776 0.4776 0.4776 0.4776 0.4776 0.4776 0.4776 0.4776 0.4776 0.4776 0.4776 0.4776 0.4776 0.4776 0.4776 
result for recall@ 10
1195 13203 25039 36786 48452 60057 71580 83062 94477 105872 117228 128558 139854 151121 162349 173556 184729 195885 207010 218085 229134 240167 251160 262135 273069 283973 294822 305629 316390 327110 337763 348372 358931 369455 379949 390367 400768 411159 421560 431999 442493 453047 463654 474359 484859 494956 504887 514412 523873 533344 542835 552357 561924 571544 581207 590927 600690 610479 620324 630220 640165 650164 660229 670360 680559 690830 701186 711624 722139 732776 743515 754347 765306 776381 787602 798958 810471 822127 833972 846007 858258 870771 883599 896708 910089 923723 937652 951936 966664 982293 1.00002e+06 
0.3245 0.5595 0.57255 0.5756 0.57664 0.57708 0.57742 0.57762 0.57773 0.57776 0.57779 0.57781 0.57785 0.57784 0.57784 0.57784 0.57784 0.57784 0.57784 0.57785 0.57785 0.57785 0.57785 0.57785 0.57785 0.57785 0.57785 0.57785 0.57785 0.57785 0.57785 0.57785 0.57785 0.57785 0.57785 0.57785 0.57785 0.57785 0.57785 0.57785 0.57785 0.57785 0.57785 0.57785 0.57785 0.57785 0.57785 0.57785 0.57785 0.57785 0.57785 0.57785 0.57785 0.57785 0.57785 0.57785 0.57785 0.57785 0.57785 0.57785 0.57785 0.57785 0.57785 0.57785 0.57785 0.57785 0.57785 0.57785 0.57785 0.57785 0.57785 0.57785 0.57785 0.57785 0.57785 0.57785 0.57785 0.57785 0.57785 0.57785 0.57785 0.57785 0.57785 0.57785 0.57785 0.57785 0.57785 0.57785 0.57785 0.57785 0.57785 
result for recall@ 100
1195 13203 25039 36786 48452 60057 71580 83062 94477 105872 117228 128558 139854 151121 162349 173556 184729 195885 207010 218085 229134 240167 251160 262135 273069 283973 294822 305629 316390 327110 337763 348372 358931 369455 379949 390367 400768 411159 421560 431999 442493 453047 463654 474359 484859 494956 504887 514412 523873 533344 542835 552357 561924 571544 581207 590927 600690 610479 620324 630220 640165 650164 660229 670360 680559 690830 701186 711624 722139 732776 743515 754347 765306 776381 787602 798958 810471 822127 833972 846007 858258 870771 883599 896708 910089 923723 937652 951936 966664 982293 1.00002e+06 
0.293241 0.611876 0.637088 0.644262 0.646956 0.648222 0.64893 0.649233 0.649446 0.649559 0.649626 0.649661 0.649682 0.649698 0.64971 0.649715 0.649719 0.649723 0.649725 0.649726 0.649726 0.649726 0.649726 0.649726 0.649726 0.649727 0.649727 0.649727 0.649727 0.649727 0.649727 0.649727 0.649727 0.649727 0.649727 0.649727 0.649727 0.649727 0.649727 0.649727 0.649727 0.649727 0.649727 0.649727 0.649727 0.649727 0.649727 0.649727 0.649727 0.649727 0.649727 0.649727 0.649727 0.649727 0.649727 0.649727 0.649727 0.649727 0.649727 0.649727 0.649727 0.649727 0.649727 0.649727 0.649727 0.649727 0.649727 0.649727 0.649727 0.649727 0.649727 0.649727 0.649727 0.649727 0.649727 0.649727 0.649727 0.649727 0.649727 0.649727 0.649727 0.649727 0.649727 0.649727 0.649727 0.649727 0.649727 0.649727 0.649727 0.649727 0.649727 
Kmeans with centroids: 950
Base vector - centroid distance
54086.6 52703.3 52149.5 51847.4 51657.2 51524.2 51424.4 51348.1 51286.5 51234.9 51191.9 51153.9 51122.4 51094.6 51069.6 51047.4 51027.2 51010 50993.5 50978.5 50964.3 50951.1 50939.2 50928.1 50918.1 50908.7 50900.5 50893.8 50886.9 50880.7 50875.3 50869.3 50864.3 50859.1 50854.5 50850.5 50846 50843.1 50839.1 50835.2 
Compression Loss distance
10531.8 10053 9834.65 9709.5 9627.14 9568.44 9524.84 9491.2 9463.74 9440.77 9422.42 9406.65 9393.52 9382.1 9371.97 9363.23 9355.24 9348.2 9342.21 9336.33 9331.05 9326.18 9321.8 9317.48 9313.64 9310.09 9306.7 9303.53 9300.62 9297.94 9295.26 9292.88 9290.54 9288.17 9286.09 9284.03 9282.09 9280.24 9278.59 9276.92 
result for recall@ 1
1144 12552 23800 34937 45992 56979 67911 78783 89620 100418 111176 121903 132587 143229 153838 164421 174971 185497 195978 206439 216875 227278 237667 248029 258349 268643 278895 289106 299280 309400 319475 329504 339518 349513 359494 369458 379392 389322 399252 409239 419235 429292 439390 449506 459445 468730 477956 487208 496540 505912 515327 524586 533604 542609 551641 560714 569823 578968 588159 597398 606678 616004 625378 634800 644282 653820 663407 673071 682809 692613 702480 712436 722480 732594 742788 753067 763472 773985 784618 795397 806324 817406 828652 840066 851652 863400 875329 887505 899940 912685 925731 939101 952872 967119 982259 1.00002e+06 
0.2796 0.4618 0.4711 0.4726 0.4732 0.4743 0.4743 0.4744 0.4743 0.4744 0.4744 0.4744 0.4744 0.4744 0.4744 0.4744 0.4744 0.4744 0.4744 0.4744 0.4744 0.4744 0.4744 0.4744 0.4744 0.4744 0.4744 0.4744 0.4744 0.4744 0.4744 0.4744 0.4744 0.4744 0.4744 0.4744 0.4744 0.4744 0.4744 0.4744 0.4744 0.4744 0.4744 0.4744 0.4744 0.4744 0.4744 0.4744 0.4744 0.4744 0.4744 0.4744 0.4744 0.4744 0.4744 0.4744 0.4744 0.4744 0.4744 0.4744 0.4744 0.4744 0.4744 0.4744 0.4744 0.4744 0.4744 0.4744 0.4744 0.4744 0.4744 0.4744 0.4744 0.4744 0.4744 0.4744 0.4744 0.4744 0.4744 0.4744 0.4744 0.4744 0.4744 0.4744 0.4744 0.4744 0.4744 0.4744 0.4744 0.4744 0.4744 0.4744 0.4744 0.4744 0.4744 0.4744 
result for recall@ 10
1144 12552 23800 34937 45992 56979 67911 78783 89620 100418 111176 121903 132587 143229 153838 164421 174971 185497 195978 206439 216875 227278 237667 248029 258349 268643 278895 289106 299280 309400 319475 329504 339518 349513 359494 369458 379392 389322 399252 409239 419235 429292 439390 449506 459445 468730 477956 487208 496540 505912 515327 524586 533604 542609 551641 560714 569823 578968 588159 597398 606678 616004 625378 634800 644282 653820 663407 673071 682809 692613 702480 712436 722480 732594 742788 753067 763472 773985 784618 795397 806324 817406 828652 840066 851652 863400 875329 887505 899940 912685 925731 939101 952872 967119 982259 1.00002e+06 
0.32243 0.55735 0.57125 0.57492 0.5762 0.57675 0.57705 0.57718 0.57726 0.5773 0.57735 0.57736 0.57735 0.57736 0.57736 0.57736 0.57737 0.57737 0.57737 0.57738 0.57738 0.57738 0.57738 0.57738 0.57738 0.57738 0.57738 0.57738 0.57738 0.57738 0.57738 0.57738 0.57738 0.57738 0.57738 0.57738 0.57738 0.57738 0.57738 0.57738 0.57738 0.57738 0.57738 0.57738 0.57738 0.57738 0.57738 0.57738 0.57738 0.57738 0.57738 0.57738 0.57738 0.57738 0.57738 0.57738 0.57738 0.57738 0.57738 0.57738 0.57738 0.57738 0.57738 0.57738 0.57738 0.57738 0.57738 0.57738 0.57738 0.57738 0.57738 0.57738 0.57738 0.57738 0.57738 0.57738 0.57738 0.57738 0.57738 0.57738 0.57738 0.57738 0.57738 0.57738 0.57738 0.57738 0.57738 0.57738 0.57738 0.57738 0.57738 0.57738 0.57738 0.57738 0.57738 0.57738 
result for recall@ 100
1144 12552 23800 34937 45992 56979 67911 78783 89620 100418 111176 121903 132587 143229 153838 164421 174971 185497 195978 206439 216875 227278 237667 248029 258349 268643 278895 289106 299280 309400 319475 329504 339518 349513 359494 369458 379392 389322 399252 409239 419235 429292 439390 449506 459445 468730 477956 487208 496540 505912 515327 524586 533604 542609 551641 560714 569823 578968 588159 597398 606678 616004 625378 634800 644282 653820 663407 673071 682809 692613 702480 712436 722480 732594 742788 753067 763472 773985 784618 795397 806324 817406 828652 840066 851652 863400 875329 887505 899940 912685 925731 939101 952872 967119 982259 1.00002e+06 
0.290679 0.61073 0.637129 0.644646 0.64761 0.648904 0.649641 0.650032 0.6503 0.650411 0.650473 0.650516 0.65054 0.650558 0.650556 0.65057 0.650576 0.650578 0.650587 0.65059 0.650592 0.650592 0.650592 0.650592 0.650592 0.650594 0.650594 0.650594 0.650594 0.650594 0.650594 0.650594 0.650594 0.650594 0.650594 0.650594 0.650594 0.650594 0.650594 0.650594 0.650594 0.650594 0.650594 0.650594 0.650594 0.650594 0.650594 0.650594 0.650594 0.650594 0.650594 0.650594 0.650594 0.650594 0.650594 0.650594 0.650594 0.650594 0.650594 0.650594 0.650594 0.650594 0.650594 0.650594 0.650594 0.650594 0.650594 0.650594 0.650594 0.650594 0.650594 0.650594 0.650594 0.650594 0.650594 0.650594 0.650594 0.650594 0.650594 0.650594 0.650594 0.650594 0.650594 0.650594 0.650594 0.650594 0.650594 0.650594 0.650594 0.650594 0.650594 0.650594 0.650594 0.650594 0.650594 0.650594 
Kmeans with centroids: 1000
Base vector - centroid distance
53842.7 52445.2 51894.3 51595.3 51403.3 51267.5 51164.5 51081.8 51016.6 50962.1 50917.1 50878.7 50845.9 50816.2 50791.2 50770.1 50750.9 50734 50718.1 50704.1 50691.6 50679.9 50670 50660.5 50651.8 50643.9 50637.4 50629.9 50623.5 50617.2 50612.4 50607.2 50602.5 50598 50593.3 50588.8 50585.7 50581.7 50578.4 50574.8 
Compression Loss distance
10512.2 10037.2 9819.13 9692.29 9608.63 9548.81 9503.44 9467.83 9439.56 9416.39 9397.39 9381.67 9367.85 9355.76 9345.04 9335.85 9327.45 9320.42 9314.07 9307.9 9302.41 9297.39 9292.65 9288.43 9284.4 9280.77 9277.22 9274.12 9271.12 9268.25 9265.38 9262.98 9260.62 9258.34 9256.24 9254.35 9252.35 9250.45 9248.76 9247.29 
result for recall@ 1
1082 11943 22646 33242 43781 54243 64663 75036 85363 95652 105907 116141 126340 136501 146656 156782 166873 176939 186979 197001 206996 216952 226898 236819 246711 256574 266412 276213 285984 295720 305405 315063 324701 334271 343798 353289 362735 372165 381563 390929 400282 409640 419026 428420 437863 447327 456850 466456 476174 485742 494932 503945 512584 521191 529816 538441 547093 555768 564449 573159 581893 590668 599476 608324 617199 626100 635054 644030 653058 662116 671240 680423 689657 698964 708333 717771 727270 736857 746513 756247 766063 775968 785960 796046 806250 816578 827052 837676 848475 859449 870615 881997 893589 905425 917513 929870 942498 955452 968911 983406 1.00002e+06 
0.2767 0.4639 0.4734 0.4751 0.4761 0.4762 0.4766 0.4766 0.4767 0.4767 0.4768 0.4768 0.4768 0.4768 0.4768 0.4768 0.4768 0.4768 0.4768 0.4768 0.4768 0.4768 0.4768 0.4768 0.4768 0.4768 0.4768 0.4768 0.4768 0.4768 0.4768 0.4768 0.4768 0.4768 0.4768 0.4768 0.4768 0.4768 0.4768 0.4768 0.4768 0.4768 0.4768 0.4768 0.4768 0.4768 0.4768 0.4768 0.4768 0.4768 0.4768 0.4768 0.4768 0.4768 0.4768 0.4768 0.4768 0.4768 0.4768 0.4768 0.4768 0.4768 0.4768 0.4768 0.4768 0.4768 0.4768 0.4768 0.4768 0.4768 0.4768 0.4768 0.4768 0.4768 0.4768 0.4768 0.4768 0.4768 0.4768 0.4768 0.4768 0.4768 0.4768 0.4768 0.4768 0.4768 0.4768 0.4768 0.4768 0.4768 0.4768 0.4768 0.4768 0.4768 0.4768 0.4768 0.4768 0.4768 0.4768 0.4768 0.4768 
result for recall@ 10
1082 11943 22646 33242 43781 54243 64663 75036 85363 95652 105907 116141 126340 136501 146656 156782 166873 176939 186979 197001 206996 216952 226898 236819 246711 256574 266412 276213 285984 295720 305405 315063 324701 334271 343798 353289 362735 372165 381563 390929 400282 409640 419026 428420 437863 447327 456850 466456 476174 485742 494932 503945 512584 521191 529816 538441 547093 555768 564449 573159 581893 590668 599476 608324 617199 626100 635054 644030 653058 662116 671240 680423 689657 698964 708333 717771 727270 736857 746513 756247 766063 775968 785960 796046 806250 816578 827052 837676 848475 859449 870615 881997 893589 905425 917513 929870 942498 955452 968911 983406 1.00002e+06 
0.31748 0.55749 0.5724 0.57555 0.57689 0.57758 0.57787 0.57805 0.57813 0.57813 0.57818 0.5782 0.5782 0.57821 0.57822 0.57822 0.57822 0.57822 0.57822 0.57822 0.57822 0.57822 0.57822 0.57822 0.57822 0.57822 0.57822 0.57822 0.57822 0.57822 0.57822 0.57822 0.57822 0.57822 0.57822 0.57822 0.57822 0.57822 0.57822 0.57822 0.57822 0.57822 0.57822 0.57822 0.57822 0.57822 0.57822 0.57822 0.57822 0.57822 0.57822 0.57822 0.57822 0.57822 0.57822 0.57822 0.57822 0.57822 0.57822 0.57822 0.57822 0.57822 0.57822 0.57822 0.57822 0.57822 0.57822 0.57822 0.57822 0.57822 0.57822 0.57822 0.57822 0.57822 0.57822 0.57822 0.57822 0.57822 0.57822 0.57822 0.57822 0.57822 0.57822 0.57822 0.57822 0.57822 0.57822 0.57822 0.57822 0.57822 0.57822 0.57822 0.57822 0.57822 0.57822 0.57822 0.57822 0.57822 0.57822 0.57822 0.57822 
result for recall@ 100
1082 11943 22646 33242 43781 54243 64663 75036 85363 95652 105907 116141 126340 136501 146656 156782 166873 176939 186979 197001 206996 216952 226898 236819 246711 256574 266412 276213 285984 295720 305405 315063 324701 334271 343798 353289 362735 372165 381563 390929 400282 409640 419026 428420 437863 447327 456850 466456 476174 485742 494932 503945 512584 521191 529816 538441 547093 555768 564449 573159 581893 590668 599476 608324 617199 626100 635054 644030 653058 662116 671240 680423 689657 698964 708333 717771 727270 736857 746513 756247 766063 775968 785960 796046 806250 816578 827052 837676 848475 859449 870615 881997 893589 905425 917513 929870 942498 955452 968911 983406 1.00002e+06 
0.28619 0.610125 0.636903 0.644729 0.647761 0.649248 0.650005 0.65042 0.650645 0.650822 0.650905 0.650943 0.65096 0.650978 0.650993 0.651005 0.651012 0.651013 0.651013 0.651016 0.651017 0.651018 0.651019 0.651019 0.65102 0.651021 0.651022 0.651023 0.651023 0.651023 0.651023 0.651022 0.651022 0.651022 0.651022 0.651022 0.651022 0.651022 0.651022 0.651022 0.651022 0.651022 0.651022 0.651022 0.651022 0.651022 0.651022 0.651022 0.651022 0.651022 0.651022 0.651022 0.651022 0.651022 0.651022 0.651022 0.651022 0.651022 0.651022 0.651022 0.651022 0.651022 0.651022 0.651022 0.651022 0.651022 0.651022 0.651022 0.651022 0.651022 0.651022 0.651022 0.651022 0.651022 0.651022 0.651022 0.651022 0.651022 0.651022 0.651022 0.651022 0.651022 0.651022 0.651022 0.651022 0.651022 0.651022 0.651022 0.651022 0.651022 0.651022 0.651022 0.651022 0.651022 0.651022 0.651022 0.651022 0.651022 0.651022 0.651022 0.651022 
