Kmeans with centroids: 100
Base vector - centroid distance
66828.7 65156.9 64463.2 64057.4 63802.8 63628.3 63499.2 63393.2 63308.1 63241.4 63190.3 63150.8 63120.4 63095.6 63075 63058.6 63044.4 63032.1 63021.4 63012.1 
Compression Loss distance
11992.8 11407.4 11136.2 10976.2 10869 10792.1 10734.8 10690.4 10655.2 10627.2 10603.4 10582.7 10564.7 10549.1 10535.6 10523.7 10513.2 10503.6 10495.2 10487.2 10480.4 10474.8 10469.4 10464.2 10459.5 10455.1 10450.9 10446.7 10443.4 10440.1 10437.5 10434.7 10431.9 10429 10426.5 10424.3 10422.2 10420.1 10418 10416.2 10414 10412.1 10410.1 10408.5 10407 10405.4 10404 10402.7 10401.4 10400.1 10398.8 10397.6 10396.6 10395.3 10394.3 10393.6 10392.8 10391.7 10390.9 10390.4 
result for recall@ 1
10811 118463 224645 326375 420252 501384 584884 677457 775946 885342 1.00002e+06 
0.3407 0.4507 0.4507 0.4507 0.4507 0.4507 0.4507 0.4507 0.4507 0.4507 0.4507 
result for recall@ 10
10811 118463 224645 326375 420252 501384 584884 677457 775946 885342 1.00002e+06 
0.40961 0.55118 0.55211 0.55219 0.55219 0.55219 0.55219 0.55219 0.55219 0.55219 0.55219 
result for recall@ 100
10811 118463 224645 326375 420252 501384 584884 677457 775946 885342 1.00002e+06 
0.432193 0.629323 0.63137 0.631528 0.63153 0.63153 0.63153 0.631531 0.631531 0.631531 0.631531 
Kmeans with centroids: 150
Base vector - centroid distance
64390.3 62537.3 61832.1 61442.2 61201.7 61055.9 60955.6 60881.5 60824.7 60781.9 60745.8 60715.8 60690.4 60668.6 60650.3 60634.5 60621.4 60610.4 60603.2 60595.2 
Compression Loss distance
11717.6 11156.9 10897.2 10745.8 10647.6 10577 10524.5 10483.4 10450.4 10423.4 10401.1 10382.1 10365.8 10351.8 10339.6 10328.8 10319.2 10310.7 10302.7 10295.3 10288.8 10282.6 10276.8 10271.4 10267 10262.4 10258.1 10254 10250.3 10247 10244 10241.2 10238.8 10236.3 10233.9 10231.7 10229.8 10227.7 10225.9 10223.9 10222.4 10220.9 10219.4 10218 10216.6 10215.2 10214 10212.7 10211.8 10210.6 10209.7 10208.9 10208 10207.2 10206.4 10205.7 10204.9 10204.1 10203.1 10202.2 
result for recall@ 1
7273 78483 148267 216941 283790 348641 412265 469648 522726 579161 640714 703753 769044 838644 916952 1.00002e+06 
0.3359 0.4501 0.4506 0.4509 0.451 0.451 0.451 0.451 0.451 0.451 0.451 0.451 0.451 0.451 0.451 0.451 
result for recall@ 10
7273 78483 148267 216941 283790 348641 412265 469648 522726 579161 640714 703753 769044 838644 916952 1.00002e+06 
0.39295 0.55614 0.55829 0.55849 0.55851 0.55851 0.55851 0.55851 0.55851 0.55851 0.55851 0.55851 0.55851 0.55851 0.55851 0.55851 
result for recall@ 100
7273 78483 148267 216941 283790 348641 412265 469648 522726 579161 640714 703753 769044 838644 916952 1.00002e+06 
0.407017 0.63056 0.634962 0.635363 0.63542 0.635427 0.635427 0.635427 0.635427 0.635427 0.635427 0.635427 0.635427 0.635427 0.635427 0.635427 
Kmeans with centroids: 200
Base vector - centroid distance
62631.7 60825.1 60120.9 59773.5 59564.7 59423.5 59321.4 59246.6 59191 59144.5 59107.4 59074.5 59045.9 59019.8 58997.3 58978.6 58962 58946.3 58933.2 58920.1 
Compression Loss distance
11524.2 10993.3 10745.7 10598.9 10501.2 10432.1 10379.6 10338.6 10305.3 10279.1 10257.6 10239.9 10224.7 10211.4 10199.5 10189.4 10180.2 10171.7 10164.7 10157.3 10150.8 10145.2 10139.9 10135.1 10130.6 10126.7 10123 10119.5 10116.4 10113.6 10110.7 10108 10105.4 10102.9 10100.6 10098.4 10096.2 10094.3 10092.8 10091.1 10089.3 10087.7 10086.5 10085.2 10083.7 10082.2 10081.1 10079.9 10078.8 10077.7 10076.9 10075.8 10074.9 10073.9 10073.1 10072.2 10071.6 10070.8 10070.1 10069.4 
result for recall@ 1
5360 57787 109128 159790 210088 259803 308866 357239 404582 451907 500337 543526 586638 630951 676615 723557 771965 822823 877204 936750 1.00002e+06 
0.3255 0.4568 0.4588 0.4592 0.4593 0.4593 0.4593 0.4593 0.4593 0.4593 0.4593 0.4593 0.4593 0.4593 0.4593 0.4593 0.4593 0.4593 0.4593 0.4593 0.4593 
result for recall@ 10
5360 57787 109128 159790 210088 259803 308866 357239 404582 451907 500337 543526 586638 630951 676615 723557 771965 822823 877204 936750 1.00002e+06 
0.38242 0.55852 0.5619 0.56238 0.56242 0.5624 0.5624 0.5624 0.5624 0.5624 0.5624 0.5624 0.5624 0.5624 0.5624 0.5624 0.5624 0.5624 0.5624 0.5624 0.5624 
result for recall@ 100
5360 57787 109128 159790 210088 259803 308866 357239 404582 451907 500337 543526 586638 630951 676615 723557 771965 822823 877204 936750 1.00002e+06 
0.388916 0.629816 0.63698 0.637919 0.638085 0.638132 0.63814 0.638141 0.638142 0.638142 0.638143 0.638143 0.638143 0.638143 0.638143 0.638143 0.638143 0.638143 0.638143 0.638143 0.638143 
Kmeans with centroids: 250
Base vector - centroid distance
61090.5 59490.9 58883.2 58572.1 58376.5 58237.2 58136.5 58057.3 57996.5 57948.2 57909.6 57876.4 57846.8 57821.1 57799.3 57778.6 57760.1 57743.5 57728.6 57714.9 
Compression Loss distance
11432.6 10890.2 10637.3 10490.4 10393 10326.1 10276.1 10236.8 10205.4 10179.9 10158.3 10140 10124.4 10110.8 10099 10088.6 10079.2 10070.8 10063.4 10056.8 10050.4 10044.9 10039.6 10034.8 10029.9 10025.6 10021.6 10017.6 10014 10011.1 10008.1 10005.2 10002.7 10000.5 9998.45 9996.43 9994.62 9992.83 9991.31 9989.53 9987.89 9986.5 9985.25 9984.03 9982.48 9981.11 9979.81 9978.67 9977.61 9976.46 9975.46 9974.24 9973.19 9972.1 9971.22 9970.32 9969.68 9968.95 9967.98 9967.18 
result for recall@ 1
4279 46348 87557 128254 168858 209272 249381 289104 328364 366775 404594 442201 479469 515293 549892 584758 620007 655815 692442 730406 769920 811161 853970 898543 947026 1.00002e+06 
0.3156 0.456 0.4584 0.4586 0.4586 0.4587 0.4587 0.4587 0.4587 0.4587 0.4587 0.4587 0.4587 0.4587 0.4587 0.4587 0.4587 0.4587 0.4587 0.4587 0.4587 0.4587 0.4587 0.4587 0.4587 0.4587 
result for recall@ 10
4279 46348 87557 128254 168858 209272 249381 289104 328364 366775 404594 442201 479469 515293 549892 584758 620007 655815 692442 730406 769920 811161 853970 898543 947026 1.00002e+06 
0.37291 0.55801 0.56269 0.56325 0.56338 0.56339 0.56341 0.56341 0.56341 0.56341 0.56341 0.56341 0.56341 0.56341 0.56341 0.56341 0.56341 0.56341 0.56341 0.56341 0.56341 0.56341 0.56341 0.56341 0.56341 0.56341 
result for recall@ 100
4279 46348 87557 128254 168858 209272 249381 289104 328364 366775 404594 442201 479469 515293 549892 584758 620007 655815 692442 730406 769920 811161 853970 898543 947026 1.00002e+06 
0.373476 0.628594 0.637489 0.638963 0.639232 0.63931 0.639339 0.639346 0.63935 0.639351 0.639351 0.639351 0.639351 0.639351 0.639351 0.639351 0.639351 0.639351 0.639351 0.639351 0.639351 0.639351 0.639351 0.639351 0.639351 0.639351 
Kmeans with centroids: 300
Base vector - centroid distance
60236 58556.6 57938.8 57614.1 57414.8 57275.5 57172.2 57091.8 57025.4 56971.5 56927.3 56888.9 56855.3 56828.1 56804.1 56781.6 56763.4 56748 56733.1 56718.5 
Compression Loss distance
11334.9 10795.5 10544.6 10398.4 10301.9 10233.5 10183 10143.6 10112.3 10086.7 10065.3 10047.4 10032.2 10018.9 10007.8 9998.11 9989.4 9981.6 9974.32 9967.24 9961.06 9955.7 9950.66 9945.9 9941.62 9937.8 9933.92 9930.27 9926.89 9923.96 9921.21 9918.5 9916.04 9913.58 9911.29 9909.07 9907.21 9905.23 9903.62 9902.05 9900.39 9898.84 9897.5 9896.1 9894.58 9893.24 9891.88 9890.74 9889.53 9888.38 9887.26 9886.12 9885.2 9884.26 9883.26 9882.47 9881.61 9880.88 9880.15 9879.5 
result for recall@ 1
3610 39294 74367 108920 143084 177031 210720 244154 277355 310231 342740 374559 405678 436516 467803 497059 526122 554682 583539 612647 642119 672006 702509 733990 766645 800600 835932 873157 912831 954786 1.00002e+06 
0.3104 0.4593 0.463 0.4634 0.4636 0.4636 0.4636 0.4636 0.4636 0.4636 0.4636 0.4636 0.4636 0.4636 0.4636 0.4636 0.4636 0.4636 0.4636 0.4636 0.4636 0.4636 0.4636 0.4636 0.4636 0.4636 0.4636 0.4636 0.4636 0.4636 0.4636 
result for recall@ 10
3610 39294 74367 108920 143084 177031 210720 244154 277355 310231 342740 374559 405678 436516 467803 497059 526122 554682 583539 612647 642119 672006 702509 733990 766645 800600 835932 873157 912831 954786 1.00002e+06 
0.36507 0.55803 0.5635 0.56438 0.56463 0.56472 0.56472 0.56474 0.56474 0.56474 0.56474 0.56474 0.56474 0.56474 0.56474 0.56474 0.56474 0.56474 0.56474 0.56474 0.56474 0.56474 0.56474 0.56474 0.56474 0.56474 0.56474 0.56474 0.56474 0.56474 0.56474 
result for recall@ 100
3610 39294 74367 108920 143084 177031 210720 244154 277355 310231 342740 374559 405678 436516 467803 497059 526122 554682 583539 612647 642119 672006 702509 733990 766645 800600 835932 873157 912831 954786 1.00002e+06 
0.360376 0.626433 0.636957 0.638786 0.639257 0.639415 0.639455 0.639466 0.639474 0.639475 0.639475 0.639475 0.639475 0.639475 0.639475 0.639475 0.639475 0.639475 0.639475 0.639475 0.639475 0.639475 0.639475 0.639475 0.639475 0.639475 0.639475 0.639475 0.639475 0.639475 0.639475 
Kmeans with centroids: 350
Base vector - centroid distance
59624.5 57895.1 57199.2 56833.3 56614.4 56469.9 56363.7 56278.9 56213.4 56159.1 56115.4 56078.7 56045.7 56019.9 55996.1 55975.4 55957.7 55940.3 55924.8 55912.2 
Compression Loss distance
11218 10691.3 10444.5 10301.3 10207.2 10140.9 10090.9 10051.9 10021.1 9995.6 9974.9 9957.69 9943.06 9929.87 9918.57 9908.61 9899.33 9891.12 9883.91 9877.19 9871.33 9865.93 9861.05 9856.06 9851.59 9847.7 9844.31 9840.82 9837.56 9834.31 9831.55 9829.14 9826.76 9824.17 9821.88 9820.16 9818.04 9816.22 9814.45 9812.9 9811.39 9809.78 9808.29 9806.87 9805.56 9804.26 9802.99 9801.84 9800.73 9799.85 9798.86 9798.02 9796.97 9796.11 9795.19 9794.37 9793.56 9792.86 9792.23 9791.51 
result for recall@ 1
3096 33611 63620 93253 122615 151847 180919 209863 238501 266949 295175 323082 350617 377752 404463 430969 457711 484461 509672 533828 558263 583031 608129 633583 659413 685649 712253 739355 767114 795821 825580 856497 889011 923526 960497 1.00002e+06 
0.3027 0.4596 0.4611 0.4623 0.4623 0.4624 0.4625 0.4625 0.4625 0.4625 0.4625 0.4625 0.4625 0.4625 0.4625 0.4625 0.4625 0.4625 0.4625 0.4625 0.4625 0.4625 0.4625 0.4625 0.4625 0.4625 0.4625 0.4625 0.4625 0.4625 0.4625 0.4625 0.4625 0.4625 0.4625 0.4625 
result for recall@ 10
3096 33611 63620 93253 122615 151847 180919 209863 238501 266949 295175 323082 350617 377752 404463 430969 457711 484461 509672 533828 558263 583031 608129 633583 659413 685649 712253 739355 767114 795821 825580 856497 889011 923526 960497 1.00002e+06 
0.35874 0.5584 0.56444 0.56526 0.56562 0.56566 0.56569 0.5657 0.5657 0.5657 0.5657 0.5657 0.5657 0.5657 0.5657 0.5657 0.5657 0.5657 0.5657 0.5657 0.5657 0.5657 0.5657 0.5657 0.5657 0.5657 0.5657 0.5657 0.5657 0.5657 0.5657 0.5657 0.5657 0.5657 0.5657 0.5657 
result for recall@ 100
3096 33611 63620 93253 122615 151847 180919 209863 238501 266949 295175 323082 350617 377752 404463 430969 457711 484461 509672 533828 558263 583031 608129 633583 659413 685649 712253 739355 767114 795821 825580 856497 889011 923526 960497 1.00002e+06 
0.352201 0.625585 0.637981 0.640434 0.641079 0.641311 0.641388 0.641414 0.641431 0.641438 0.641439 0.64144 0.64144 0.641441 0.641441 0.641441 0.641441 0.641441 0.641441 0.641441 0.641441 0.641441 0.641441 0.641441 0.641441 0.641441 0.641441 0.641441 0.641441 0.641441 0.641441 0.641441 0.641441 0.641441 0.641441 0.641441 
Kmeans with centroids: 400
Base vector - centroid distance
58784.8 57114.5 56454.8 56112.7 55905 55760.7 55652.1 55569.6 55502 55447.2 55401.5 55362.3 55329.5 55302.8 55279.9 55258.8 55240 55222.3 55208.3 55195.5 
Compression Loss distance
11082.6 10579 10349.6 10215.8 10125.4 10061 10012.6 9975.09 9945.78 9921.95 9902.19 9885.61 9871.27 9859 9848.27 9838.62 9830.23 9822.53 9815.37 9808.76 9802.6 9796.95 9792.05 9787.39 9783.17 9779.22 9775.67 9772.5 9769.56 9766.85 9764.01 9761.42 9759.13 9757.08 9754.95 9752.84 9751.27 9749.58 9748.15 9746.6 9745.34 9743.92 9742.67 9741.52 9740.45 9739.54 9738.56 9737.55 9736.51 9735.46 9734.67 9733.82 9733.21 9732.45 9731.47 9730.78 9730.15 9729.62 9729.07 9728.35 
result for recall@ 1
2673 29288 55446 81312 106953 132478 157943 183272 208456 233483 258411 283122 307597 331815 355728 379380 402857 426166 449577 473344 496381 518072 539252 560618 582261 604182 626296 648683 671349 694384 717897 741919 766507 791669 817539 844458 872526 901697 932435 964884 1.00002e+06 
0.3053 0.4551 0.4591 0.4597 0.4598 0.46 0.46 0.46 0.46 0.46 0.46 0.46 0.46 0.46 0.46 0.46 0.46 0.46 0.46 0.46 0.46 0.46 0.46 0.46 0.46 0.46 0.46 0.46 0.46 0.46 0.46 0.46 0.46 0.46 0.46 0.46 0.46 0.46 0.46 0.46 0.46 
result for recall@ 10
2673 29288 55446 81312 106953 132478 157943 183272 208456 233483 258411 283122 307597 331815 355728 379380 402857 426166 449577 473344 496381 518072 539252 560618 582261 604182 626296 648683 671349 694384 717897 741919 766507 791669 817539 844458 872526 901697 932435 964884 1.00002e+06 
0.3569 0.56101 0.56859 0.5702 0.57053 0.57062 0.57067 0.57067 0.57067 0.57068 0.57068 0.57068 0.57068 0.57068 0.57068 0.57068 0.57068 0.57068 0.57068 0.57068 0.57068 0.57068 0.57068 0.57068 0.57068 0.57068 0.57068 0.57068 0.57068 0.57068 0.57068 0.57068 0.57068 0.57068 0.57068 0.57068 0.57068 0.57068 0.57068 0.57068 0.57068 
result for recall@ 100
2673 29288 55446 81312 106953 132478 157943 183272 208456 233483 258411 283122 307597 331815 355728 379380 402857 426166 449577 473344 496381 518072 539252 560618 582261 604182 626296 648683 671349 694384 717897 741919 766507 791669 817539 844458 872526 901697 932435 964884 1.00002e+06 
0.345896 0.625148 0.639231 0.642177 0.643056 0.643348 0.643446 0.643488 0.643509 0.643517 0.643519 0.643523 0.643523 0.643523 0.643523 0.643525 0.643525 0.643525 0.643525 0.643525 0.643525 0.643525 0.643525 0.643525 0.643525 0.643525 0.643525 0.643525 0.643525 0.643525 0.643525 0.643525 0.643525 0.643525 0.643525 0.643525 0.643525 0.643525 0.643525 0.643525 0.643525 
Kmeans with centroids: 450
Base vector - centroid distance
58212.4 56517.8 55859.5 55517.7 55309.5 55166.7 55063.1 54982.6 54916.8 54864.2 54818.5 54783.6 54754.4 54727.8 54704.5 54684.4 54666.5 54651.6 54637.4 54625.2 
Compression Loss distance
11043.5 10534.7 10300.6 10163.3 10072.3 10006.8 9956.99 9918.8 9888.4 9863.49 9842.95 9825.26 9810.23 9797.53 9786.51 9776.5 9767.58 9759.95 9753.2 9746.5 9740.89 9735.72 9730.86 9726.56 9722.54 9718.84 9715.3 9711.64 9708.67 9705.85 9702.84 9700.48 9698.03 9695.83 9693.66 9691.69 9689.99 9688.26 9686.56 9684.84 9683.31 9681.93 9680.42 9679.17 9678.17 9676.84 9675.64 9674.52 9673.47 9672.59 9671.79 9671.01 9669.94 9669.09 9668.2 9667.2 9666.47 9665.68 9664.85 9664.2 
result for recall@ 1
2418 26334 49830 73055 96105 118966 141691 164281 186768 209190 231492 253657 275704 297542 319157 340503 361628 382508 403287 424097 444937 465920 485899 505503 524819 543680 562739 581940 601294 620843 640587 660607 680952 701627 722682 744105 765960 788315 811331 835061 859611 884921 911155 938475 967697 1.00002e+06 
0.3026 0.4707 0.4729 0.4737 0.4735 0.4736 0.4736 0.4736 0.4736 0.4736 0.4736 0.4736 0.4736 0.4736 0.4736 0.4736 0.4736 0.4736 0.4736 0.4736 0.4736 0.4736 0.4736 0.4736 0.4736 0.4736 0.4736 0.4736 0.4736 0.4736 0.4736 0.4736 0.4736 0.4736 0.4736 0.4736 0.4736 0.4736 0.4736 0.4736 0.4736 0.4736 0.4736 0.4736 0.4736 0.4736 
result for recall@ 10
2418 26334 49830 73055 96105 118966 141691 164281 186768 209190 231492 253657 275704 297542 319157 340503 361628 382508 403287 424097 444937 465920 485899 505503 524819 543680 562739 581940 601294 620843 640587 660607 680952 701627 722682 744105 765960 788315 811331 835061 859611 884921 911155 938475 967697 1.00002e+06 
0.34968 0.55933 0.56694 0.56848 0.56891 0.56909 0.56912 0.56919 0.56921 0.56921 0.56922 0.56922 0.56922 0.56922 0.56922 0.56922 0.56922 0.56922 0.56922 0.56922 0.56922 0.56922 0.56922 0.56922 0.56922 0.56922 0.56922 0.56922 0.56922 0.56922 0.56922 0.56922 0.56922 0.56922 0.56922 0.56922 0.56922 0.56922 0.56922 0.56922 0.56922 0.56922 0.56922 0.56922 0.56922 0.56922 
result for recall@ 100
2418 26334 49830 73055 96105 118966 141691 164281 186768 209190 231492 253657 275704 297542 319157 340503 361628 382508 403287 424097 444937 465920 485899 505503 524819 543680 562739 581940 601294 620843 640587 660607 680952 701627 722682 744105 765960 788315 811331 835061 859611 884921 911155 938475 967697 1.00002e+06 
0.336974 0.623919 0.638944 0.642263 0.643344 0.643738 0.64389 0.643959 0.643989 0.643997 0.644001 0.644004 0.644006 0.644008 0.644009 0.644009 0.644009 0.644009 0.644009 0.644009 0.644009 0.644009 0.644009 0.644009 0.644009 0.644009 0.644009 0.644009 0.644009 0.644009 0.644009 0.644009 0.644009 0.644009 0.644009 0.644009 0.644009 0.644009 0.644009 0.644009 0.644009 0.644009 0.644009 0.644009 0.644009 0.644009 
Kmeans with centroids: 500
Base vector - centroid distance
57444.1 55880.4 55298.5 54988.2 54791.1 54651 54543 54459.1 54389.9 54333.9 54286.9 54247.5 54213.3 54184.5 54159.5 54136.1 54117.8 54100.8 54085.7 54071.7 
Compression Loss distance
10983.8 10476.7 10244.1 10108.2 10018.3 9953.66 9906.29 9869.63 9839.7 9815.82 9796.07 9778.83 9764.46 9751.81 9740.42 9730.14 9721.08 9712.97 9705.23 9698.39 9692.42 9686.71 9681.7 9677.04 9672.74 9668.83 9665.1 9661.74 9658.64 9655.89 9653.12 9650.51 9648.06 9645.74 9643.53 9641.42 9639.23 9637.34 9635.36 9633.71 9631.93 9630.32 9628.97 9627.46 9626 9624.71 9623.4 9622.3 9621.12 9620.17 9619.06 9618.08 9617.18 9616.3 9615.37 9614.48 9613.71 9612.95 9612.06 9611.43 
result for recall@ 1
2152 23450 44388 65083 85617 106037 126372 146589 166700 186759 206716 226573 246411 266157 285810 305368 324770 344007 363089 382101 401020 419882 438907 458206 477717 496491 514169 531483 548786 566190 583709 601314 619019 636873 654858 673028 691435 710122 729094 748343 767892 787794 808084 828922 850403 872560 895542 919383 944142 970383 1.00002e+06 
0.2972 0.462 0.4668 0.4682 0.4685 0.4688 0.4687 0.4687 0.4687 0.4687 0.4687 0.4687 0.4687 0.4687 0.4687 0.4687 0.4687 0.4687 0.4687 0.4687 0.4687 0.4687 0.4687 0.4687 0.4687 0.4687 0.4687 0.4687 0.4687 0.4687 0.4687 0.4687 0.4687 0.4687 0.4687 0.4687 0.4687 0.4687 0.4687 0.4687 0.4687 0.4687 0.4687 0.4687 0.4687 0.4687 0.4687 0.4687 0.4687 0.4687 0.4687 
result for recall@ 10
2152 23450 44388 65083 85617 106037 126372 146589 166700 186759 206716 226573 246411 266157 285810 305368 324770 344007 363089 382101 401020 419882 438907 458206 477717 496491 514169 531483 548786 566190 583709 601314 619019 636873 654858 673028 691435 710122 729094 748343 767892 787794 808084 828922 850403 872560 895542 919383 944142 970383 1.00002e+06 
0.34661 0.55796 0.56655 0.56868 0.56923 0.56941 0.56943 0.56946 0.56946 0.56946 0.56947 0.56947 0.56947 0.56947 0.56947 0.56947 0.56947 0.56947 0.56947 0.56947 0.56947 0.56947 0.56947 0.56947 0.56947 0.56947 0.56947 0.56947 0.56947 0.56947 0.56947 0.56947 0.56947 0.56947 0.56947 0.56947 0.56947 0.56947 0.56947 0.56947 0.56947 0.56947 0.56947 0.56947 0.56947 0.56947 0.56947 0.56947 0.56947 0.56947 0.56947 
result for recall@ 100
2152 23450 44388 65083 85617 106037 126372 146589 166700 186759 206716 226573 246411 266157 285810 305368 324770 344007 363089 382101 401020 419882 438907 458206 477717 496491 514169 531483 548786 566190 583709 601314 619019 636873 654858 673028 691435 710122 729094 748343 767892 787794 808084 828922 850403 872560 895542 919383 944142 970383 1.00002e+06 
0.330066 0.621541 0.638512 0.642547 0.643784 0.644243 0.644475 0.644558 0.644601 0.644623 0.644628 0.644634 0.644634 0.644634 0.644634 0.644634 0.644634 0.644634 0.644635 0.644635 0.644635 0.644635 0.644635 0.644635 0.644635 0.644635 0.644635 0.644635 0.644635 0.644635 0.644635 0.644635 0.644635 0.644635 0.644635 0.644635 0.644635 0.644635 0.644635 0.644635 0.644635 0.644635 0.644635 0.644635 0.644635 0.644635 0.644635 0.644635 0.644635 0.644635 0.644635 
Kmeans with centroids: 550
Base vector - centroid distance
57016.7 55452.6 54845.4 54512.3 54296.9 54147.3 54038.4 53953.4 53889 53836.3 53794.2 53759.3 53730.1 53704.2 53682 53661.6 53642.1 53626.3 53611.2 53597.8 
Compression Loss distance
10886 10387 10163.7 10034.2 9948.82 9887.69 9841.5 9805.75 9777.01 9753.53 9734.03 9717.46 9703.24 9690.7 9679.51 9669.64 9660.99 9653.04 9645.86 9639.65 9633.87 9628.61 9623.41 9618.57 9614.32 9610.62 9606.92 9603.5 9600.31 9597.47 9594.76 9592.16 9589.63 9587.59 9585.58 9583.51 9581.45 9579.58 9577.79 9576.29 9574.57 9573.13 9571.81 9570.63 9569.46 9568.33 9567.18 9566.13 9565.22 9564.31 9563.62 9562.83 9561.95 9561.27 9560.43 9559.75 9559.01 9558.22 9557.63 9556.96 
result for recall@ 1
1963 21403 40529 59412 78164 96783 115301 133735 152058 170291 188461 206531 224544 242479 260368 278202 295944 313578 331142 348615 366002 383340 400643 417975 435299 452669 470070 486166 502183 517994 533372 548869 564472 580170 596029 612051 628214 644515 660986 677619 694430 711435 728677 746216 764071 782285 800852 819920 839593 859925 880963 902575 924789 947836 972372 1.00002e+06 
0.3027 0.4651 0.4711 0.4719 0.4721 0.4721 0.4721 0.472 0.472 0.472 0.472 0.472 0.472 0.472 0.472 0.472 0.472 0.472 0.472 0.472 0.472 0.472 0.472 0.472 0.472 0.472 0.472 0.472 0.472 0.472 0.472 0.472 0.472 0.472 0.472 0.472 0.472 0.472 0.472 0.472 0.472 0.472 0.472 0.472 0.472 0.472 0.472 0.472 0.472 0.472 0.472 0.472 0.472 0.472 0.472 0.472 
result for recall@ 10
1963 21403 40529 59412 78164 96783 115301 133735 152058 170291 188461 206531 224544 242479 260368 278202 295944 313578 331142 348615 366002 383340 400643 417975 435299 452669 470070 486166 502183 517994 533372 548869 564472 580170 596029 612051 628214 644515 660986 677619 694430 711435 728677 746216 764071 782285 800852 819920 839593 859925 880963 902575 924789 947836 972372 1.00002e+06 
0.34186 0.55967 0.56924 0.57124 0.57198 0.57222 0.57228 0.57233 0.57234 0.57234 0.57234 0.57234 0.57235 0.57235 0.57235 0.57235 0.57235 0.57235 0.57235 0.57235 0.57235 0.57235 0.57235 0.57235 0.57235 0.57235 0.57235 0.57235 0.57235 0.57235 0.57235 0.57235 0.57235 0.57235 0.57235 0.57235 0.57235 0.57235 0.57235 0.57235 0.57235 0.57235 0.57235 0.57235 0.57235 0.57235 0.57235 0.57235 0.57235 0.57235 0.57235 0.57235 0.57235 0.57235 0.57235 0.57235 
result for recall@ 100
1963 21403 40529 59412 78164 96783 115301 133735 152058 170291 188461 206531 224544 242479 260368 278202 295944 313578 331142 348615 366002 383340 400643 417975 435299 452669 470070 486166 502183 517994 533372 548869 564472 580170 596029 612051 628214 644515 660986 677619 694430 711435 728677 746216 764071 782285 800852 819920 839593 859925 880963 902575 924789 947836 972372 1.00002e+06 
0.323679 0.619771 0.638271 0.642651 0.644176 0.644781 0.645039 0.645161 0.645222 0.645241 0.64525 0.645268 0.645275 0.645279 0.645279 0.64528 0.645281 0.645281 0.645281 0.645281 0.645281 0.645281 0.645281 0.645281 0.645281 0.645281 0.645281 0.645281 0.645281 0.645281 0.645281 0.645281 0.645281 0.645281 0.645281 0.645281 0.645281 0.645281 0.645281 0.645281 0.645281 0.645281 0.645281 0.645281 0.645281 0.645281 0.645281 0.645281 0.645281 0.645281 0.645281 0.645281 0.645281 0.645281 0.645281 0.645281 
Kmeans with centroids: 600
Base vector - centroid distance
56516 55028 54439.3 54116.5 53914.3 53770.2 53661.9 53573.8 53505.6 53449.6 53402.4 53364.6 53332.2 53301.7 53275.2 53253.4 53232.4 53216.2 53200.1 53186.7 
Compression Loss distance
10853.8 10358.2 10130 9997.7 9911.21 9849.29 9802.3 9766.11 9736.73 9713.47 9694.15 9677.58 9663.75 9651.73 9641.46 9631.85 9623.39 9616.07 9609.24 9603.04 9597.31 9591.94 9587.08 9582.27 9577.84 9573.79 9570.11 9566.5 9563.07 9560.04 9557.19 9554.32 9551.57 9549.33 9546.9 9544.76 9542.87 9540.97 9539.16 9537.5 9535.91 9534.51 9533.04 9531.58 9530.29 9529.04 9527.87 9526.71 9525.61 9524.45 9523.53 9522.76 9521.84 9520.94 9520 9519.15 9518.35 9517.62 9516.86 9516.01 
result for recall@ 1
1811 19730 37334 54784 72093 89293 106388 123386 140329 157203 174001 190736 207402 223950 240450 256891 273273 289550 305754 321835 337779 353595 369313 385009 400703 416447 432267 448193 464155 479301 493924 508637 523203 537469 551752 566127 580553 595060 609704 624456 639326 654361 669562 684915 700428 716111 731983 748102 764455 781069 797982 815230 832878 851070 869843 889206 909139 929673 950933 973550 1.00002e+06 
0.2944 0.4579 0.4652 0.4669 0.4672 0.4673 0.4674 0.4674 0.4674 0.4674 0.4674 0.4674 0.4674 0.4674 0.4674 0.4674 0.4674 0.4674 0.4674 0.4674 0.4674 0.4674 0.4674 0.4674 0.4674 0.4674 0.4674 0.4674 0.4674 0.4674 0.4674 0.4674 0.4674 0.4674 0.4674 0.4674 0.4674 0.4674 0.4674 0.4674 0.4674 0.4674 0.4674 0.4674 0.4674 0.4674 0.4674 0.4674 0.4674 0.4674 0.4674 0.4674 0.4674 0.4674 0.4674 0.4674 0.4674 0.4674 0.4674 0.4674 0.4674 
result for recall@ 10
1811 19730 37334 54784 72093 89293 106388 123386 140329 157203 174001 190736 207402 223950 240450 256891 273273 289550 305754 321835 337779 353595 369313 385009 400703 416447 432267 448193 464155 479301 493924 508637 523203 537469 551752 566127 580553 595060 609704 624456 639326 654361 669562 684915 700428 716111 731983 748102 764455 781069 797982 815230 832878 851070 869843 889206 909139 929673 950933 973550 1.00002e+06 
0.33836 0.55952 0.56946 0.57141 0.57206 0.57235 0.57248 0.57254 0.57256 0.57256 0.57255 0.57256 0.57256 0.57256 0.57256 0.57256 0.57256 0.57256 0.57256 0.57256 0.57256 0.57256 0.57256 0.57256 0.57256 0.57256 0.57256 0.57256 0.57256 0.57256 0.57256 0.57256 0.57256 0.57256 0.57256 0.57256 0.57256 0.57256 0.57256 0.57256 0.57256 0.57256 0.57256 0.57256 0.57256 0.57256 0.57256 0.57256 0.57256 0.57256 0.57256 0.57256 0.57256 0.57256 0.57256 0.57256 0.57256 0.57256 0.57256 0.57256 0.57256 
result for recall@ 100
1811 19730 37334 54784 72093 89293 106388 123386 140329 157203 174001 190736 207402 223950 240450 256891 273273 289550 305754 321835 337779 353595 369313 385009 400703 416447 432267 448193 464155 479301 493924 508637 523203 537469 551752 566127 580553 595060 609704 624456 639326 654361 669562 684915 700428 716111 731983 748102 764455 781069 797982 815230 832878 851070 869843 889206 909139 929673 950933 973550 1.00002e+06 
0.316699 0.619153 0.638443 0.643323 0.64506 0.645707 0.646005 0.646152 0.646251 0.646294 0.646319 0.646334 0.646348 0.646348 0.646348 0.64635 0.64635 0.646351 0.646351 0.646351 0.646351 0.646351 0.646351 0.646351 0.646351 0.646351 0.646351 0.646351 0.646351 0.646351 0.646351 0.646351 0.646351 0.646351 0.646351 0.646351 0.646351 0.646351 0.646351 0.646351 0.646351 0.646351 0.646351 0.646351 0.646351 0.646351 0.646351 0.646351 0.646351 0.646351 0.646351 0.646351 0.646351 0.646351 0.646351 0.646351 0.646351 0.646351 0.646351 0.646351 0.646351 
Kmeans with centroids: 650
Base vector - centroid distance
56049.3 54574.7 54016.4 53711 53518.9 53383 53282.2 53201.1 53134.4 53080.7 53036.8 52999 52965.3 52933.5 52906 52881.1 52860 52840.5 52823.5 52808.8 
Compression Loss distance
10801 10317.2 10092.5 9959.71 9871.87 9809.34 9763.02 9726.9 9698.49 9674.84 9655.35 9638.53 9624.52 9612.2 9601.3 9591.95 9583.07 9575.54 9568.58 9562.45 9556.72 9551.53 9546.86 9542.47 9538.68 9535.11 9531.37 9528.17 9525.05 9522.14 9519.55 9516.9 9514.52 9512.24 9510.04 9507.87 9505.85 9504.15 9502.59 9500.98 9499.52 9498.19 9497 9495.75 9494.41 9493.24 9492.04 9490.83 9489.71 9488.65 9487.75 9486.7 9485.76 9484.88 9484.09 9483.29 9482.62 9481.97 9481.45 9480.74 
result for recall@ 1
1668 18193 34437 50479 66409 82226 97960 113612 129203 144736 160228 175673 191057 206378 221654 236893 252054 267149 282180 297138 312061 326937 341745 356487 371202 385926 400675 415507 430383 445158 458774 471943 485044 498230 511604 525218 538683 551944 565247 578593 592026 605576 619231 632966 646836 660824 674941 689218 703651 718265 733059 748058 763240 778639 794274 810235 826588 843367 860675 878449 896721 915504 934839 954740 975814 1.00002e+06 
0.29 0.4626 0.4688 0.4699 0.4704 0.4704 0.4705 0.4705 0.4705 0.4705 0.4705 0.4705 0.4705 0.4705 0.4705 0.4705 0.4705 0.4705 0.4705 0.4705 0.4705 0.4705 0.4705 0.4705 0.4705 0.4705 0.4705 0.4705 0.4705 0.4705 0.4705 0.4705 0.4705 0.4705 0.4705 0.4705 0.4705 0.4705 0.4705 0.4705 0.4705 0.4705 0.4705 0.4705 0.4705 0.4705 0.4705 0.4705 0.4705 0.4705 0.4705 0.4705 0.4705 0.4705 0.4705 0.4705 0.4705 0.4705 0.4705 0.4705 0.4705 0.4705 0.4705 0.4705 0.4705 0.4705 
result for recall@ 10
1668 18193 34437 50479 66409 82226 97960 113612 129203 144736 160228 175673 191057 206378 221654 236893 252054 267149 282180 297138 312061 326937 341745 356487 371202 385926 400675 415507 430383 445158 458774 471943 485044 498230 511604 525218 538683 551944 565247 578593 592026 605576 619231 632966 646836 660824 674941 689218 703651 718265 733059 748058 763240 778639 794274 810235 826588 843367 860675 878449 896721 915504 934839 954740 975814 1.00002e+06 
0.33528 0.5593 0.57103 0.57356 0.57438 0.57468 0.57476 0.57479 0.57485 0.57487 0.57487 0.57488 0.57488 0.57488 0.57488 0.57488 0.57488 0.57488 0.57488 0.57488 0.57488 0.57488 0.57488 0.57488 0.57488 0.57488 0.57488 0.57488 0.57488 0.57488 0.57488 0.57488 0.57488 0.57488 0.57488 0.57488 0.57488 0.57488 0.57488 0.57488 0.57488 0.57488 0.57488 0.57488 0.57488 0.57488 0.57488 0.57488 0.57488 0.57488 0.57488 0.57488 0.57488 0.57488 0.57488 0.57488 0.57488 0.57488 0.57488 0.57488 0.57488 0.57488 0.57488 0.57488 0.57488 0.57488 
result for recall@ 100
1668 18193 34437 50479 66409 82226 97960 113612 129203 144736 160228 175673 191057 206378 221654 236893 252054 267149 282180 297138 312061 326937 341745 356487 371202 385926 400675 415507 430383 445158 458774 471943 485044 498230 511604 525218 538683 551944 565247 578593 592026 605576 619231 632966 646836 660824 674941 689218 703651 718265 733059 748058 763240 778639 794274 810235 826588 843367 860675 878449 896721 915504 934839 954740 975814 1.00002e+06 
0.314379 0.617363 0.638468 0.64372 0.64556 0.646343 0.646672 0.646871 0.646977 0.647021 0.647048 0.647078 0.647091 0.6471 0.647108 0.64711 0.647111 0.647109 0.64711 0.64711 0.64711 0.64711 0.64711 0.64711 0.64711 0.64711 0.64711 0.64711 0.64711 0.64711 0.64711 0.64711 0.64711 0.64711 0.64711 0.64711 0.64711 0.64711 0.64711 0.64711 0.64711 0.64711 0.64711 0.64711 0.64711 0.64711 0.64711 0.64711 0.64711 0.64711 0.64711 0.64711 0.64711 0.64711 0.64711 0.64711 0.64711 0.64711 0.64711 0.64711 0.64711 0.64711 0.64711 0.64711 0.64711 0.64711 
Kmeans with centroids: 700
Base vector - centroid distance
55606.8 54157.9 53589.4 53282.8 53088.4 52950.9 52849.3 52766.3 52700.3 52645 52599.3 52561.9 52529.5 52502.4 52478.7 52458.5 52440.5 52425.7 52409.7 52395.6 
Compression Loss distance
10758.3 10265 10036 9904.08 9817.12 9755.44 9710.25 9675.67 9647.75 9624.94 9606.03 9589.68 9575.5 9563.5 9552.83 9543.52 9535.03 9527.39 9520.51 9514.44 9508.85 9503.83 9499.16 9495 9491.05 9487.44 9484.05 9481.06 9478.11 9475.58 9472.94 9470.64 9468.29 9466.23 9464.13 9462.43 9460.65 9459 9457.34 9455.75 9454.53 9452.9 9451.64 9450.33 9448.95 9447.78 9446.65 9445.67 9444.55 9443.49 9442.54 9441.69 9441.03 9440.08 9439.25 9438.36 9437.71 9436.84 9435.97 9435.21 
result for recall@ 1
1560 17028 32202 47216 62087 76871 91585 106202 120776 135298 149747 164135 178481 192786 207026 221210 235345 249413 263427 277386 291265 305059 318832 332532 346171 359729 373245 386677 400031 413417 426837 440339 453992 467820 481815 495462 507744 519807 531862 543975 556138 568384 580696 593087 605530 618022 630611 643306 656099 668992 682016 695162 708432 721851 735447 749229 763203 777386 791820 806479 821447 836722 852327 868364 884912 901990 919596 937714 956479 976516 1.00002e+06 
0.2895 0.469 0.4757 0.4776 0.4777 0.4778 0.4777 0.4778 0.4777 0.4777 0.4778 0.4778 0.4778 0.4778 0.4778 0.4778 0.4778 0.4778 0.4778 0.4778 0.4778 0.4778 0.4778 0.4778 0.4778 0.4778 0.4778 0.4778 0.4778 0.4778 0.4778 0.4778 0.4778 0.4778 0.4778 0.4778 0.4778 0.4778 0.4778 0.4778 0.4778 0.4778 0.4778 0.4778 0.4778 0.4778 0.4778 0.4778 0.4778 0.4778 0.4778 0.4778 0.4778 0.4778 0.4778 0.4778 0.4778 0.4778 0.4778 0.4778 0.4778 0.4778 0.4778 0.4778 0.4778 0.4778 0.4778 0.4778 0.4778 0.4778 0.4778 
result for recall@ 10
1560 17028 32202 47216 62087 76871 91585 106202 120776 135298 149747 164135 178481 192786 207026 221210 235345 249413 263427 277386 291265 305059 318832 332532 346171 359729 373245 386677 400031 413417 426837 440339 453992 467820 481815 495462 507744 519807 531862 543975 556138 568384 580696 593087 605530 618022 630611 643306 656099 668992 682016 695162 708432 721851 735447 749229 763203 777386 791820 806479 821447 836722 852327 868364 884912 901990 919596 937714 956479 976516 1.00002e+06 
0.3312 0.55894 0.56961 0.57216 0.57275 0.573 0.5731 0.57317 0.57323 0.57322 0.57326 0.57328 0.57328 0.57329 0.57329 0.57329 0.57329 0.57329 0.57329 0.57329 0.57329 0.57329 0.57329 0.57329 0.57329 0.57329 0.57329 0.57329 0.57329 0.57329 0.57329 0.57329 0.57329 0.57329 0.57329 0.57329 0.57329 0.57329 0.57329 0.57329 0.57329 0.57329 0.57329 0.57329 0.57329 0.57329 0.57329 0.57329 0.57329 0.57329 0.57329 0.57329 0.57329 0.57329 0.57329 0.57329 0.57329 0.57329 0.57329 0.57329 0.57329 0.57329 0.57329 0.57329 0.57329 0.57329 0.57329 0.57329 0.57329 0.57329 0.57329 
result for recall@ 100
1560 17028 32202 47216 62087 76871 91585 106202 120776 135298 149747 164135 178481 192786 207026 221210 235345 249413 263427 277386 291265 305059 318832 332532 346171 359729 373245 386677 400031 413417 426837 440339 453992 467820 481815 495462 507744 519807 531862 543975 556138 568384 580696 593087 605530 618022 630611 643306 656099 668992 682016 695162 708432 721851 735447 749229 763203 777386 791820 806479 821447 836722 852327 868364 884912 901990 919596 937714 956479 976516 1.00002e+06 
0.307318 0.617001 0.638634 0.644116 0.646113 0.646989 0.647357 0.647597 0.647687 0.647764 0.647788 0.647804 0.647814 0.647819 0.647821 0.647823 0.647824 0.647824 0.647824 0.647824 0.647823 0.647823 0.647824 0.647824 0.647824 0.647825 0.647825 0.647825 0.647825 0.647825 0.647825 0.647825 0.647825 0.647825 0.647825 0.647825 0.647825 0.647825 0.647825 0.647825 0.647825 0.647825 0.647825 0.647825 0.647825 0.647825 0.647825 0.647825 0.647825 0.647825 0.647825 0.647825 0.647825 0.647825 0.647825 0.647825 0.647825 0.647825 0.647825 0.647825 0.647825 0.647825 0.647825 0.647825 0.647825 0.647825 0.647825 0.647825 0.647825 0.647825 0.647825 
Kmeans with centroids: 750
Base vector - centroid distance
55197.7 53830.7 53292.3 52994 52798.1 52661.8 52557.3 52474.8 52407.9 52352.1 52305.1 52267.1 52234.2 52205.3 52178.6 52156.1 52135.7 52118.8 52102.2 52087.1 
Compression Loss distance
10735.7 10251.2 10025.5 9892.57 9802.98 9738.33 9689.53 9651.64 9621.18 9596.54 9576.47 9560.15 9545.85 9533.85 9523.23 9513.85 9505.19 9497.42 9490.55 9484.11 9478.6 9473.1 9468.07 9463.36 9459.15 9455.27 9451.67 9448.43 9445.1 9442.41 9439.57 9436.82 9434.24 9432.13 9429.98 9427.79 9425.8 9423.81 9422.06 9420.35 9418.59 9417.05 9415.67 9414.38 9413.28 9412.09 9410.82 9409.86 9408.84 9407.86 9407.01 9406.15 9405.18 9404.39 9403.49 9402.76 9401.96 9401.27 9400.51 9399.97 
result for recall@ 1
1449 15851 30014 44033 57920 71718 85448 99112 112724 126263 139782 153250 166687 180066 193407 206726 219967 233178 246341 259426 272476 285468 298418 311297 324144 336917 349618 362290 374877 387420 399926 412475 425096 437827 450662 463502 475441 487192 498959 510852 522677 534174 545589 557017 568508 580062 591699 603425 615240 627142 639120 651171 663298 675483 687764 700118 712570 725125 737798 750603 763590 776776 790159 803784 817661 831855 846356 861194 876403 892060 908236 924916 942038 959687 978515 1.00002e+06 
0.2851 0.4633 0.4706 0.4729 0.4738 0.4738 0.4741 0.4741 0.4741 0.4742 0.4743 0.4743 0.4743 0.4743 0.4743 0.4743 0.4743 0.4743 0.4743 0.4743 0.4743 0.4743 0.4743 0.4743 0.4743 0.4743 0.4743 0.4743 0.4743 0.4743 0.4743 0.4743 0.4743 0.4743 0.4743 0.4743 0.4743 0.4743 0.4743 0.4743 0.4743 0.4743 0.4743 0.4743 0.4743 0.4743 0.4743 0.4743 0.4743 0.4743 0.4743 0.4743 0.4743 0.4743 0.4743 0.4743 0.4743 0.4743 0.4743 0.4743 0.4743 0.4743 0.4743 0.4743 0.4743 0.4743 0.4743 0.4743 0.4743 0.4743 0.4743 0.4743 0.4743 0.4743 0.4743 0.4743 
result for recall@ 10
1449 15851 30014 44033 57920 71718 85448 99112 112724 126263 139782 153250 166687 180066 193407 206726 219967 233178 246341 259426 272476 285468 298418 311297 324144 336917 349618 362290 374877 387420 399926 412475 425096 437827 450662 463502 475441 487192 498959 510852 522677 534174 545589 557017 568508 580062 591699 603425 615240 627142 639120 651171 663298 675483 687764 700118 712570 725125 737798 750603 763590 776776 790159 803784 817661 831855 846356 861194 876403 892060 908236 924916 942038 959687 978515 1.00002e+06 
0.32945 0.55756 0.56917 0.57176 0.57291 0.57333 0.57352 0.57357 0.57363 0.57364 0.57366 0.57367 0.57367 0.57367 0.57367 0.57367 0.57367 0.57367 0.57367 0.57367 0.57367 0.57367 0.57367 0.57367 0.57367 0.57367 0.57367 0.57367 0.57367 0.57367 0.57367 0.57367 0.57367 0.57367 0.57367 0.57367 0.57367 0.57367 0.57367 0.57367 0.57367 0.57367 0.57367 0.57367 0.57367 0.57367 0.57367 0.57367 0.57367 0.57367 0.57367 0.57367 0.57367 0.57367 0.57367 0.57367 0.57367 0.57367 0.57367 0.57367 0.57367 0.57367 0.57367 0.57367 0.57367 0.57367 0.57367 0.57367 0.57367 0.57367 0.57367 0.57367 0.57367 0.57367 0.57367 0.57367 
result for recall@ 100
1449 15851 30014 44033 57920 71718 85448 99112 112724 126263 139782 153250 166687 180066 193407 206726 219967 233178 246341 259426 272476 285468 298418 311297 324144 336917 349618 362290 374877 387420 399926 412475 425096 437827 450662 463502 475441 487192 498959 510852 522677 534174 545589 557017 568508 580062 591699 603425 615240 627142 639120 651171 663298 675483 687764 700118 712570 725125 737798 750603 763590 776776 790159 803784 817661 831855 846356 861194 876403 892060 908236 924916 942038 959687 978515 1.00002e+06 
0.302372 0.614399 0.637701 0.64384 0.646106 0.647082 0.647572 0.647852 0.647998 0.648073 0.648113 0.648135 0.648151 0.648158 0.648163 0.64817 0.648174 0.648176 0.648176 0.648177 0.648177 0.648177 0.648178 0.648178 0.648178 0.648178 0.648178 0.648178 0.648178 0.648178 0.648178 0.648178 0.648178 0.648178 0.648178 0.648178 0.648178 0.648178 0.648178 0.648178 0.648178 0.648178 0.648178 0.648178 0.648178 0.648178 0.648178 0.648178 0.648178 0.648178 0.648178 0.648178 0.648178 0.648178 0.648178 0.648178 0.648178 0.648178 0.648178 0.648178 0.648178 0.648178 0.648178 0.648178 0.648178 0.648178 0.648178 0.648178 0.648178 0.648178 0.648178 0.648178 0.648178 0.648178 0.648178 0.648178 
Kmeans with centroids: 800
Base vector - centroid distance
54975.3 53522 52954.1 52643.3 52451.4 52313.9 52211.1 52131.5 52069.8 52019.5 51977.8 51941.1 51910.2 51882.8 51857.8 51835.8 51816.7 51799.8 51783.3 51768.7 
Compression Loss distance
10678.1 10192.9 9965.22 9831.53 9744.17 9682.86 9637.09 9601.46 9572.5 9548.85 9529.35 9513.12 9499.13 9487.32 9476.8 9467.69 9459.39 9452.13 9445.58 9439.69 9434.37 9429.62 9424.76 9420.51 9416.54 9412.7 9409.58 9406.4 9403.66 9400.62 9397.91 9395.38 9393.08 9391 9388.95 9387.24 9385.26 9383.52 9381.7 9380.06 9378.5 9377.07 9375.94 9374.66 9373.58 9372.41 9371.48 9370.54 9369.7 9368.76 9367.92 9366.93 9366.13 9365.32 9364.66 9364 9363.23 9362.43 9361.85 9361.22 
result for recall@ 1
1361 14888 28188 41330 54368 67281 80117 92886 105590 118274 130888 143458 155961 168440 180878 193279 205654 217992 230285 242535 254747 266924 279055 291147 303182 315174 327111 338989 350815 362594 374357 386113 397879 409638 421464 433374 445414 457685 470178 482767 494740 505831 516473 527064 537675 548304 558958 569643 580379 591161 602000 612907 623891 634924 646024 657195 668448 679777 691198 702711 714343 726103 737979 750019 762214 774580 787138 799930 812955 826248 839857 853812 868101 882722 897667 912932 928520 944452 961075 979154 1.00002e+06 
0.2854 0.4619 0.4688 0.4706 0.4717 0.4721 0.4725 0.4724 0.4724 0.4724 0.4724 0.4724 0.4724 0.4724 0.4724 0.4724 0.4724 0.4724 0.4724 0.4724 0.4724 0.4724 0.4724 0.4724 0.4724 0.4724 0.4724 0.4724 0.4724 0.4724 0.4724 0.4724 0.4724 0.4724 0.4724 0.4724 0.4724 0.4724 0.4724 0.4724 0.4724 0.4724 0.4724 0.4724 0.4724 0.4724 0.4724 0.4724 0.4724 0.4724 0.4724 0.4724 0.4724 0.4724 0.4724 0.4724 0.4724 0.4724 0.4724 0.4724 0.4724 0.4724 0.4724 0.4724 0.4724 0.4724 0.4724 0.4724 0.4724 0.4724 0.4724 0.4724 0.4724 0.4724 0.4724 0.4724 0.4724 0.4724 0.4724 0.4724 0.4724 
result for recall@ 10
1361 14888 28188 41330 54368 67281 80117 92886 105590 118274 130888 143458 155961 168440 180878 193279 205654 217992 230285 242535 254747 266924 279055 291147 303182 315174 327111 338989 350815 362594 374357 386113 397879 409638 421464 433374 445414 457685 470178 482767 494740 505831 516473 527064 537675 548304 558958 569643 580379 591161 602000 612907 623891 634924 646024 657195 668448 679777 691198 702711 714343 726103 737979 750019 762214 774580 787138 799930 812955 826248 839857 853812 868101 882722 897667 912932 928520 944452 961075 979154 1.00002e+06 
0.32722 0.56109 0.57377 0.5765 0.57734 0.57782 0.57802 0.57813 0.57821 0.57824 0.57826 0.57829 0.5783 0.5783 0.5783 0.5783 0.5783 0.5783 0.5783 0.5783 0.5783 0.5783 0.5783 0.5783 0.5783 0.5783 0.5783 0.5783 0.5783 0.5783 0.5783 0.5783 0.5783 0.5783 0.5783 0.5783 0.5783 0.5783 0.5783 0.5783 0.5783 0.5783 0.5783 0.5783 0.5783 0.5783 0.5783 0.5783 0.5783 0.5783 0.5783 0.5783 0.5783 0.5783 0.5783 0.5783 0.5783 0.5783 0.5783 0.5783 0.5783 0.5783 0.5783 0.5783 0.5783 0.5783 0.5783 0.5783 0.5783 0.5783 0.5783 0.5783 0.5783 0.5783 0.5783 0.5783 0.5783 0.5783 0.5783 0.5783 0.5783 
result for recall@ 100
1361 14888 28188 41330 54368 67281 80117 92886 105590 118274 130888 143458 155961 168440 180878 193279 205654 217992 230285 242535 254747 266924 279055 291147 303182 315174 327111 338989 350815 362594 374357 386113 397879 409638 421464 433374 445414 457685 470178 482767 494740 505831 516473 527064 537675 548304 558958 569643 580379 591161 602000 612907 623891 634924 646024 657195 668448 679777 691198 702711 714343 726103 737979 750019 762214 774580 787138 799930 812955 826248 839857 853812 868101 882722 897667 912932 928520 944452 961075 979154 1.00002e+06 
0.29905 0.614222 0.638071 0.644757 0.647221 0.648319 0.648866 0.649192 0.649343 0.64943 0.649487 0.649516 0.649528 0.649543 0.64955 0.649556 0.649564 0.649568 0.649568 0.649568 0.649568 0.649568 0.649568 0.649569 0.649569 0.649569 0.649569 0.649569 0.649569 0.649569 0.649569 0.649569 0.649569 0.649569 0.649569 0.649569 0.649569 0.649569 0.649569 0.649569 0.649569 0.649569 0.649569 0.649569 0.649569 0.649569 0.649569 0.649569 0.649569 0.649569 0.649569 0.649569 0.649569 0.649569 0.649569 0.649569 0.649569 0.649569 0.649569 0.649569 0.649569 0.649569 0.649569 0.649569 0.649569 0.649569 0.649569 0.649569 0.649569 0.649569 0.649569 0.649569 0.649569 0.649569 0.649569 0.649569 0.649569 0.649569 0.649569 0.649569 0.649569 
Kmeans with centroids: 850
Base vector - centroid distance
54648 53208.2 52658.6 52361.2 52170.6 52034.8 51937.3 51858.2 51796.2 51744.7 51699.6 51661.5 51628.1 51599.6 51575.1 51553.1 51531.5 51513.3 51496.7 51480.4 
Compression Loss distance
10647.4 10157.3 9932.02 9802.08 9716.52 9655.44 9609.93 9574.6 9546.22 9523.27 9503.85 9488.06 9474.64 9462.84 9452.13 9442.73 9434.65 9427.43 9420.99 9415.04 9409.37 9404.5 9399.98 9395.63 9391.81 9388.04 9384.73 9381.44 9378.58 9375.81 9373.18 9370.74 9368.47 9366.25 9364.19 9362.18 9360.3 9358.43 9356.97 9355.27 9353.72 9352.07 9350.65 9349.32 9348.05 9346.84 9345.64 9344.56 9343.51 9342.4 9341.55 9340.76 9339.77 9339.06 9338.25 9337.43 9336.62 9335.99 9335.3 9334.66 
result for recall@ 1
1269 13947 26444 38806 51086 63292 75440 87530 99569 111582 123571 135532 147442 159322 171184 183015 194816 206613 218383 230111 241808 253463 265062 276610 288149 299629 311051 322409 333719 344958 356142 367305 378425 389496 400541 411585 422617 433689 444796 455842 466258 476471 486752 497143 507634 518178 528510 538733 548952 559194 569457 579764 590116 600510 610966 621457 632003 642606 653288 664029 674859 685759 696741 707842 719026 730310 741686 753182 764806 776555 788461 800530 812744 825150 837770 850614 863710 877105 890859 904946 919383 934099 949160 964662 980975 1.00002e+06 
0.2887 0.4653 0.4741 0.4762 0.4769 0.4774 0.4774 0.4775 0.4776 0.4776 0.4776 0.4776 0.4776 0.4776 0.4776 0.4776 0.4776 0.4776 0.4776 0.4776 0.4776 0.4776 0.4776 0.4776 0.4776 0.4776 0.4776 0.4776 0.4776 0.4776 0.4776 0.4776 0.4776 0.4776 0.4776 0.4776 0.4776 0.4776 0.4776 0.4776 0.4776 0.4776 0.4776 0.4776 0.4776 0.4776 0.4776 0.4776 0.4776 0.4776 0.4776 0.4776 0.4776 0.4776 0.4776 0.4776 0.4776 0.4776 0.4776 0.4776 0.4776 0.4776 0.4776 0.4776 0.4776 0.4776 0.4776 0.4776 0.4776 0.4776 0.4776 0.4776 0.4776 0.4776 0.4776 0.4776 0.4776 0.4776 0.4776 0.4776 0.4776 0.4776 0.4776 0.4776 0.4776 0.4776 
result for recall@ 10
1269 13947 26444 38806 51086 63292 75440 87530 99569 111582 123571 135532 147442 159322 171184 183015 194816 206613 218383 230111 241808 253463 265062 276610 288149 299629 311051 322409 333719 344958 356142 367305 378425 389496 400541 411585 422617 433689 444796 455842 466258 476471 486752 497143 507634 518178 528510 538733 548952 559194 569457 579764 590116 600510 610966 621457 632003 642606 653288 664029 674859 685759 696741 707842 719026 730310 741686 753182 764806 776555 788461 800530 812744 825150 837770 850614 863710 877105 890859 904946 919383 934099 949160 964662 980975 1.00002e+06 
0.32458 0.55744 0.5706 0.57351 0.57471 0.57524 0.57539 0.57553 0.57558 0.57559 0.57561 0.57561 0.57562 0.57563 0.57563 0.57562 0.57562 0.57562 0.57562 0.57562 0.57562 0.57562 0.57562 0.57562 0.57562 0.57562 0.57562 0.57562 0.57562 0.57562 0.57562 0.57562 0.57562 0.57562 0.57562 0.57562 0.57562 0.57562 0.57562 0.57562 0.57562 0.57562 0.57562 0.57562 0.57562 0.57562 0.57562 0.57562 0.57562 0.57562 0.57562 0.57562 0.57562 0.57562 0.57562 0.57562 0.57562 0.57562 0.57562 0.57562 0.57562 0.57562 0.57562 0.57562 0.57562 0.57562 0.57562 0.57562 0.57562 0.57562 0.57562 0.57562 0.57562 0.57562 0.57562 0.57562 0.57562 0.57562 0.57562 0.57562 0.57562 0.57562 0.57562 0.57562 0.57562 0.57562 
result for recall@ 100
1269 13947 26444 38806 51086 63292 75440 87530 99569 111582 123571 135532 147442 159322 171184 183015 194816 206613 218383 230111 241808 253463 265062 276610 288149 299629 311051 322409 333719 344958 356142 367305 378425 389496 400541 411585 422617 433689 444796 455842 466258 476471 486752 497143 507634 518178 528510 538733 548952 559194 569457 579764 590116 600510 610966 621457 632003 642606 653288 664029 674859 685759 696741 707842 719026 730310 741686 753182 764806 776555 788461 800530 812744 825150 837770 850614 863710 877105 890859 904946 919383 934099 949160 964662 980975 1.00002e+06 
0.294978 0.612044 0.636559 0.643529 0.64618 0.647399 0.647988 0.648333 0.648537 0.648644 0.648709 0.648748 0.648767 0.648788 0.648803 0.648807 0.648811 0.648811 0.648816 0.648818 0.64882 0.648819 0.648819 0.648819 0.64882 0.64882 0.64882 0.64882 0.64882 0.64882 0.64882 0.64882 0.64882 0.64882 0.64882 0.64882 0.64882 0.64882 0.64882 0.64882 0.64882 0.64882 0.64882 0.64882 0.64882 0.64882 0.64882 0.64882 0.64882 0.64882 0.64882 0.64882 0.64882 0.64882 0.64882 0.64882 0.64882 0.64882 0.64882 0.64882 0.64882 0.64882 0.64882 0.64882 0.64882 0.64882 0.64882 0.64882 0.64882 0.64882 0.64882 0.64882 0.64882 0.64882 0.64882 0.64882 0.64882 0.64882 0.64882 0.64882 0.64882 0.64882 0.64882 0.64882 0.64882 0.64882 
Kmeans with centroids: 900
Base vector - centroid distance
54479.3 53010.5 52428.7 52113.4 51914.4 51773.4 51665.3 51584.1 51517.2 51463.3 51420 51382.4 51349.9 51321.4 51296.5 51273.7 51255.3 51239.7 51225.8 51212.3 
Compression Loss distance
10572.8 10100.9 9884.6 9757.87 9674.2 9615.01 9570.31 9536.01 9508.41 9485.83 9466.93 9450.84 9437.56 9426.16 9416.31 9407.34 9399.27 9391.95 9385.63 9379.45 9373.96 9369.08 9364.71 9360.46 9356.54 9353.08 9349.91 9347.08 9344.29 9341.74 9339.29 9337.07 9334.66 9332.59 9330.84 9329.08 9327.44 9325.87 9324.13 9322.55 9320.87 9319.56 9318.15 9316.94 9315.69 9314.59 9313.43 9312.33 9311.19 9310.18 9309.29 9308.36 9307.54 9306.68 9306.17 9305.43 9304.87 9304.18 9303.41 9302.64 
result for recall@ 1
1201 13208 25008 36697 48272 59762 71183 82563 93896 105189 116451 127663 138840 149986 161107 172202 183280 194345 205373 216391 227364 238319 249228 260115 270974 281789 292555 303310 314018 324694 335338 345935 356503 367041 377534 388027 398534 409054 419597 430182 440789 451415 462141 472886 483184 493393 503562 513407 522955 532487 542022 551557 561116 570708 580322 589974 599662 609404 619172 629015 638919 648858 658849 668896 679015 689202 699459 709796 720224 730749 741367 752084 762937 773912 785030 796323 807798 819472 831387 843509 855892 868512 881420 894658 908199 922016 936154 950633 965568 981577 1.00002e+06 
0.2815 0.4636 0.4709 0.4734 0.4738 0.4741 0.4743 0.4744 0.4744 0.4744 0.4744 0.4744 0.4744 0.4744 0.4744 0.4744 0.4744 0.4744 0.4744 0.4744 0.4744 0.4744 0.4744 0.4744 0.4744 0.4744 0.4744 0.4744 0.4744 0.4744 0.4744 0.4744 0.4744 0.4744 0.4744 0.4744 0.4744 0.4744 0.4744 0.4744 0.4744 0.4744 0.4744 0.4744 0.4744 0.4744 0.4744 0.4744 0.4744 0.4744 0.4744 0.4744 0.4744 0.4744 0.4744 0.4744 0.4744 0.4744 0.4744 0.4744 0.4744 0.4744 0.4744 0.4744 0.4744 0.4744 0.4744 0.4744 0.4744 0.4744 0.4744 0.4744 0.4744 0.4744 0.4744 0.4744 0.4744 0.4744 0.4744 0.4744 0.4744 0.4744 0.4744 0.4744 0.4744 0.4744 0.4744 0.4744 0.4744 0.4744 0.4744 
result for recall@ 10
1201 13208 25008 36697 48272 59762 71183 82563 93896 105189 116451 127663 138840 149986 161107 172202 183280 194345 205373 216391 227364 238319 249228 260115 270974 281789 292555 303310 314018 324694 335338 345935 356503 367041 377534 388027 398534 409054 419597 430182 440789 451415 462141 472886 483184 493393 503562 513407 522955 532487 542022 551557 561116 570708 580322 589974 599662 609404 619172 629015 638919 648858 658849 668896 679015 689202 699459 709796 720224 730749 741367 752084 762937 773912 785030 796323 807798 819472 831387 843509 855892 868512 881420 894658 908199 922016 936154 950633 965568 981577 1.00002e+06 
0.32288 0.55939 0.57288 0.57624 0.57718 0.57768 0.57799 0.57815 0.57823 0.57826 0.57826 0.57828 0.57829 0.5783 0.57831 0.57831 0.57831 0.57831 0.57831 0.57831 0.57831 0.57831 0.57831 0.57831 0.57831 0.57831 0.57831 0.57831 0.57831 0.57831 0.57831 0.57831 0.57831 0.57831 0.57831 0.57831 0.57831 0.57831 0.57831 0.57831 0.57831 0.57831 0.57831 0.57831 0.57831 0.57831 0.57831 0.57831 0.57831 0.57831 0.57831 0.57831 0.57831 0.57831 0.57831 0.57831 0.57831 0.57831 0.57831 0.57831 0.57831 0.57831 0.57831 0.57831 0.57831 0.57831 0.57831 0.57831 0.57831 0.57831 0.57831 0.57831 0.57831 0.57831 0.57831 0.57831 0.57831 0.57831 0.57831 0.57831 0.57831 0.57831 0.57831 0.57831 0.57831 0.57831 0.57831 0.57831 0.57831 0.57831 0.57831 
result for recall@ 100
1201 13208 25008 36697 48272 59762 71183 82563 93896 105189 116451 127663 138840 149986 161107 172202 183280 194345 205373 216391 227364 238319 249228 260115 270974 281789 292555 303310 314018 324694 335338 345935 356503 367041 377534 388027 398534 409054 419597 430182 440789 451415 462141 472886 483184 493393 503562 513407 522955 532487 542022 551557 561116 570708 580322 589974 599662 609404 619172 629015 638919 648858 658849 668896 679015 689202 699459 709796 720224 730749 741367 752084 762937 773912 785030 796323 807798 819472 831387 843509 855892 868512 881420 894658 908199 922016 936154 950633 965568 981577 1.00002e+06 
0.289426 0.611091 0.636996 0.644308 0.647192 0.648516 0.649158 0.649512 0.649723 0.649847 0.649904 0.649944 0.64997 0.649988 0.650007 0.650014 0.650017 0.650022 0.650029 0.65003 0.650032 0.650033 0.650034 0.650034 0.650034 0.650034 0.650034 0.650035 0.650035 0.650035 0.650036 0.650036 0.650036 0.650036 0.650036 0.650036 0.650036 0.650036 0.650036 0.650036 0.650036 0.650036 0.650036 0.650036 0.650036 0.650036 0.650036 0.650036 0.650036 0.650036 0.650036 0.650036 0.650036 0.650036 0.650036 0.650036 0.650036 0.650036 0.650036 0.650036 0.650036 0.650036 0.650036 0.650036 0.650036 0.650036 0.650036 0.650036 0.650036 0.650036 0.650036 0.650036 0.650036 0.650036 0.650036 0.650036 0.650036 0.650036 0.650036 0.650036 0.650036 0.650036 0.650036 0.650036 0.650036 0.650036 0.650036 0.650036 0.650036 0.650036 0.650036 
Kmeans with centroids: 950
Base vector - centroid distance
54214.6 52759.7 52176.1 51859 51660.4 51524.5 51422.1 51340.2 51274.2 51220.6 51175.7 51137.7 51105.8 51077.7 51053.4 51033 51014.5 50997.4 50982 50967.6 
Compression Loss distance
10587.7 10112.3 9887.95 9753.81 9665.67 9602.7 9556.16 9521.07 9492.42 9469.3 9449.86 9433.32 9419.39 9406.69 9395.97 9386.6 9377.94 9370.22 9363.13 9356.75 9350.85 9345.38 9340.47 9335.91 9331.84 9328.12 9324.45 9321.05 9318.2 9315.57 9312.98 9310.55 9308.13 9305.92 9303.8 9301.88 9300.15 9298.27 9296.63 9295.05 9293.66 9292.24 9290.94 9289.66 9288.4 9287.06 9285.99 9284.71 9283.56 9282.72 9281.64 9280.55 9279.65 9278.81 9277.88 9277.14 9276.21 9275.46 9274.54 9273.66 
result for recall@ 1
1139 12475 23634 34680 45622 56511 67314 78081 88813 99509 110166 120788 131384 141961 152534 163058 173564 184051 194498 204918 215328 225706 236058 246397 256711 267019 277281 287528 297720 307881 318010 328099 338146 348152 358130 368069 377987 387888 397801 407737 417704 427694 437769 447907 458108 468294 477873 487371 496922 506572 516111 525274 534391 543492 552611 561742 570895 580086 589286 598535 607828 617141 626490 635870 645290 654770 664291 673890 683544 693283 703088 712973 722932 732990 743145 753406 763760 774216 784790 795472 806287 817238 828349 839628 851118 862832 874817 887044 899528 912296 925385 938807 952571 966843 982121 1.00002e+06 
0.2832 0.4662 0.4746 0.4765 0.4769 0.4773 0.4779 0.4779 0.4779 0.4779 0.4779 0.4779 0.478 0.478 0.478 0.478 0.478 0.478 0.478 0.478 0.478 0.478 0.478 0.478 0.478 0.478 0.478 0.478 0.478 0.478 0.478 0.478 0.478 0.478 0.478 0.478 0.478 0.478 0.478 0.478 0.478 0.478 0.478 0.478 0.478 0.478 0.478 0.478 0.478 0.478 0.478 0.478 0.478 0.478 0.478 0.478 0.478 0.478 0.478 0.478 0.478 0.478 0.478 0.478 0.478 0.478 0.478 0.478 0.478 0.478 0.478 0.478 0.478 0.478 0.478 0.478 0.478 0.478 0.478 0.478 0.478 0.478 0.478 0.478 0.478 0.478 0.478 0.478 0.478 0.478 0.478 0.478 0.478 0.478 0.478 0.478 
result for recall@ 10
1139 12475 23634 34680 45622 56511 67314 78081 88813 99509 110166 120788 131384 141961 152534 163058 173564 184051 194498 204918 215328 225706 236058 246397 256711 267019 277281 287528 297720 307881 318010 328099 338146 348152 358130 368069 377987 387888 397801 407737 417704 427694 437769 447907 458108 468294 477873 487371 496922 506572 516111 525274 534391 543492 552611 561742 570895 580086 589286 598535 607828 617141 626490 635870 645290 654770 664291 673890 683544 693283 703088 712973 722932 732990 743145 753406 763760 774216 784790 795472 806287 817238 828349 839628 851118 862832 874817 887044 899528 912296 925385 938807 952571 966843 982121 1.00002e+06 
0.31975 0.55759 0.57149 0.57525 0.57673 0.57722 0.57757 0.57777 0.57785 0.57787 0.57792 0.57795 0.57797 0.57798 0.57798 0.57797 0.57797 0.57797 0.57797 0.57797 0.57797 0.57797 0.57797 0.57797 0.57797 0.57797 0.57797 0.57797 0.57797 0.57797 0.57797 0.57797 0.57797 0.57797 0.57797 0.57797 0.57797 0.57797 0.57797 0.57797 0.57797 0.57797 0.57797 0.57797 0.57797 0.57797 0.57797 0.57797 0.57797 0.57797 0.57797 0.57797 0.57797 0.57797 0.57797 0.57797 0.57797 0.57797 0.57797 0.57797 0.57797 0.57797 0.57797 0.57797 0.57797 0.57797 0.57797 0.57797 0.57797 0.57797 0.57797 0.57797 0.57797 0.57797 0.57797 0.57797 0.57797 0.57797 0.57797 0.57797 0.57797 0.57797 0.57797 0.57797 0.57797 0.57797 0.57797 0.57797 0.57797 0.57797 0.57797 0.57797 0.57797 0.57797 0.57797 0.57797 
result for recall@ 100
1139 12475 23634 34680 45622 56511 67314 78081 88813 99509 110166 120788 131384 141961 152534 163058 173564 184051 194498 204918 215328 225706 236058 246397 256711 267019 277281 287528 297720 307881 318010 328099 338146 348152 358130 368069 377987 387888 397801 407737 417704 427694 437769 447907 458108 468294 477873 487371 496922 506572 516111 525274 534391 543492 552611 561742 570895 580086 589286 598535 607828 617141 626490 635870 645290 654770 664291 673890 683544 693283 703088 712973 722932 732990 743145 753406 763760 774216 784790 795472 806287 817238 828349 839628 851118 862832 874817 887044 899528 912296 925385 938807 952571 966843 982121 1.00002e+06 
0.286389 0.610122 0.637117 0.644994 0.648098 0.64955 0.650291 0.650698 0.650928 0.651069 0.65117 0.651225 0.651258 0.651282 0.651292 0.651295 0.651304 0.651308 0.65131 0.651313 0.651316 0.651315 0.651315 0.651315 0.651315 0.651315 0.651315 0.651316 0.651316 0.651316 0.651316 0.651316 0.651316 0.651316 0.651316 0.651316 0.651316 0.651316 0.651316 0.651316 0.651316 0.651316 0.651316 0.651316 0.651316 0.651316 0.651316 0.651316 0.651316 0.651316 0.651316 0.651316 0.651316 0.651316 0.651316 0.651316 0.651316 0.651316 0.651316 0.651316 0.651316 0.651316 0.651316 0.651316 0.651316 0.651316 0.651316 0.651316 0.651316 0.651316 0.651316 0.651316 0.651316 0.651316 0.651316 0.651316 0.651316 0.651316 0.651316 0.651316 0.651316 0.651316 0.651316 0.651316 0.651316 0.651316 0.651316 0.651316 0.651316 0.651316 0.651316 0.651316 0.651316 0.651316 0.651316 0.651316 
Kmeans with centroids: 1000
Base vector - centroid distance
53881.6 52455 51892.8 51589.3 51394.4 51259.6 51160.1 51081.6 51018 50966.6 50923.6 50885.9 50853.7 50826 50801.9 50780 50761 50744.5 50729.5 50715.5 
Compression Loss distance
10544.4 10062.1 9839.2 9707.97 9622.86 9563.19 9518.73 9485.09 9458.8 9437.3 9419.75 9404.57 9391.47 9379.85 9369.56 9360.06 9351.94 9344.63 9337.87 9331.69 9326.31 9321.33 9316.73 9312.41 9308.63 9305.05 9301.9 9298.46 9295.58 9292.82 9290.2 9288.01 9285.77 9283.56 9281.5 9279.72 9277.96 9276.35 9274.56 9272.94 9271.68 9270.1 9268.82 9267.49 9266.25 9265.11 9263.71 9262.38 9261.35 9260.21 9259.29 9258.29 9257.36 9256.33 9255.54 9254.67 9253.67 9253.04 9252.1 9251.35 
result for recall@ 1
1081 11879 22501 33020 43455 53831 64148 74416 84634 94841 104988 115110 125214 135286 145346 155389 165413 175415 185386 195334 205258 215147 225029 234883 244711 254504 264271 274008 283718 293424 303081 312716 322311 331889 341437 350955 360442 369895 379338 388767 398182 407593 417010 426440 435914 445456 455070 464752 474302 483458 492638 501833 510992 519755 528374 536977 545572 554180 562801 571445 580119 588817 597559 606322 615126 623972 632866 641796 650776 659817 668905 678061 687261 696526 705849 715236 724679 734209 743817 753527 763328 773229 783247 793382 803636 814009 824514 835164 845990 857000 868221 879713 891461 903477 915744 928260 941081 954270 967960 982675 1.00002e+06 
0.277 0.464 0.4724 0.4743 0.4754 0.4756 0.476 0.476 0.476 0.476 0.476 0.476 0.4761 0.4761 0.4761 0.4761 0.4761 0.4761 0.4761 0.4761 0.4761 0.4761 0.4761 0.4761 0.4761 0.4761 0.4761 0.4761 0.4761 0.4761 0.4761 0.4761 0.4761 0.4761 0.4761 0.4761 0.4761 0.4761 0.4761 0.4761 0.4761 0.4761 0.4761 0.4761 0.4761 0.4761 0.4761 0.4761 0.4761 0.4761 0.4761 0.4761 0.4761 0.4761 0.4761 0.4761 0.4761 0.4761 0.4761 0.4761 0.4761 0.4761 0.4761 0.4761 0.4761 0.4761 0.4761 0.4761 0.4761 0.4761 0.4761 0.4761 0.4761 0.4761 0.4761 0.4761 0.4761 0.4761 0.4761 0.4761 0.4761 0.4761 0.4761 0.4761 0.4761 0.4761 0.4761 0.4761 0.4761 0.4761 0.4761 0.4761 0.4761 0.4761 0.4761 0.4761 0.4761 0.4761 0.4761 0.4761 0.4761 
result for recall@ 10
1081 11879 22501 33020 43455 53831 64148 74416 84634 94841 104988 115110 125214 135286 145346 155389 165413 175415 185386 195334 205258 215147 225029 234883 244711 254504 264271 274008 283718 293424 303081 312716 322311 331889 341437 350955 360442 369895 379338 388767 398182 407593 417010 426440 435914 445456 455070 464752 474302 483458 492638 501833 510992 519755 528374 536977 545572 554180 562801 571445 580119 588817 597559 606322 615126 623972 632866 641796 650776 659817 668905 678061 687261 696526 705849 715236 724679 734209 743817 753527 763328 773229 783247 793382 803636 814009 824514 835164 845990 857000 868221 879713 891461 903477 915744 928260 941081 954270 967960 982675 1.00002e+06 
0.31677 0.55729 0.5719 0.57557 0.57706 0.57772 0.57797 0.57816 0.57823 0.57828 0.57833 0.57833 0.57837 0.57837 0.57838 0.57838 0.57838 0.57838 0.57838 0.57838 0.57838 0.57838 0.57838 0.57838 0.57838 0.57838 0.57838 0.57838 0.57838 0.57838 0.57838 0.57838 0.57838 0.57838 0.57838 0.57838 0.57838 0.57838 0.57838 0.57838 0.57838 0.57838 0.57838 0.57838 0.57838 0.57838 0.57838 0.57838 0.57838 0.57838 0.57838 0.57838 0.57838 0.57838 0.57838 0.57838 0.57838 0.57838 0.57838 0.57838 0.57838 0.57838 0.57838 0.57838 0.57838 0.57838 0.57838 0.57838 0.57838 0.57838 0.57838 0.57838 0.57838 0.57838 0.57838 0.57838 0.57838 0.57838 0.57838 0.57838 0.57838 0.57838 0.57838 0.57838 0.57838 0.57838 0.57838 0.57838 0.57838 0.57838 0.57838 0.57838 0.57838 0.57838 0.57838 0.57838 0.57838 0.57838 0.57838 0.57838 0.57838 
result for recall@ 100
1081 11879 22501 33020 43455 53831 64148 74416 84634 94841 104988 115110 125214 135286 145346 155389 165413 175415 185386 195334 205258 215147 225029 234883 244711 254504 264271 274008 283718 293424 303081 312716 322311 331889 341437 350955 360442 369895 379338 388767 398182 407593 417010 426440 435914 445456 455070 464752 474302 483458 492638 501833 510992 519755 528374 536977 545572 554180 562801 571445 580119 588817 597559 606322 615126 623972 632866 641796 650776 659817 668905 678061 687261 696526 705849 715236 724679 734209 743817 753527 763328 773229 783247 793382 803636 814009 824514 835164 845990 857000 868221 879713 891461 903477 915744 928260 941081 954270 967960 982675 1.00002e+06 
0.283979 0.608142 0.635907 0.644124 0.647288 0.648805 0.649577 0.650026 0.650302 0.650471 0.650568 0.650612 0.650638 0.650667 0.650685 0.650698 0.650701 0.650705 0.650707 0.65071 0.650709 0.650708 0.650709 0.650711 0.650711 0.650711 0.650712 0.650712 0.650712 0.650712 0.650712 0.650712 0.650712 0.650712 0.650712 0.650712 0.650712 0.650712 0.650712 0.650712 0.650712 0.650712 0.650712 0.650712 0.650712 0.650712 0.650712 0.650712 0.650712 0.650712 0.650712 0.650712 0.650712 0.650712 0.650712 0.650712 0.650712 0.650712 0.650712 0.650712 0.650712 0.650712 0.650712 0.650712 0.650712 0.650712 0.650712 0.650712 0.650712 0.650712 0.650712 0.650712 0.650712 0.650712 0.650712 0.650712 0.650712 0.650712 0.650712 0.650712 0.650712 0.650712 0.650712 0.650712 0.650712 0.650712 0.650712 0.650712 0.650712 0.650712 0.650712 0.650712 0.650712 0.650712 0.650712 0.650712 0.650712 0.650712 0.650712 0.650712 0.650712 
