Kmeans with centroids: 100
Base vector - centroid distance
65209.2 63276 62535.4 62126.8 61878.2 61720 61606.1 61512.3 61433.8 61378.6 61331.9 61292.6 61261.1 61230.2 61206.4 61187.9 61170.2 61152 61134.2 61115.7 
Compression Loss distance
12252.9 11515 11169.1 10970 10839.6 10745.1 10676.3 10625.3 10585.3 10552.5 10525.8 10504.4 10487.1 10472.8 10460.8 10450.8 10442.2 10434.5 10427.9 10422.6 10418.3 10414.4 10410.9 10407.9 10404.7 10401.6 10399 10396.6 10394.8 10393.3 10391.9 10390.8 10389.7 10388.7 10387.9 10387.2 10386.5 10386 10385.5 10385.1 10384.7 10384.5 10384.3 10384 10383.9 10383.8 10383.7 10383.6 10383.5 10383.4 10383.4 10383.3 10383.2 10383.1 10383 10383 10383 10382.9 10382.9 10382.9 
result for recall@ 1
120 1279 2396 3450 4389 5217 6051 6921 7864 8907 10000 
0.52 0.69 0.69 0.69 0.69 0.69 0.69 0.69 0.69 0.69 0.69 
result for recall@ 10
120 1279 2396 3450 4389 5217 6051 6921 7864 8907 10000 
0.499 0.751 0.756 0.756 0.756 0.756 0.756 0.756 0.756 0.756 0.756 
result for recall@ 100
120 1279 2396 3450 4389 5217 6051 6921 7864 8907 10000 
0.344 0.7862 0.8005 0.8018 0.8017 0.8017 0.8017 0.8017 0.8017 0.8017 0.8017 
Kmeans with centroids: 150
Base vector - centroid distance
61935.1 60046.5 59307.1 58902.3 58659.8 58481.5 58344.6 58238.1 58153.1 58085.9 58024.7 57976.3 57934.2 57904.8 57878.2 57858.5 57842.6 57828.8 57817.5 57808.5 
Compression Loss distance
