Kmeans with centroids: 100
Base vector - centroid distance
65449.8 63357 62574.8 62147.8 61827.7 61597.3 61435.5 61315.5 61231.4 61177.2 61133.3 61099.1 61070.6 61048.6 61032.8 61017.8 61002 60982.6 60967.4 60951.8 60939 60930.2 60921.8 60916.2 60910.3 60906.2 60903 60900.5 60899.6 60899 60898.3 60897.8 60897.4 60897.1 60896.6 60896.6 60896.6 60896.6 60896.6 60896.6 60896.6 60896.6 60896.6 60896.6 60896.6 60896.6 60896.6 60896.6 60896.6 60896.6 
Compression Loss distance
11846.7 11201.1 10900.3 10729.7 10623.1 10550.8 10500.2 10463.6 10434.9 10411.6 10393.5 10378.8 10367 10356.8 10347.6 10339.6 10332.6 10326.7 10322.1 10317.7 10313.6 10310 10306.9 10304.2 10301.6 10299.3 10297.1 10295 10293.3 10291.8 10290.2 10288.9 10287.9 10287 10286.6 10286.1 10285.6 10285.1 10284.6 10284.2 10283.9 10283.7 10283.5 10283.4 10283.4 10283.3 10283.2 10283.2 10283.2 10283.1 
result for recall@ 1
114 1189 2219 3235 4138 5067 5911 6809 7787 8817 10000 
0.53 0.74 0.74 0.74 0.74 0.74 0.74 0.74 0.74 0.74 0.74 
result for recall@ 10
114 1189 2219 3235 4138 5067 5911 6809 7787 8817 10000 
0.49 0.732 0.737 0.737 0.737 0.737 0.737 0.737 0.737 0.737 0.737 
result for recall@ 100
114 1189 2219 3235 4138 5067 5911 6809 7787 8817 10000 
0.3548 0.7883 0.805 0.8059 0.8061 0.8061 0.8061 0.8061 0.8061 0.8061 0.8061 
Kmeans with centroids: 110
Base vector - centroid distance
64501.3 62383.1 61529.8 61062.2 60808.2 60667.6 60578 60509.7 60453.6 60403.9 60365.9 60338.5 60320.4 60307.1 60296.1 60288.8 60282.4 60277.9 60272.3 60266.4 60260.6 60255.4 60252.8 60250.6 60247.7 60245.7 60244.2 60241.7 60239.9 60239 60238.5 60238.2 60238.1 60238.1 60238.1 60238.1 60238.1 60238.1 60238.1 60238.1 60238.1 60238.1 60238.1 60238.1 60238.1 60238.1 60238.1 60238.1 60238.1 60238.1 
Compression Loss distance
11751.8 11113.2 10825.2 10665.3 10562.9 10493.3 10444.3 10407.2 10378.5 10355.6 10338 10323.2 10311.5 10302.3 10294.9 10288.8 10283.4 10279 10275.1 10271.9 10269.5 10267.1 10264.9 10263.1 10261.5 10259.8 10258.2 10257.3 10256.5 10255.7 10255 10254.5 10254.1 10253.7 10253.3 10253 10252.5 10252.1 10251.7 10251.4 10251.1 10250.8 10250.6 10250.4 10250.1 10250 10249.8 10249.6 10249.5 10249.5 
result for recall@ 1
113 1095 2043 2997 3877 4614 5342 6109 6933 7821 8772 10000 
0.55 0.68 0.69 0.69 0.69 0.69 0.69 0.69 0.69 0.69 0.69 0.69 
result for recall@ 10
113 1095 2043 2997 3877 4614 5342 6109 6933 7821 8772 10000 
0.496 0.748 0.754 0.754 0.754 0.754 0.754 0.754 0.754 0.754 0.754 0.754 
result for recall@ 100
113 1095 2043 2997 3877 4614 5342 6109 6933 7821 8772 10000 
0.3333 0.7871 0.8061 0.8079 0.808 0.8081 0.8081 0.8081 0.8081 0.8081 0.8081 0.8081 
Kmeans with centroids: 120
Base vector - centroid distance
63976.6 61883.8 61038.1 60556.8 60291.2 60140.3 60033.4 59952 59877.4 59819.4 59776.7 59750.2 59730.5 59714 59701 59687.4 59674.4 59660.5 59648.3 59640.6 59631.6 59622.7 59616.4 59608.6 59603.2 59599.7 59598.3 59597 59596.5 59596 59595.8 59595.5 59595.5 59595.5 59595.5 59595.5 59595.5 59595.5 59595.5 59595.5 59595.5 59595.5 59595.5 59595.5 59595.5 59595.5 59595.5 59595.5 59595.5 59595.5 
Compression Loss distance
11674 11039.3 10759.2 10603.5 10506.6 10439.4 10391.4 10355.7 10327.5 10304.7 10286.2 10271.7 10260 10250.1 10241.7 10235.3 10229.6 10224.6 10220.2 10216.9 10213.8 10211.1 10208.5 10206.4 10204.6 10202.9 10201.5 10200 10198.7 10197.6 10196.6 10195.9 10195.2 10194.7 10194.3 10193.8 10193.3 10193 10192.7 10192.5 10192.4 10192.2 10192 10191.8 10191.8 10191.7 10191.6 10191.5 10191.4 10191.3 
result for recall@ 1
104 1003 1849 2691 3509 4237 4980 5651 6363 7166 8019 8921 10000 
0.56 0.67 0.67 0.67 0.67 0.67 0.67 0.67 0.67 0.67 0.67 0.67 0.67 
result for recall@ 10
104 1003 1849 2691 3509 4237 4980 5651 6363 7166 8019 8921 10000 
0.516 0.753 0.756 0.756 0.756 0.756 0.756 0.756 0.756 0.756 0.756 0.756 0.756 
result for recall@ 100
104 1003 1849 2691 3509 4237 4980 5651 6363 7166 8019 8921 10000 
0.3409 0.7795 0.8007 0.803 0.8036 0.8036 0.8036 0.8036 0.8036 0.8036 0.8036 0.8036 0.8036 
Kmeans with centroids: 130
Base vector - centroid distance
63487.8 61431.6 60620.2 60192.6 59932.9 59773.5 59665.5 59588 59522 59470.3 59424.6 59386.4 59355.1 59326.1 59298.4 59277.5 59263.3 59248.9 59232.6 59217 59203.6 59187.9 59173.5 59158.5 59147.3 59137.8 59127.6 59118 59113.4 59111.2 59109.2 59106.2 59102.8 59099.1 59096.2 59093.9 59091.8 59089.8 59088.8 59088.1 59087.8 59086.3 59084.4 59083.3 59082.4 59081.4 59079.6 59079.2 59079.2 59079.2 
Compression Loss distance
11679.9 11043.2 10762.1 10607 10505.2 10438 10389.8 10352.8 10324 10301.8 10284.5 10270.7 10258.8 10248.6 10240.2 10232.7 10226.6 10221.8 10217.6 10213.4 10210 10207 10204.1 10201.5 10199.3 10197.3 10195.8 10194.5 10193.6 10192.8 10192.1 10191.6 10191 10190.3 10189.7 10189.2 10188.8 10188.5 10188.4 10188.3 10188.2 10188.1 10188.1 10188 10188 10187.9 10187.9 10187.8 10187.8 10187.8 
result for recall@ 1
98 966 1791 2590 3353 4067 4784 5430 6064 6751 7464 8211 9032 10000 
0.52 0.71 0.71 0.71 0.71 0.71 0.71 0.71 0.71 0.71 0.71 0.71 0.71 0.71 
result for recall@ 10
98 966 1791 2590 3353 4067 4784 5430 6064 6751 7464 8211 9032 10000 
0.471 0.731 0.736 0.737 0.737 0.737 0.737 0.737 0.737 0.737 0.737 0.737 0.737 0.737 
result for recall@ 100
98 966 1791 2590 3353 4067 4784 5430 6064 6751 7464 8211 9032 10000 
0.3268 0.7777 0.8025 0.8059 0.8064 0.8065 0.8065 0.8065 0.8065 0.8065 0.8065 0.8065 0.8065 0.8065 
Kmeans with centroids: 140
Base vector - centroid distance
63054.3 61162.8 60352.4 59913 59590.3 59345.6 59165.9 59028.4 58923.4 58840.7 58783.5 58743 58710.4 58681.6 58658.3 58640.8 58628.6 58613.7 58597.6 58587.6 58580.8 58575.3 58569.5 58564.9 58559 58553.5 58548.7 58543.8 58537.2 58531.5 58527.6 58524.8 58521.9 58520.7 58520.1 58518.6 58517.6 58516.1 58515.4 58514.6 58513.7 58513.4 58513.2 58513.2 58513.2 58513.2 58513.2 58513.2 58513.2 58513.2 
Compression Loss distance
11626.7 10997.3 10708.3 10551.1 10451 10381.8 10331.3 10293 10262.3 10239.2 10220.6 10204.4 10191.5 10180.8 10172.1 10165.1 10159.6 10154.6 10149.8 10145.8 10142.5 10139.7 10137.4 10135.4 10133.7 10132.2 10131.2 10130.1 10129.4 10128.8 10128.4 10128 10127.6 10127.3 10127 10126.7 10126.4 10126.1 10125.9 10125.7 10125.5 10125.4 10125.2 10125 10124.8 10124.5 10124.2 10124 10123.9 10123.8 
result for recall@ 1
89 859 1581 2264 2943 3619 4272 4833 5405 6008 6645 7353 8123 8958 10000 
0.48 0.65 0.65 0.65 0.65 0.65 0.65 0.65 0.65 0.65 0.65 0.65 0.65 0.65 0.65 
result for recall@ 10
89 859 1581 2264 2943 3619 4272 4833 5405 6008 6645 7353 8123 8958 10000 
0.469 0.742 0.751 0.752 0.752 0.752 0.752 0.752 0.752 0.752 0.752 0.752 0.752 0.752 0.752 
result for recall@ 100
89 859 1581 2264 2943 3619 4272 4833 5405 6008 6645 7353 8123 8958 10000 
0.2961 0.7774 0.8053 0.81 0.8105 0.8106 0.8106 0.8106 0.8106 0.8106 0.8106 0.8106 0.8106 0.8106 0.8106 
Kmeans with centroids: 150
Base vector - centroid distance
62297.2 60302.5 59475.4 59030.4 58762.2 58581.4 58445.7 58357.8 58289.8 58234.5 58185.9 58151.9 58121.9 58092.5 58061.5 58043 58022.2 58007 57995.8 57988.2 57979.8 57973 57967.2 57961.9 57957.2 57952.3 57948.1 57942.3 57936.3 57933.6 57932.4 57931.7 57930.3 57929 57928 57926.6 57926.2 57926 57926 57926 57926 57926 57926 57926 57926 57926 57926 57926 57926 57926 
Compression Loss distance
11530.7 10910.7 10629.1 10469.1 10366.3 10296.1 10246.7 10210.2 10182.6 10160.6 10143.4 10129.6 10117.8 10108.2 10101.2 10095 10089.6 10084.9 10080.8 10077.5 10074.2 10071.2 10068.8 10066.4 10064.3 10062.3 10060.7 10059.3 10058 10056.8 10056.1 10055.5 10054.8 10054.2 10053.6 10053.2 10052.8 10052.4 10052.2 10051.9 10051.7 10051.5 10051.2 10050.9 10050.6 10050.4 10050.3 10050.1 10049.7 10049.1 
result for recall@ 1
87 852 1567 2260 2928 3587 4200 4814 5326 5846 6393 6972 7617 8304 9046 10000 
0.53 0.68 0.69 0.69 0.69 0.69 0.69 0.69 0.69 0.69 0.69 0.69 0.69 0.69 0.69 0.69 
result for recall@ 10
87 852 1567 2260 2928 3587 4200 4814 5326 5846 6393 6972 7617 8304 9046 10000 
0.46 0.745 0.75 0.751 0.751 0.751 0.751 0.751 0.751 0.751 0.751 0.751 0.751 0.751 0.751 0.751 
result for recall@ 100
87 852 1567 2260 2928 3587 4200 4814 5326 5846 6393 6972 7617 8304 9046 10000 
0.3158 0.7738 0.8034 0.8072 0.8082 0.808 0.8081 0.8081 0.8081 0.8081 0.8081 0.8081 0.8081 0.8081 0.8081 0.8081 
Kmeans with centroids: 160
Base vector - centroid distance
61277.1 59362.6 58564.7 58163.1 57921.2 57751.1 57646.6 57577.6 57530.3 57493.8 57463.3 57439.9 57420.6 57408.5 57398.6 57389.9 57381 57371.8 57365.5 57360.8 57358 57355.8 57353.8 57351.7 57349.3 57345.2 57342.2 57337.6 57335.2 57333.8 57333.7 57333.7 57333.7 57333.7 57333.7 57333.7 57333.7 57333.7 57333.7 57333.7 57333.7 57333.7 57333.7 57333.7 57333.7 57333.7 57333.7 57333.7 57333.7 57333.7 
Compression Loss distance
11516.2 10877.2 10594.2 10435.9 10336.5 10268.4 10218.7 10181.9 10153.9 10132.4 10114.4 10099.9 10087.6 10077.2 10069 10062.6 10057.3 10052.4 10047.9 10043.9 10040.5 10037.8 10035.7 10034.2 10032.8 10031.5 10030.2 10029.1 10028.2 10027.4 10026.9 10026.4 10026 10025.6 10025.3 10025 10024.8 10024.6 10024.5 10024.4 10024.3 10024.2 10024.1 10024 10024 10024 10023.9 10023.9 10023.9 10023.9 
result for recall@ 1
77 788 1472 2132 2773 3370 3920 4471 5034 5520 6031 6577 7158 7794 8439 9119 10000 
0.47 0.66 0.66 0.66 0.66 0.66 0.66 0.66 0.66 0.66 0.66 0.66 0.66 0.66 0.66 0.66 0.66 
result for recall@ 10
77 788 1472 2132 2773 3370 3920 4471 5034 5520 6031 6577 7158 7794 8439 9119 10000 
0.489 0.745 0.754 0.756 0.756 0.756 0.756 0.756 0.756 0.756 0.756 0.756 0.756 0.756 0.756 0.756 0.756 
result for recall@ 100
77 788 1472 2132 2773 3370 3920 4471 5034 5520 6031 6577 7158 7794 8439 9119 10000 
0.2897 0.7664 0.7996 0.805 0.8067 0.8069 0.8069 0.8069 0.8069 0.8069 0.8069 0.8069 0.8069 0.8069 0.8069 0.8069 0.8069 
Kmeans with centroids: 170
Base vector - centroid distance
61259.9 59282.1 58545.5 58160.8 57893.8 57691.4 57540.1 57434.4 57350 57284.9 57233.9 57197.5 57175.5 57158.7 57147.8 57142 57137 57131.5 57125.2 57121.1 57118.3 57114.9 57110.8 57106.2 57104.3 57102.7 57100.1 57099.1 57098.4 57097.4 57097.2 57097.2 57097.2 57097.2 57097.2 57097.2 57097.2 57097.2 57097.2 57097.2 57097.2 57097.2 57097.2 57097.2 57097.2 57097.2 57097.2 57097.2 57097.2 57097.2 
Compression Loss distance
