Kmeans with centroids: 100
Base vector - centroid distance
65813.4 63490 62659 62241.7 61963.1 61778.1 61636.1 61511.6 61405.2 61323.9 61258.3 61205.9 61161.8 61128 61104.5 61082 61059.4 61034.4 61011.8 60987.4 60970.7 60958.5 60946.2 60931.9 60915.9 60904.6 60893.6 60884.4 60876.4 60869.6 60862.7 60854.1 60844.6 60835.1 60825.8 60820.2 60816.2 60812.8 60810.1 60807.1 60803.7 60801.6 60800.4 60798.6 60796.9 60795.3 60794 60792.6 60790.9 60789.9 
Compression Loss distance
12210.9 11488.2 11142.6 10938.3 10800.7 10704.5 10634.8 10583.7 10546.4 10517.7 10494.9 10474.9 10457.8 10444 10431.7 10421.2 10412.2 10404.4 10397.7 10392 10386.9 10382.1 10377.9 10374.2 10370.8 10367.8 10365.3 10363.2 10361.6 10360 10358.5 10357.2 10356.2 10355.2 10354.4 10353.7 10353 10352.5 10352 10351.7 10351.4 10351.2 10351 10350.9 10350.8 10350.7 10350.6 10350.5 10350.5 10350.4 
result for recall@ 1
99 989 2132 3242 4304 5279 6315 7320 8175 9080 10000 
0 0.08 0.15 0.24 0.39 0.49 0.51 0.63 0.66 0.68 0.68 
result for recall@ 10
198 1978 4264 6484 8608 10558 12630 14640 16350 18160 20000 
0.008 0.102 0.197 0.304 0.408 0.518 0.615 0.718 0.771 0.807 0.827 
result for recall@ 100
297 2967 6396 9726 12912 15837 18945 21960 24525 27240 30000 
0.007 0.1135 0.2288 0.3485 0.4794 0.5953 0.7303 0.796 0.8392 0.8675 0.8902 
Kmeans with centroids: 110
Base vector - centroid distance
65035.7 62862.1 61966.7 61498.4 61243.7 61061.6 60932.8 60828.6 60735.4 60655.2 60587.3 60532.4 60487.2 60445.6 60401.2 60371.4 60342.3 60322.3 60305.2 60289.7 60279.1 60272.6 60266.5 60260.8 60256.9 60252.8 60248.7 60245.1 60240.1 60234.2 60230 60226.1 60223.7 60222.6 60222.2 60221.9 60221.8 60221.5 60221 60220 60219.5 60218.8 60217.8 60216.9 60216.6 60216.3 60216.3 60216.3 60216.3 60216.3 
Compression Loss distance
12157 11406.8 11069 10871.5 10739.9 10645.3 10575.3 10524.6 10485.9 10456.1 10431.9 10413.4 10397.3 10384.2 10373.6 10364 10355.3 10348.1 10341.5 10335.7 10331.3 10327.8 10325 10322.7 10320.5 10318.5 10316.9 10315.5 10314.2 10313.3 10312.5 10311.6 10310.9 10310.2 10309.5 10308.7 10308.2 10307.8 10307.4 10307 10306.7 10306.5 10306.3 10306.1 10305.9 10305.7 10305.5 10305.5 10305.4 10305.4 
result for recall@ 1
47 822 1579 2461 3426 4574 5583 6387 7445 8374 9124 10000 
0.03 0.1 0.12 0.17 0.27 0.34 0.44 0.45 0.57 0.61 0.62 0.62 
result for recall@ 10
94 1644 3158 4922 6852 9148 11166 12774 14890 16748 18248 20000 
0.013 0.089 0.131 0.189 0.329 0.444 0.529 0.558 0.698 0.771 0.792 0.814 
result for recall@ 100
141 2466 4737 7383 10278 13722 16749 19161 22335 25122 27372 30000 
0.0049 0.0968 0.1463 0.219 0.3496 0.5092 0.6052 0.6449 0.7772 0.8374 0.8585 0.8865 
Kmeans with centroids: 120
Base vector - centroid distance
63971.6 61971.9 61196.1 60754.7 60469.7 60243.9 60091.7 59993.4 59930 59884.7 59846.7 59814.3 59789.7 59766.5 59744.5 59724 59702 59680.3 59661.9 59643.5 59624 59608.8 59596.9 59588.8 59582.1 59574.2 59567.7 59561.1 59556.1 59551.9 59549.2 59546.8 59544.5 59543.4 59542.2 59540.6 59537.6 59534.3 59532.3 59530.2 59527.9 59527 59526.3 59525.8 59525.4 59524.5 59523.8 59523 59522.2 59521.6 
Compression Loss distance
12076.1 11350.1 11007.2 10807.3 10674.7 10583.4 10516.5 10465 10424.9 10393.9 10370.2 10350.5 10333.4 10319.7 10307.3 10296.8 10288.6 10282.6 10277.3 10272.5 10268 10264.1 10260.9 10258.4 10256.5 10254.9 10253.5 10252.1 10251 10250.1 10249.3 10248.7 10248.2 10247.7 10247.2 10246.5 10245.5 10244.7 10244.3 10244 10243.6 10243.3 10243.1 10242.9 10242.7 10242.5 10242.2 10242 10241.9 10241.7 
result for recall@ 1
87 901 1669 2521 3305 4026 4796 5784 6612 7492 8366 9369 10000 
0.01 0.05 0.13 0.23 0.27 0.3 0.33 0.49 0.5 0.52 0.58 0.67 0.73 
result for recall@ 10
174 1802 3338 5042 6610 8052 9592 11568 13224 14984 16732 18738 20000 
0.006 0.061 0.143 0.237 0.299 0.332 0.379 0.524 0.553 0.606 0.669 0.773 0.828 
result for recall@ 100
261 2703 5007 7563 9915 12078 14388 17352 19836 22476 25098 28107 30000 
0.0057 0.0648 0.1723 0.2738 0.353 0.3921 0.4616 0.5949 0.6345 0.6981 0.7623 0.8548 0.8867 
Kmeans with centroids: 130
Base vector - centroid distance
63177.1 61163.9 60366.5 59900.1 59623.5 59448.5 59332 59251.2 59191.6 59132 59084.4 59039.4 59002.5 58975.6 58948.5 58929.2 58914.9 58906.4 58898.3 58891.1 58885.2 58879.7 58875.1 58871.9 58869.7 58866.2 58862.5 58858.7 58855.8 58852.9 58849.6 58846.1 58842.7 58838.2 58832.8 58828.4 58823.4 58819 58816.2 58814.8 58813.7 58812.8 58811.3 58809.6 58808.1 58807.6 58807 58806.4 58805.8 58805.1 
Compression Loss distance
11995.2 11301.8 10973.8 10778.5 10650.4 10563.3 10498.4 10449.7 10410.7 10378.4 10352.6 10332.9 10314.7 10298.9 10286.6 10276.6 10268 10260.7 10255.1 10250.3 10246.1 10242.8 10239.5 10236.9 10234.9 10232.6 10230.3 10228.2 10226.3 10224.5 10222.8 10221 10219.6 10218.3 10217.2 10216.3 10215.7 10215 10214.6 10214.1 10213.7 10213.2 10212.6 10212.2 10211.7 10211.3 10211 10210.8 10210.6 10210.4 
result for recall@ 1
121 915 1722 2366 2971 3685 4467 5433 6156 6852 7554 8536 9239 10000 
0.03 0.11 0.15 0.23 0.24 0.28 0.31 0.39 0.4 0.42 0.46 0.53 0.56 0.57 
result for recall@ 10
242 1830 3444 4732 5942 7370 8934 10866 12312 13704 15108 17072 18478 20000 
0.031 0.117 0.195 0.285 0.314 0.376 0.436 0.523 0.572 0.613 0.649 0.751 0.781 0.808 
result for recall@ 100
363 2745 5166 7098 8913 11055 13401 16299 18468 20556 22662 25608 27717 30000 
0.0239 0.1208 0.2255 0.3004 0.337 0.3999 0.4664 0.5904 0.6453 0.6893 0.7257 0.8311 0.8609 0.8834 
Kmeans with centroids: 140
Base vector - centroid distance
63157.4 61023.8 60215.5 59754.7 59468.3 59264.9 59122.5 59030.1 58968.2 58915.3 58876.9 58843.8 58813.4 58788.5 58769 58759.1 58754.7 58752.3 58749.8 58747.9 58746.6 58744.8 58744 58743.5 58743.5 58743.5 58743.5 58743.5 58743.5 58743.5 58743.5 58743.5 58743.5 58743.5 58743.5 58743.5 58743.5 58743.5 58743.5 58743.5 58743.5 58743.5 58743.5 58743.5 58743.5 58743.5 58743.5 58743.5 58743.5 58743.5 
Compression Loss distance
11997.4 11289.4 10964.6 10771.2 10643.2 10553.9 10485.7 10433.6 10393.1 10360.8 10334.5 10313.7 10295.6 10280.2 10266.6 10255.7 10245.9 10237.3 10230.4 10224.2 10219.2 10215 10211.2 10207.9 10205.3 10202.9 10200.8 10198.7 10196.2 10194.3 10192.8 10191.6 10190.5 10189.5 10188.4 10187.4 10186.7 10185.9 10185.1 10184.4 10183.9 10183.5 10183.1 10182.9 10182.7 10182.5 10182.3 10182.2 10182.1 10182.1 
result for recall@ 1
35 686 1524 2259 3014 3831 4471 5161 5864 6593 7178 7789 8445 9205 10000 
0 0.03 0.05 0.11 0.13 0.25 0.31 0.35 0.44 0.48 0.54 0.57 0.62 0.66 0.71 
result for recall@ 10
70 1372 3048 4518 6028 7662 8942 10322 11728 13186 14356 15578 16890 18410 20000 
0 0.045 0.096 0.177 0.225 0.327 0.384 0.427 0.524 0.595 0.651 0.698 0.744 0.788 0.846 
result for recall@ 100
105 2058 4572 6777 9042 11493 13413 15483 17592 19779 21534 23367 25335 27615 30000 
0 0.0588 0.1262 0.2091 0.2748 0.3848 0.4241 0.4806 0.5749 0.6619 0.7116 0.7532 0.7849 0.8265 0.8918 
Kmeans with centroids: 150
Base vector - centroid distance
62543.3 60505.3 59642.5 59151.6 58851.7 58650.9 58517.8 58419.3 58345.1 58292.2 58246.8 58218.8 58200.4 58186.6 58174 58163.2 58151.7 58137.6 58126.1 58118.1 58112.4 58110.1 58107.1 58102.8 58098.8 58095.6 58093.3 58091.2 58088.9 58087.4 58085.7 58084.1 58081.2 58079 58077.6 58075.6 58071.8 58067.6 58064.4 58063.9 58063.4 58062.1 58060.5 58058.6 58056.5 58054.9 58053.5 58051.1 58049.5 58047.6 
Compression Loss distance
11950.1 11238.5 10905.6 10713.2 10583.2 10493.8 10428.6 10378.4 10339.8 10308.4 10283.1 10262.5 10246.8 10233 10221.3 10211.4 10202.3 10194.3 10187 10181.8 10177.3 10173.8 10170.6 10167.9 10165 10162.5 10160.2 10158 10156 10154.3 10152.6 10151.1 10149.6 10148.3 10147.2 10145.9 10144.8 10143.5 10142.4 10141.8 10141.3 10141 10140.7 10140.3 10140 10139.8 10139.6 10139.6 10139.5 10139.3 
result for recall@ 1
71 740 1458 2152 2731 3560 4186 4978 5713 6274 6969 7541 8305 8837 9515 10000 
0 0.07 0.11 0.13 0.19 0.26 0.3 0.36 0.41 0.46 0.52 0.53 0.63 0.66 0.72 0.72 
result for recall@ 10
142 1480 2916 4304 5462 7120 8372 9956 11426 12548 13938 15082 16610 17674 19030 20000 
0.001 0.078 0.149 0.187 0.258 0.362 0.394 0.484 0.536 0.57 0.618 0.629 0.714 0.741 0.808 0.815 
result for recall@ 100
213 2220 4374 6456 8193 10680 12558 14934 17139 18822 20907 22623 24915 26511 28545 30000 
0.0037 0.073 0.1502 0.2038 0.2726 0.4029 0.4433 0.5333 0.5867 0.6171 0.6779 0.6982 0.7867 0.8063 0.8826 0.8908 
Kmeans with centroids: 160
Base vector - centroid distance
61739.1 59729.8 58897.7 58452.7 58186.6 58035.7 57922.1 57829.8 57750.7 57690.2 57635.9 57600.6 57570.4 57547 57527.3 57513.2 57502.9 57492.2 57482.4 57474.1 57468.9 57464.8 57458 57454.1 57450.8 57448.8 57447.7 57446.9 57446.8 57446.8 57446.8 57446.8 57446.8 57446.8 57446.8 57446.8 57446.8 57446.8 57446.8 57446.8 57446.8 57446.8 57446.8 57446.8 57446.8 57446.8 57446.8 57446.8 57446.8 57446.8 
Compression Loss distance
11818.1 11152.2 10832.9 10644.8 10518.6 10430.3 10364 10313.4 10274.1 10241.3 10215.2 10194.4 10178.3 10165 10154.3 10145.8 10138.7 10132.8 10127.2 10121.7 10116.9 10112.3 10109 10106.8 10105 10103.6 10102.3 10101 10099.9 10099 10098.2 10097.4 10096.7 10096.2 10095.7 10095.3 10095 10094.6 10094.2 10093.9 10093.6 10093.5 10093.3 10093.2 10093.1 10093 10092.9 10092.8 10092.7 10092.6 
result for recall@ 1
52 708 1261 1851 2573 3148 3783 4425 5022 5659 6325 7070 7708 8260 8879 9511 10000 
0.02 0.1 0.12 0.15 0.18 0.19 0.21 0.25 0.24 0.34 0.34 0.38 0.45 0.53 0.56 0.6 0.62 
result for recall@ 10
104 1416 2522 3702 5146 6296 7566 8850 10044 11318 12650 14140 15416 16520 17758 19022 20000 
0.017 0.124 0.161 0.205 0.279 0.316 0.346 0.402 0.436 0.488 0.521 0.581 0.643 0.71 0.744 0.802 0.826 
result for recall@ 100
156 2124 3783 5553 7719 9444 11349 13275 15066 16977 18975 21210 23124 24780 26637 28533 30000 
0.0114 0.1181 0.1628 0.2203 0.3113 0.365 0.4125 0.4754 0.5154 0.571 0.6116 0.6895 0.7485 0.8016 0.8303 0.8696 0.887 
Kmeans with centroids: 170
Base vector - centroid distance
61223.9 59313.2 58485.3 58019.5 57731.5 57529.4 57402.5 57301.6 57225 57157.6 57102.6 57059.2 57023.1 56987.9 56957.6 56937.2 56913.9 56901.4 56890.2 56882.6 56877.5 56873.8 56872.4 56871 56869.9 56869.5 56869.5 56869.5 56869.5 56869.5 56869.5 56869.5 56869.5 56869.5 56869.5 56869.5 56869.5 56869.5 56869.5 56869.5 56869.5 56869.5 56869.5 56869.5 56869.5 56869.5 56869.5 56869.5 56869.5 56869.5 
Compression Loss distance
11805.9 11124.5 10800.5 10611.9 10485.1 10395.7 10330.2 10281.4 10241.1 10208.6 10181.1 10158.9 10141.1 10126.2 10114 10103.7 10095 10087.4 10081.4 10076.4 10071.8 10067.9 10064.5 10061.6 10059.1 10056.9 10055 10053.3 10051.5 10049.9 10048.6 10047.6 10046.7 10045.8 10045.1 10044.4 10043.8 10043.4 10042.9 10042.5 10042.2 10041.7 10041.3 10041 10040.9 10040.8 10040.8 10040.7 10040.7 10040.6 
result for recall@ 1
64 645 1264 1853 2384 2917 3494 4162 4652 5135 5979 6519 7213 7787 8312 9018 9509 10000 
0.01 0.05 0.08 0.09 0.11 0.15 0.18 0.23 0.27 0.29 0.37 0.4 0.45 0.54 0.59 0.65 0.64 0.69 
result for recall@ 10
128 1290 2528 3706 4768 5834 6988 8324 9304 10270 11958 13038 14426 15574 16624 18036 19018 20000 
0.007 0.062 0.103 0.138 0.173 0.214 0.27 0.331 0.376 0.412 0.515 0.561 0.61 0.678 0.728 0.792 0.801 0.823 
result for recall@ 100
192 1935 3792 5559 7152 8751 10482 12486 13956 15405 17937 19557 21639 23361 24936 27054 28527 30000 
0.0052 0.0563 0.1104 0.148 0.1994 0.2509 0.3142 0.384 0.4325 0.4668 0.6037 0.6405 0.6968 0.7635 0.8053 0.8655 0.8759 0.8903 
Kmeans with centroids: 180
Base vector - centroid distance
60731.6 58735.1 57979 57570.6 57281.4 57062.3 56919.1 56821.8 56758.4 56708.8 56662.8 56631.8 56607.9 56582.2 56563 56547.8 56532.8 56515.8 56503 56497.7 56493.8 56488.9 56486.6 56484.8 56482.8 56480.4 56478 56476.4 56475.5 56475.5 56475.5 56475.5 56475.5 56475.5 56475.5 56475.5 56475.5 56475.5 56475.5 56475.5 56475.5 56475.5 56475.5 56475.5 56475.5 56475.5 56475.5 56475.5 56475.5 56475.5 
Compression Loss distance
11801.3 11128.8 10799.9 10600.1 10468.9 10380.3 10315.6 10266.5 10227.7 10195.5 10169.4 10148.2 10130.7 10116.2 10104.6 10094.9 10086.4 10078.8 10072.2 10066.1 10061.1 10057 10053.1 10049.2 10045.8 10043 10040.8 10038.8 10036.9 10035.3 10034 10032.7 10031.7 10030.7 10029.9 10029.1 10028.5 10028 10027.6 10027.1 10026.6 10026.3 10026 10025.7 10025.4 10025.3 10025.1 10024.8 10024.7 10024.6 
result for recall@ 1
30 666 1255 1754 2303 2732 3229 3812 4445 5092 5742 6324 6681 7168 7667 8262 8893 9412 10000 
0 0.02 0.06 0.1 0.13 0.19 0.2 0.21 0.26 0.28 0.35 0.39 0.42 0.48 0.49 0.57 0.65 0.67 0.69 
result for recall@ 10
60 1332 2510 3508 4606 5464 6458 7624 8890 10184 11484 12648 13362 14336 15334 16524 17786 18824 20000 
0.002 0.042 0.102 0.149 0.18 0.238 0.254 0.28 0.344 0.413 0.471 0.522 0.564 0.627 0.641 0.716 0.768 0.79 0.827 
result for recall@ 100
90 1998 3765 5262 6909 8196 9687 11436 13335 15276 17226 18972 20043 21504 23001 24786 26679 28236 30000 
0.0036 0.049 0.1135 0.1559 0.1978 0.2408 0.2674 0.3079 0.3846 0.4891 0.5681 0.632 0.6582 0.7091 0.7418 0.7954 0.8456 0.8585 0.8929 
Kmeans with centroids: 190
Base vector - centroid distance
60292.5 58286.7 57466.8 57057.8 56786.3 56595.6 56452.2 56348.4 56279.8 56227.5 56186 56152.9 56130.7 56113 56096.4 56080.4 56071.3 56065.3 56060.4 56056.3 56052.2 56049 56046.2 56042 56037.8 56035.7 56034.2 56033.9 56033.7 56033.5 56033.5 56033.5 56033.5 56033.5 56033.5 56033.5 56033.5 56033.5 56033.5 56033.5 56033.5 56033.5 56033.5 56033.5 56033.5 56033.5 56033.5 56033.5 56033.5 56033.5 
Compression Loss distance
11652.7 10983.5 10669.1 10485 10367.4 10286.6 10228 10182.8 10148.6 10122 10099.3 10080.4 10064.2 10050.4 10038.4 10028.2 10019.5 10012.7 10007.2 10002.3 9998.36 9994.88 9991.44 9988.06 9984.75 9982.02 9979.26 9977.43 9975.97 9974.58 9973.24 9972.06 9970.91 9969.58 9968.46 9967.8 9967.18 9966.59 9966.12 9965.76 9965.44 9965.23 9964.96 9964.71 9964.46 9964.31 9964.21 9964.1 9964.02 9963.96 
result for recall@ 1
80 545 1063 1637 2248 2838 3454 3960 4441 4862 5421 5920 6479 7070 7563 8118 8578 9065 9628 10000 
0.01 0.02 0.08 0.15 0.18 0.22 0.25 0.3 0.34 0.34 0.36 0.38 0.42 0.48 0.51 0.54 0.59 0.64 0.64 0.64 
result for recall@ 10
160 1090 2126 3274 4496 5676 6908 7920 8882 9724 10842 11840 12958 14140 15126 16236 17156 18130 19256 20000 
0.008 0.037 0.089 0.158 0.214 0.245 0.314 0.357 0.423 0.45 0.495 0.514 0.555 0.624 0.666 0.693 0.728 0.793 0.818 0.822 
result for recall@ 100
240 1635 3189 4911 6744 8514 10362 11880 13323 14586 16263 17760 19437 21210 22689 24354 25734 27195 28884 30000 
0.0079 0.0433 0.0972 0.1748 0.2532 0.2869 0.3649 0.4188 0.4822 0.5173 0.5764 0.6151 0.666 0.722 0.7582 0.7884 0.8105 0.8484 0.8883 0.893 
Kmeans with centroids: 200
Base vector - centroid distance
59943.5 57934.2 57085.3 56630.8 56329.1 56137.1 56014.9 55929.9 55869.3 55822.2 55787.5 55761.9 55746 55734.6 55726.8 55722.8 55720 55714.9 55710.3 55708.9 55708 55707.4 55707.1 55707.1 55707.1 55707.1 55707.1 55707.1 55707.1 55707.1 55707.1 55707.1 55707.1 55707.1 55707.1 55707.1 55707.1 55707.1 55707.1 55707.1 55707.1 55707.1 55707.1 55707.1 55707.1 55707.1 55707.1 55707.1 55707.1 55707.1 
Compression Loss distance
11667.1 10984.6 10671.7 10490.2 10371 10287.5 10226.2 10179.3 10141.2 10110.4 10084.4 10064.2 10048.1 10034.3 10022.9 10012.6 10004 9996.3 9989.34 9983.58 9978.66 9974.7 9971.15 9967.51 9964.32 9961.72 9959.67 9957.89 9956.44 9955.26 9954.3 9953.43 9952.54 9951.4 9950.42 9949.48 9948.72 9947.95 9947.34 9946.83 9946.38 9945.94 9945.65 9945.39 9945.11 9944.85 9944.67 9944.54 9944.43 9944.32 
result for recall@ 1
57 538 1121 1562 1967 2465 3048 3504 3950 4381 4973 5525 6115 6671 7241 7792 8272 8608 9065 9499 10000 
0 0.03 0.09 0.13 0.16 0.22 0.23 0.26 0.29 0.3 0.36 0.4 0.41 0.45 0.51 0.56 0.58 0.64 0.66 0.71 0.74 
result for recall@ 10
114 1076 2242 3124 3934 4930 6096 7008 7900 8762 9946 11050 12230 13342 14482 15584 16544 17216 18130 18998 20000 
0 0.07 0.151 0.19 0.226 0.282 0.338 0.359 0.393 0.414 0.467 0.514 0.55 0.601 0.646 0.693 0.714 0.751 0.77 0.79 0.82 
result for recall@ 100
171 1614 3363 4686 5901 7395 9144 10512 11850 13143 14919 16575 18345 20013 21723 23376 24816 25824 27195 28497 30000 
0.0014 0.0604 0.1538 0.184 0.2132 0.2679 0.3647 0.3984 0.436 0.4666 0.5256 0.5822 0.632 0.6763 0.7297 0.7855 0.8053 0.8273 0.8397 0.8593 0.8932 
