Kmeans with centroids: 100
Base vector - centroid distance
65944.1 63605.1 62768.3 62326.3 62024.8 61809 61645 61524.7 61421.2 61341.1 61271.9 61223.3 61192.8 61169.1 61149 61132.7 61117 61100.3 61080.8 61065.1 61046.9 61031.5 61017.2 61006 60993.9 60985.7 60980 60975.3 60972.5 60968.4 60965.1 60961.4 60957 60953.7 60950.9 60949.2 60945.7 60943.5 60940.8 60938.9 60937.9 60936.7 60936.2 60936 60935.8 60935.7 60935.7 60935.7 60935.7 60935.7 
Compression Loss distance
11852.3 11215.1 10921.6 10755.6 10648 10573.5 10521.6 10484.7 10456.4 10433.9 10415.6 10400.1 10387.9 10377.2 10367.8 10359.5 10352.3 10346.7 10341.5 10336.8 10332.9 10330.1 10327.6 10325.8 10324.1 10322.5 10321.1 10319.8 10318.7 10317.9 10317 10316.2 10315.5 10314.8 10314.1 10313.6 10313.3 10312.9 10312.6 10312.2 10311.9 10311.6 10311.4 10311.2 10311.1 10310.9 10310.8 10310.7 10310.6 10310.6 
result for recall@ 1
86 1079 2111 3104 4014 4897 6192 7370 8350 9235 10000 
0 0.07 0.11 0.12 0.19 0.26 0.37 0.43 0.47 0.57 0.66 
result for recall@ 10
172 2158 4222 6208 8028 9794 12384 14740 16700 18470 20000 
0.008 0.129 0.198 0.252 0.341 0.421 0.533 0.592 0.635 0.734 0.809 
result for recall@ 100
258 3237 6333 9312 12042 14691 18576 22110 25050 27705 30000 
0.0123 0.1173 0.1831 0.264 0.3688 0.4562 0.6016 0.69 0.7399 0.8308 0.8853 
Kmeans with centroids: 110
Base vector - centroid distance
64559.7 62621.2 61805 61405.4 61169.7 60973.2 60796.6 60672.5 60570.3 60499.4 60449.5 60414.5 60378.6 60345.7 60321.1 60304.2 60289.9 60278.9 60272.7 60268.4 60264.8 60262.3 60258.6 60256 60253.5 60251.4 60250 60248.3 60247 60245.9 60244.7 60244.2 60243.9 60243.8 60243.8 60243.8 60243.8 60243.8 60243.8 60243.8 60243.8 60243.8 60243.8 60243.8 60243.8 60243.8 60243.8 60243.8 60243.8 60243.8 
Compression Loss distance
11798.7 11162.1 10875.9 10711.1 10606.6 10534.5 10481.1 10440.8 10411.3 10389 10370.5 10355 10342 10330.9 10321.6 10313.7 10306.9 10301.5 10296.4 10292.1 10289 10286 10283.6 10281.5 10279.4 10277.7 10276.3 10275.1 10274 10272.9 10272 10271 10270.1 10269.4 10269 10268.6 10268.4 10268.2 10268 10267.8 10267.5 10267.2 10266.8 10266.6 10266.4 10266.2 10266.1 10266 10265.9 10265.8 
result for recall@ 1
109 1263 2276 3003 3726 4715 5702 6484 7544 8355 9202 10000 
0 0.07 0.11 0.14 0.23 0.33 0.45 0.52 0.56 0.59 0.67 0.7 
result for recall@ 10
218 2526 4552 6006 7452 9430 11404 12968 15088 16710 18404 20000 
0.005 0.101 0.207 0.24 0.322 0.414 0.525 0.603 0.689 0.736 0.784 0.812 
result for recall@ 100
327 3789 6828 9009 11178 14145 17106 19452 22632 25065 27606 30000 
0.0053 0.1243 0.2737 0.3207 0.3929 0.4827 0.6016 0.6708 0.7693 0.8232 0.8603 0.8848 
Kmeans with centroids: 120
Base vector - centroid distance
63803.1 61793.3 61006.7 60567.7 60299.4 60126.6 60001.2 59912.2 59839.5 59775.8 59723.8 59684.4 59648.7 59615.3 59582 59555.3 59535.7 59517.3 59501.4 59484.6 59471.4 59461.8 59451.5 59443.6 59434.7 59429 59424.4 59420.5 59416.6 59414.3 59412.4 59410 59408.4 59407 59406.1 59405.3 59404.9 59404.6 59404.4 59403.9 59402.9 59402.9 59402.9 59402.9 59402.9 59402.9 59402.9 59402.9 59402.9 59402.9 
Compression Loss distance
11690.4 11045 10756.7 10598.1 10494.6 10423.3 10373.3 10335.1 10304.8 10281.9 10264.1 10249.8 10237.8 10228 10220.6 10214 10208.6 10204 10200.2 10196.8 10193.6 10191 10188.8 10186.9 10185.1 10183.6 10182.4 10181.3 10180.4 10179.6 10178.9 10178.2 10177.4 10176.8 10176.1 10175.6 10175.1 10174.8 10174.4 10174.2 10174 10173.9 10173.7 10173.6 10173.5 10173.3 10173.2 10173 10172.9 10172.8 
result for recall@ 1
73 863 1547 2293 3147 4072 5079 5874 6600 7571 8391 9327 10000 
0 0.07 0.12 0.19 0.19 0.24 0.33 0.42 0.47 0.55 0.62 0.65 0.71 
result for recall@ 10
146 1726 3094 4586 6294 8144 10158 11748 13200 15142 16782 18654 20000 
0.006 0.1 0.179 0.259 0.308 0.371 0.481 0.537 0.58 0.688 0.749 0.775 0.813 
result for recall@ 100
219 2589 4641 6879 9441 12216 15237 17622 19800 22713 25173 27981 30000 
0.0085 0.1199 0.1922 0.2703 0.3314 0.4119 0.552 0.6079 0.6756 0.7872 0.8359 0.8658 0.8859 
Kmeans with centroids: 130
Base vector - centroid distance
63258.6 61474.4 60737.7 60333.6 60062.5 59855 59678.6 59548.6 59462.2 59392 59329.5 59277.5 59239.5 59204.4 59166.7 59133.4 59108.8 59086.2 59065.4 59044.7 59032.1 59022.2 59012 59000.7 58990.7 58981.9 58973.5 58967 58962.4 58957.8 58952 58948 58943.1 58937.4 58932.5 58929.9 58927.3 58925.5 58924.7 58923.9 58923.7 58923.7 58923.7 58923.7 58923.7 58923.7 58923.7 58923.7 58923.7 58923.7 
Compression Loss distance
11686.6 11045.3 10757 10593.6 10487.5 10415.7 10364.6 10327.2 10298.1 10275 10257.1 10243.3 10232.4 10223.5 10216 10210.3 10205.5 10201.6 10198 10194.8 10192 10189.4 10186.9 10184.7 10183 10181.6 10180.6 10179.6 10178.6 10177.7 10176.9 10176.2 10175.6 10175.1 10174.4 10173.9 10173.6 10173.1 10172.5 10172.1 10171.7 10171.4 10171.1 10171 10170.9 10170.8 10170.8 10170.7 10170.6 10170.6 
result for recall@ 1
60 954 1778 2410 3093 3882 4951 5598 6333 7061 7817 8693 9404 10000 
0.01 0.1 0.16 0.19 0.24 0.33 0.4 0.44 0.48 0.58 0.6 0.65 0.71 0.71 
result for recall@ 10
120 1908 3556 4820 6186 7764 9902 11196 12666 14122 15634 17386 18808 20000 
0.009 0.109 0.199 0.238 0.311 0.382 0.498 0.54 0.576 0.642 0.672 0.745 0.799 0.803 
result for recall@ 100
180 2862 5334 7230 9279 11646 14853 16794 18999 21183 23451 26079 28212 30000 
0.0054 0.111 0.2041 0.2491 0.3225 0.3947 0.5466 0.5882 0.6449 0.7118 0.7552 0.8296 0.8702 0.8817 
Kmeans with centroids: 140
Base vector - centroid distance
62528 60636.9 59962.5 59589.4 59331.2 59133.3 58984.7 58869.1 58771.7 58702.4 58638.9 58591.9 58559.3 58537.4 58516.7 58490.4 58470.7 58451.1 58429.9 58416.8 58403.8 58395.1 58385.9 58378.7 58370.4 58365.9 58360 58355.2 58353.7 58351.5 58349.6 58347.8 58346.3 58345.3 58344.2 58343.7 58343.2 58343.2 58343.2 58343.2 58343.2 58343.2 58343.2 58343.2 58343.2 58343.2 58343.2 58343.2 58343.2 58343.2 
Compression Loss distance
11590.7 10965.2 10683.2 10525.3 10423.6 10352.3 10299.7 10260 10229.1 10205.8 10187.9 10172.8 10160.6 10150.6 10142.3 10135.6 10130.2 10125.3 10121.3 10117.7 10114.6 10111 10107.7 10105 10102.9 10101.2 10099.9 10098.6 10097.6 10096.6 10095.9 10095 10094.4 10093.8 10093.1 10092.4 10091.8 10091.5 10091.2 10090.9 10090.7 10090.4 10090.2 10090 10089.8 10089.6 10089.3 10089.1 10088.7 10088.4 
result for recall@ 1
65 756 1427 2209 2927 3602 4370 5135 5864 6542 7302 7855 8560 9286 10000 
0.01 0.04 0.1 0.18 0.2 0.26 0.29 0.33 0.38 0.43 0.45 0.47 0.56 0.59 0.67 
result for recall@ 10
130 1512 2854 4418 5854 7204 8740 10270 11728 13084 14604 15710 17120 18572 20000 
0.004 0.036 0.112 0.218 0.289 0.366 0.434 0.492 0.549 0.597 0.625 0.644 0.721 0.755 0.831 
result for recall@ 100
195 2268 4281 6627 8781 10806 13110 15405 17592 19626 21906 23565 25680 27858 30000 
0.0034 0.0545 0.1267 0.2233 0.3108 0.4052 0.4723 0.559 0.6085 0.6771 0.7149 0.7306 0.7995 0.8311 0.8903 
Kmeans with centroids: 150
Base vector - centroid distance
62645.4 60647.8 59791.4 59301.1 58992.7 58759.3 58581.9 58456.7 58367.8 58307.6 58260.9 58223 58192.5 58163.7 58146.3 58129.4 58113.3 58100.1 58088.5 58075.2 58060.8 58049.2 58040.7 58033.4 58027.4 58021.9 58016.1 58009.8 58005 58000.8 57997.5 57995.9 57995.1 57994.2 57993.9 57993.7 57993.7 57993.7 57993.7 57993.7 57993.7 57993.7 57993.7 57993.7 57993.7 57993.7 57993.7 57993.7 57993.7 57993.7 
Compression Loss distance
11531.6 10901.2 10619 10464 10368.7 10301.7 10253.9 10219.3 10194 10174.7 10158.9 10146.4 10136.4 10128 10120.7 10114.5 10109 10104.2 10100.4 10096.8 10093.6 10090.9 10088.3 10085.8 10083.6 10081.5 10079.6 10077.7 10076 10074.2 10072.7 10071.4 10070.3 10069.4 10068.6 10068 10067.5 10067 10066.6 10066.2 10065.8 10065.4 10065.1 10064.8 10064.4 10064.1 10063.9 10063.8 10063.7 10063.7 
result for recall@ 1
64 633 1376 2052 2730 3560 4294 4847 5353 6192 6770 7582 8137 8767 9502 10000 
0.02 0.06 0.11 0.14 0.22 0.29 0.32 0.38 0.42 0.5 0.54 0.55 0.57 0.6 0.64 0.67 
result for recall@ 10
128 1266 2752 4104 5460 7120 8588 9694 10706 12384 13540 15164 16274 17534 19004 20000 
0.011 0.075 0.158 0.188 0.27 0.39 0.46 0.521 0.571 0.654 0.703 0.729 0.745 0.774 0.821 0.842 
result for recall@ 100
192 1899 4128 6156 8190 10680 12882 14541 16059 18576 20310 22746 24411 26301 28506 30000 
0.0062 0.0592 0.1564 0.2063 0.294 0.4425 0.5108 0.5519 0.5963 0.6861 0.7346 0.7755 0.795 0.8302 0.8714 0.891 
Kmeans with centroids: 160
Base vector - centroid distance
61685.9 59840 59130.9 58725.7 58442.9 58236.3 58076.1 57954.5 57853.1 57767.9 57707.6 57665.8 57625.1 57593 57564.7 57544.9 57531 57519.5 57505.1 57487.2 57475.8 57466 57455.8 57450.3 57445.4 57443.1 57442 57441.9 57441.9 57441.9 57441.9 57441.9 57441.9 57441.9 57441.9 57441.9 57441.9 57441.9 57441.9 57441.9 57441.9 57441.9 57441.9 57441.9 57441.9 57441.9 57441.9 57441.9 57441.9 57441.9 
Compression Loss distance
11494.6 10884.4 10610.1 10454.3 10353.8 10284.4 10235.4 10198.8 10169.9 10147.4 10129.8 10115.3 10103.6 10094.4 10086.2 10079.5 10073.3 10068.2 10063.9 10059.6 10056.2 10053.5 10051.4 10049.2 10047.4 10045.9 10044.8 10043.7 10042.7 10041.9 10041.1 10040.6 10040.1 10039.8 10039.4 10039.1 10038.8 10038.5 10038.2 10038 10037.8 10037.7 10037.7 10037.6 10037.6 10037.6 10037.5 10037.5 10037.5 10037.5 
result for recall@ 1
72 722 1357 2004 2563 3049 3692 4495 5178 5676 6301 6945 7532 8145 8646 9249 10000 
0 0.05 0.09 0.14 0.15 0.17 0.22 0.32 0.36 0.4 0.43 0.47 0.53 0.56 0.57 0.63 0.68 
result for recall@ 10
144 1444 2714 4008 5126 6098 7384 8990 10356 11352 12602 13890 15064 16290 17292 18498 20000 
0.001 0.061 0.125 0.189 0.217 0.258 0.324 0.396 0.491 0.523 0.553 0.597 0.667 0.705 0.714 0.753 0.82 
result for recall@ 100
216 2166 4071 6012 7689 9147 11076 13485 15534 17028 18903 20835 22596 24435 25938 27747 30000 
0.0046 0.0665 0.1413 0.1953 0.2316 0.2812 0.3446 0.4258 0.5306 0.5688 0.6089 0.6538 0.711 0.7432 0.7527 0.7978 0.8852 
Kmeans with centroids: 170
Base vector - centroid distance
61259.6 59225.2 58402 57959.1 57704.4 57536.9 57420.9 57327.7 57251.8 57196.4 57161.9 57134 57115.9 57101.5 57089.4 57079.5 57075.1 57071 57064.7 57056.5 57043.3 57032.3 57021.6 57014.3 57006.9 57000.3 56995.4 56990.3 56987 56984.9 56981.4 56979.4 56976.8 56974.8 56971.8 56969.4 56967.8 56965.7 56962.7 56959.6 56958.8 56957.9 56956.6 56956 56956 56956 56956 56956 56956 56956 
Compression Loss distance
11478.1 10844.7 10557.3 10398.4 10297.7 10231.7 10185.1 10150.2 10122.8 10101.3 10083.7 10068.8 10056.8 10047.3 10039.1 10032.2 10026.1 10021 10016.2 10012.2 10008.6 10005.3 10002.5 10000 9997.92 9996.53 9995.01 9993.53 9992.29 9991.22 9990.16 9989.12 9988.19 9987.27 9986.56 9985.98 9985.45 9984.99 9984.7 9984.4 9984.15 9983.94 9983.76 9983.52 9983.3 9983.08 9982.86 9982.69 9982.48 9982.29 
result for recall@ 1
46 525 1100 1553 2170 2859 3475 4306 4782 5494 6226 6882 7449 7881 8437 8832 9349 10000 
0 0.02 0.06 0.09 0.11 0.16 0.16 0.22 0.28 0.35 0.39 0.42 0.44 0.5 0.53 0.56 0.62 0.67 
result for recall@ 10
92 1050 2200 3106 4340 5718 6950 8612 9564 10988 12452 13764 14898 15762 16874 17664 18698 20000 
0 0.033 0.076 0.114 0.177 0.252 0.281 0.367 0.425 0.51 0.575 0.623 0.645 0.68 0.715 0.753 0.803 0.843 
result for recall@ 100
138 1575 3300 4659 6510 8577 10425 12918 14346 16482 18678 20646 22347 23643 25311 26496 28047 30000 
0.0007 0.0438 0.0978 0.1389 0.2068 0.304 0.3386 0.4467 0.4922 0.5749 0.6456 0.7065 0.7291 0.7476 0.7831 0.8234 0.861 0.8884 
Kmeans with centroids: 180
Base vector - centroid distance
61197.3 59158.4 58307.5 57828.7 57559.3 57386.3 57251.8 57149.8 57070.7 57001.2 56951.9 56905.3 56865.4 56835.2 56812 56791.2 56762.9 56736.5 56716 56699.9 56685.1 56673 56666.1 56659.6 56654.5 56651 56643.9 56636.6 56629.7 56622 56614.7 56612.3 56610.5 56609.7 56609.2 56609 56609 56609 56609 56609 56609 56609 56609 56609 56609 56609 56609 56609 56609 56609 
Compression Loss distance
11418.3 10796.3 10515.7 10360.5 10264.1 10196.3 10146.6 10109.2 10082 10061.4 10045.5 10032.7 10022 10013.3 10006 9999.47 9993.12 9988.37 9984.1 9980.77 9977.94 9975.54 9973.53 9971.54 9969.55 9967.89 9966.54 9965.27 9964.34 9963.33 9962.64 9962.04 9961.39 9960.98 9960.47 9959.96 9959.56 9959.19 9958.93 9958.54 9958.22 9958.1 9957.97 9957.84 9957.78 9957.71 9957.66 9957.63 9957.59 9957.55 
result for recall@ 1
42 664 1165 1597 2245 2725 3415 3799 4403 4931 5393 6034 6726 7255 7839 8445 8938 9489 10000 
0 0.01 0.05 0.06 0.11 0.14 0.23 0.24 0.27 0.33 0.36 0.45 0.53 0.59 0.64 0.7 0.73 0.74 0.73 
result for recall@ 10
84 1328 2330 3194 4490 5450 6830 7598 8806 9862 10786 12068 13452 14510 15678 16890 17876 18978 20000 
0.009 0.045 0.091 0.109 0.18 0.22 0.309 0.33 0.378 0.435 0.461 0.541 0.62 0.664 0.712 0.751 0.772 0.808 0.821 
result for recall@ 100
126 1992 3495 4791 6735 8175 10245 11397 13209 14793 16179 18102 20178 21765 23517 25335 26814 28467 30000 
0.0065 0.077 0.1221 0.1433 0.2249 0.2681 0.3603 0.387 0.4483 0.5006 0.5255 0.6102 0.7025 0.7533 0.7938 0.8241 0.845 0.8766 0.8943 
Kmeans with centroids: 190
Base vector - centroid distance
60549 58533.6 57679.4 57194.8 56901.4 56720.4 56592.3 56492.5 56414.4 56353.1 56307 56272.8 56240.1 56213.2 56196.8 56183.4 56174.9 56167.6 56158.6 56152.2 56147.7 56143.4 56139.4 56136.9 56133.9 56128.6 56123.9 56120.6 56118.6 56117.6 56116.7 56115.8 56115 56114.3 56113.8 56113.8 56113.8 56113.8 56113.8 56113.8 56113.8 56113.8 56113.8 56113.8 56113.8 56113.8 56113.8 56113.8 56113.8 56113.8 
Compression Loss distance
11387.9 10763.8 10487.5 10329.1 10227.5 10158.4 10108.3 10072.8 10044.9 10023.8 10007.5 9995.25 9985.2 9976.88 9969.26 9962.86 9957.6 9952.89 9948.89 9945.49 9942.44 9939.77 9937.52 9935.73 9934.21 9932.68 9931.14 9929.66 9928.25 9927.21 9926.18 9925.32 9924.51 9923.69 9923.01 9922.52 9922.15 9921.79 9921.5 9921.19 9920.85 9920.64 9920.5 9920.36 9920.25 9920.19 9920.15 9920.11 9920.09 9920.06 
result for recall@ 1
71 630 1221 1779 2267 2749 3257 3782 4318 4698 5293 5702 6350 6976 7512 8114 8701 9171 9716 10000 
0 0.05 0.08 0.1 0.16 0.19 0.23 0.27 0.38 0.41 0.43 0.45 0.49 0.53 0.55 0.58 0.58 0.6 0.65 0.66 
result for recall@ 10
142 1260 2442 3558 4534 5498 6514 7564 8636 9396 10586 11404 12700 13952 15024 16228 17402 18342 19432 20000 
0.008 0.071 0.129 0.16 0.231 0.264 0.317 0.354 0.446 0.47 0.518 0.538 0.584 0.65 0.688 0.735 0.751 0.772 0.818 0.838 
result for recall@ 100
213 1890 3663 5337 6801 8247 9771 11346 12954 14094 15879 17106 19050 20928 22536 24342 26103 27513 29148 30000 
0.0058 0.0863 0.1618 0.1963 0.2691 0.3036 0.3818 0.428 0.5051 0.5415 0.5927 0.6106 0.6629 0.7213 0.7603 0.8221 0.8461 0.8609 0.8861 0.8946 
Kmeans with centroids: 200
Base vector - centroid distance
59949.5 58002.3 57216.6 56760.4 56486.8 56281.3 56146.7 56052.9 55992.7 55948 55915.8 55892.8 55875.7 55863.4 55853.5 55842 55829.1 55821.2 55813.5 55808.4 55805.1 55801.6 55799.4 55797.6 55795.6 55792.3 55789.7 55788.7 55787.3 55786 55785.1 55784.1 55783.8 55783.8 55783.8 55783.8 55783.8 55783.8 55783.8 55783.8 55783.8 55783.8 55783.8 55783.8 55783.8 55783.8 55783.8 55783.8 55783.8 55783.8 
Compression Loss distance
11369.5 10762.7 10486.7 10329.7 10229.3 10162.3 10114.2 10079.3 10051.6 10029.3 10012.2 9998.57 9987.34 9977.9 9969.45 9962.18 9955.84 9950.81 9946.54 9942.58 9939.07 9936.12 9933.83 9931.86 9930.26 9928.75 9927.25 9926.11 9925.22 9924.45 9923.78 9923.17 9922.64 9922.26 9921.95 9921.66 9921.43 9921.23 9920.96 9920.75 9920.6 9920.23 9919.98 9919.72 9919.57 9919.46 9919.29 9919.04 9918.86 9918.67 
result for recall@ 1
50 582 1109 1724 2170 2631 3194 3616 4164 4708 5249 5798 6289 6699 7171 7707 8151 8562 9099 9605 10000 
0.01 0.04 0.07 0.15 0.17 0.23 0.26 0.29 0.31 0.32 0.33 0.38 0.43 0.44 0.47 0.51 0.54 0.55 0.6 0.67 0.69 
result for recall@ 10
100 1164 2218 3448 4340 5262 6388 7232 8328 9416 10498 11596 12578 13398 14342 15414 16302 17124 18198 19210 20000 
0.006 0.068 0.137 0.222 0.246 0.294 0.339 0.369 0.426 0.47 0.502 0.553 0.613 0.628 0.652 0.687 0.716 0.726 0.766 0.804 0.829 
result for recall@ 100
150 1746 3327 5172 6510 7893 9582 10848 12492 14124 15747 17394 18867 20097 21513 23121 24453 25686 27297 28815 30000 
0.0039 0.082 0.1533 0.2529 0.289 0.34 0.3985 0.4257 0.4819 0.5353 0.5828 0.6304 0.6858 0.7007 0.721 0.7619 0.7897 0.8052 0.8432 0.8732 0.8916 
