Kmeans with centroids: 100
Base vector - centroid distance
65400.5 63455.1 62615.8 62138.4 61839.4 61651.6 61513.4 61409 61321 61255.1 61211.9 61178.2 61147.1 61124.6 61104.4 61086.9 61074.9 61064.7 61054.4 61044.6 61031.2 61021.9 61012.7 61004.1 60994.9 60987.9 60983.2 60980.3 60978.6 60977.7 60976.4 60976 60975.7 60975.6 60975.4 60975.2 60975.2 60975.2 60975.2 60975.2 60975.2 60975.2 60975.2 60975.2 60975.2 60975.2 60975.2 60975.2 60975.2 60975.2 
Compression Loss distance
12182.1 11454.7 11114.1 10919.1 10790.6 10699.9 10633.4 10584.4 10545 10512.8 10488.6 10469.1 10452.6 10439.1 10428.6 10419.4 10411.6 10404.4 10398.2 10393.3 10388.6 10384.7 10381.3 10378.1 10375.4 10373.1 10371.2 10369.4 10367.8 10366.6 10365.4 10364.7 10363.9 10363.4 10362.7 10362.3 10361.9 10361.5 10361.2 10361 10360.8 10360.7 10360.5 10360.3 10360.2 10360 10359.8 10359.7 10359.5 10359.5 
result for recall@ 1
126 1236 2323 3376 4279 5135 5981 6858 7799 8823 10000 
0 0 0 0 0 0 0 0 0 0 0.7 
result for recall@ 10
126 1236 2323 3376 4279 5135 5981 6858 7799 8823 10000 
0 0 0 0 0 0 0 0 0 0 0.755 
result for recall@ 100
126 1236 2323 3376 4279 5135 5981 6858 7799 8823 10000 
0 0 0 0 0 0 0 0 0 0 0.8053 
Kmeans with centroids: 110
Base vector - centroid distance
64654.3 62693.2 61921.1 61507.2 61262.2 61072.5 60942.9 60843.5 60761.7 60691.8 60634.9 60576.2 60523.2 60487.1 60460.6 60445.5 60434.7 60425.2 60417.4 60413.3 60410.2 60406.2 60401.9 60397.9 60394.4 60391.5 60389.3 60387.6 60386 60384.9 60384.3 60384.2 60383.8 60383.3 60382.8 60381.8 60380.8 60380.3 60380.1 60379.9 60379.4 60378.8 60378.4 60378.4 60378.4 60378.4 60378.4 60378.4 60378.4 60378.4 
Compression Loss distance
12107.2 11406.4 11076.2 10880.3 10749.6 10660 10593.9 10542.1 10501.2 10469.4 10444.1 10422.1 10404.6 10390.7 10379.3 10369.5 10361.2 10354.1 10347.8 10342.4 10337.7 10333.1 10328.6 10325.1 10322.3 10320.1 10318.2 10316.5 10314.7 10312.9 10311.3 10309.9 10308.7 10307.8 10307.1 10306.5 10305.9 10305.3 10304.9 10304.6 10304.4 10304.1 10303.9 10303.5 10303.2 10303.1 10302.9 10302.9 10302.8 10302.6 
result for recall@ 1
107 1107 2027 2939 3797 4564 5332 6075 6911 7845 8857 10000 
0 0 0 0 0 0 0 0 0 0 0 0.74 
result for recall@ 10
107 1107 2027 2939 3797 4564 5332 6075 6911 7845 8857 10000 
0 0 0 0 0 0 0 0 0 0 0 0.749 
result for recall@ 100
107 1107 2027 2939 3797 4564 5332 6075 6911 7845 8857 10000 
0 0 0 0 0 0 0 0 0 0 0 0.801 
Kmeans with centroids: 120
Base vector - centroid distance
64452.3 62095.2 61264.6 60781.2 60449 60226.9 60075.5 59964.7 59884.9 59815.6 59761.2 59713.4 59669.2 59640.5 59623.1 59610 59602.5 59594.5 59587.9 59579.5 59571.6 59563.4 59549.8 59539.5 59530.7 59520.5 59513.5 59507 59498.9 59489.6 59478.2 59474.5 59468.4 59460.5 59454.1 59448.9 59443.8 59441 59439.2 59438.4 59437.9 59437.3 59437.1 59437 59437 59437 59437 59437 59437 59437 
Compression Loss distance
12047.3 11319.2 10983.3 10784.4 10659.2 10572.7 10511.2 10462.8 10424.6 10393.2 10367.4 10346.2 10329.4 10315 10303.5 10292.8 10283.9 10276.4 10270 10264.3 10259.4 10255.3 10251.2 10247.9 10245.3 10243.2 10241.6 10240.1 10238.8 10237.2 10236 10234.9 10234.2 10233.7 10233.1 10232.5 10231.9 10231.4 10230.9 10230.3 10229.9 10229.6 10229.2 10229 10228.7 10228.5 10228.2 10228.1 10228 10227.9 
result for recall@ 1
105 1028 1916 2769 3606 4373 5100 5785 6501 7255 8071 8957 10000 
0 0 0 0 0 0 0 0 0 0 0 0 0.71 
result for recall@ 10
105 1028 1916 2769 3606 4373 5100 5785 6501 7255 8071 8957 10000 
0 0 0 0 0 0 0 0 0 0 0 0 0.761 
result for recall@ 100
105 1028 1916 2769 3606 4373 5100 5785 6501 7255 8071 8957 10000 
0 0 0 0 0 0 0 0 0 0 0 0 0.8042 
Kmeans with centroids: 130
Base vector - centroid distance
63278.5 61391.3 60654.1 60256.8 59942.6 59730.2 59593.8 59501.1 59424.3 59366.7 59325 59295.2 59266.5 59234 59206.1 59180.6 59156.8 59137 59117.8 59100.3 59079.8 59062.7 59050.8 59042.9 59035.4 59029.9 59027.8 59026 59024.3 59022.1 59020.6 59019.1 59017.4 59016.5 59015.4 59015 59014.3 59013.6 59013 59012.4 59011 59009.1 59007.6 59006.4 59006.1 59005.8 59005.7 59005.7 59005.7 59005.7 
Compression Loss distance
12069.8 11349.8 11015.5 10819.2 10687.4 10592.6 10523.6 10470.6 10429.7 10397.2 10372.4 10350.6 10332.4 10316.1 10303.2 10291.9 10282.7 10274.5 10267.3 10260.6 10254.6 10249.5 10245.4 10241.8 10238.7 10235.6 10233.2 10231.4 10230 10228.8 10227.8 10226.8 10226 10225.1 10224.4 10223.8 10223.1 10222.6 10221.9 10221.2 10220.6 10220.3 10220.1 10220 10219.9 10219.9 10219.8 10219.8 10219.8 10219.7 
result for recall@ 1
93 903 1673 2441 3189 3910 4605 5309 6011 6734 7487 8255 9053 10000 
0 0 0 0 0 0 0 0 0 0 0 0 0 0.62 
result for recall@ 10
93 903 1673 2441 3189 3910 4605 5309 6011 6734 7487 8255 9053 10000 
0 0 0 0 0 0 0 0 0 0 0 0 0 0.755 
result for recall@ 100
93 903 1673 2441 3189 3910 4605 5309 6011 6734 7487 8255 9053 10000 
0 0 0 0 0 0 0 0 0 0 0 0 0 0.8049 
Kmeans with centroids: 140
Base vector - centroid distance
62612.2 60647.4 59881.7 59456.7 59211.5 59065.4 58956.5 58876.6 58795.1 58715 58648.2 58593.1 58551.9 58523 58502.4 58482.8 58466.6 58456.5 58449 58444.2 58438.7 58434.9 58430.3 58425.5 58421 58415.8 58410.6 58406.1 58402.7 58399.8 58397 58393.6 58390.7 58384.9 58379.4 58373.2 58368.2 58364.6 58361.2 58357.7 58355.3 58351.7 58348.4 58343.2 58338.1 58333.2 58328.1 58326.1 58324.5 58323.6 
Compression Loss distance
11961.5 11266.6 10937.2 10747.5 10615.3 10522.2 10452.4 10399.1 10357 10324.3 10298 10277.2 10260.2 10246.5 10235.2 10225.6 10217.8 10211.2 10205.2 10200.4 10196.5 10193.1 10190 10187.1 10185 10183.3 10182 10180.7 10179.6 10178.6 10177.7 10177 10176.2 10175.7 10175.3 10174.9 10174.5 10174.3 10174 10173.5 10173.1 10173 10172.9 10172.8 10172.7 10172.6 10172.6 10172.4 10172.3 10172.3 
result for recall@ 1
86 872 1622 2351 3078 3742 4386 5047 5626 6227 6882 7571 8286 9089 10000 
0 0 0 0 0 0 0 0 0 0 0 0 0 0 0.69 
result for recall@ 10
86 872 1622 2351 3078 3742 4386 5047 5626 6227 6882 7571 8286 9089 10000 
0 0 0 0 0 0 0 0 0 0 0 0 0 0 0.747 
result for recall@ 100
86 872 1622 2351 3078 3742 4386 5047 5626 6227 6882 7571 8286 9089 10000 
0 0 0 0 0 0 0 0 0 0 0 0 0 0 0.8077 
Kmeans with centroids: 150
Base vector - centroid distance
62132.6 60267.6 59509.8 59120.3 58866.3 58697.5 58602.8 58524.1 58450.1 58390 58337.3 58292.1 58253.2 58222.4 58195.2 58174.8 58156.2 58136.2 58117.2 58095.4 58072.8 58050.9 58028.5 58009.5 57994.4 57981.7 57973.6 57967.6 57959.9 57953.7 57948.8 57943.5 57938.9 57933.5 57929.2 57926.4 57924.1 57921.3 57919.5 57918 57917.4 57917.2 57917.2 57917.2 57917.2 57917.2 57917.2 57917.2 57917.2 57917.2 
Compression Loss distance
11952.9 11236.5 10906.1 10709.6 10573.4 10476.7 10406.8 10353.4 10312.2 10280.1 10254 10232.4 10214.3 10199 10187 10177.3 10169 10161.6 10155.2 10149.8 10145.4 10141.8 10138.8 10136.1 10133.7 10131.1 10129 10126.8 10125 10123.4 10121.7 10120.4 10119.1 10118 10117 10116.1 10115.1 10114.6 10114.2 10113.6 10113 10112.5 10112.1 10111.7 10111.5 10111.1 10110.7 10110.2 10110 10109.8 
result for recall@ 1
77 783 1443 2084 2723 3357 3976 4558 5113 5696 6291 6943 7614 8322 9070 10000 
0 0 0 0 0 0 0 0 0 0 0 0 0 0 0 0.71 
result for recall@ 10
77 783 1443 2084 2723 3357 3976 4558 5113 5696 6291 6943 7614 8322 9070 10000 
0 0 0 0 0 0 0 0 0 0 0 0 0 0 0 0.757 
result for recall@ 100
77 783 1443 2084 2723 3357 3976 4558 5113 5696 6291 6943 7614 8322 9070 10000 
0 0 0 0 0 0 0 0 0 0 0 0 0 0 0 0.8134 
Kmeans with centroids: 160
Base vector - centroid distance
61415.3 59635.4 58919.6 58497 58205.6 57973 57790 57683 57606.4 57544.4 57501.3 57469.5 57437.7 57414.9 57395.4 57379.7 57368.6 57353.8 57344.6 57336.9 57329.8 57323.9 57316.3 57312.7 57309.1 57307.9 57307.1 57306.4 57305.8 57305.2 57304.7 57304.3 57304.3 57304.3 57304.3 57304.3 57304.3 57304.3 57304.3 57304.3 57304.3 57304.3 57304.3 57304.3 57304.3 57304.3 57304.3 57304.3 57304.3 57304.3 
Compression Loss distance
11787.9 11099.7 10777.3 10587.9 10467.2 10384.3 10323.2 10274.9 10237.3 10208.9 10185.2 10167.1 10152.2 10139.6 10129.2 10119.9 10112 10105.2 10099.7 10094.5 10090.2 10086.5 10083 10079.8 10076.6 10073.6 10071.2 10069.3 10067.8 10066.7 10065.7 10064.8 10063.8 10062.9 10062.1 10061.3 10060.7 10060.2 10059.8 10059.6 10059.4 10059.1 10058.9 10058.7 10058.5 10058.3 10058 10057.7 10057.6 10057.3 
result for recall@ 1
75 792 1466 2108 2758 3371 3969 4561 5109 5609 6123 6676 7271 7876 8510 9202 10000 
0 0 0 0 0 0 0 0 0 0 0 0 0 0 0 0 0.71 
result for recall@ 10
75 792 1466 2108 2758 3371 3969 4561 5109 5609 6123 6676 7271 7876 8510 9202 10000 
0 0 0 0 0 0 0 0 0 0 0 0 0 0 0 0 0.752 
result for recall@ 100
75 792 1466 2108 2758 3371 3969 4561 5109 5609 6123 6676 7271 7876 8510 9202 10000 
0 0 0 0 0 0 0 0 0 0 0 0 0 0 0 0 0.8054 
Kmeans with centroids: 170
Base vector - centroid distance
61016.9 59173.5 58438 58057.1 57818.6 57663.9 57553.6 57485.2 57435.8 57393.8 57361.7 57340 57319.3 57296.8 57267.6 57245 57227.2 57214.7 57208.1 57201.5 57193.2 57186.4 57180.8 57175.3 57172.6 57168.9 57167.2 57165.1 57162.8 57160.2 57158.8 57158.6 57158.4 57158.4 57158.4 57158.4 57158.4 57158.4 57158.4 57158.4 57158.4 57158.4 57158.4 57158.4 57158.4 57158.4 57158.4 57158.4 57158.4 57158.4 
Compression Loss distance
11846.7 11146.2 10813.6 10613.5 10480.2 10386.8 10318.6 10267.3 10229.4 10199 10173.4 10152.7 10135.6 10120.7 10108.5 10097.8 10089.3 10082.3 10076.5 10070.9 10066.3 10062.3 10058.6 10055.3 10052.9 10050.6 10048.6 10046.8 10045.3 10043.8 10042.8 10041.8 10041.1 10040.5 10040 10039.4 10039.1 10038.8 10038.5 10038 10037.6 10037.4 10037.1 10036.9 10036.7 10036.6 10036.4 10036.3 10036.3 10036.3 
result for recall@ 1
80 773 1422 2048 2661 3273 3860 4384 4881 5334 5806 6306 6832 7386 7957 8575 9257 10000 
0 0 0 0 0 0 0 0 0 0 0 0 0 0 0 0 0 0.71 
result for recall@ 10
80 773 1422 2048 2661 3273 3860 4384 4881 5334 5806 6306 6832 7386 7957 8575 9257 10000 
0 0 0 0 0 0 0 0 0 0 0 0 0 0 0 0 0 0.751 
result for recall@ 100
80 773 1422 2048 2661 3273 3860 4384 4881 5334 5806 6306 6832 7386 7957 8575 9257 10000 
0 0 0 0 0 0 0 0 0 0 0 0 0 0 0 0 0 0.8105 
Kmeans with centroids: 180
Base vector - centroid distance
60870.9 58793.5 57956.6 57543.1 57306.5 57136.6 57007.4 56905.5 56832.9 56775.7 56725.8 56679.9 56641.2 56597.9 56573.2 56552.1 56535.4 56518 56505.4 56494.9 56488.2 56482.7 56477.8 56475.1 56471.9 56467.3 56464.3 56461 56459.1 56458.4 56458 56458 56458 56458 56458 56458 56458 56458 56458 56458 56458 56458 56458 56458 56458 56458 56458 56458 56458 56458 
Compression Loss distance
11718.2 11047.3 10728.9 10535.3 10409.6 10321.5 10257.7 10209.2 10170.4 10139.9 10114.8 10094.5 10077.7 10063.9 10052 10041.7 10033.6 10027.3 10022.2 10017.6 10013.5 10009.8 10006.8 10004.4 10002 10000 9998.28 9996.73 9995.29 9994.24 9993.27 9992.24 9991.24 9990.3 9989.55 9988.94 9988.37 9987.85 9987.35 9987.05 9986.85 9986.65 9986.44 9986.27 9986.08 9985.94 9985.72 9985.5 9985.41 9985.33 
result for recall@ 1
65 678 1273 1846 2398 2944 3460 3956 4410 4850 5312 5815 6351 6913 7482 8067 8662 9280 10000 
0 0 0 0 0 0 0 0 0 0 0 0 0 0 0 0 0 0 0.7 
result for recall@ 10
65 678 1273 1846 2398 2944 3460 3956 4410 4850 5312 5815 6351 6913 7482 8067 8662 9280 10000 
0 0 0 0 0 0 0 0 0 0 0 0 0 0 0 0 0 0 0.762 
result for recall@ 100
65 678 1273 1846 2398 2944 3460 3956 4410 4850 5312 5815 6351 6913 7482 8067 8662 9280 10000 
0 0 0 0 0 0 0 0 0 0 0 0 0 0 0 0 0 0 0.8115 
Kmeans with centroids: 190
Base vector - centroid distance
60449.2 58472.4 57706.2 57286 57031.1 56861.7 56734.4 56616.1 56536.9 56464.6 56405.6 56352.8 56305.3 56277.5 56255.1 56237.8 56225.1 56213.6 56204.6 56191.2 56179 56165.3 56153.6 56145.1 56138.6 56135.7 56134.2 56133.3 56132.7 56131.8 56131 56130.4 56130.4 56130.4 56130.4 56130.4 56130.4 56130.4 56130.4 56130.4 56130.4 56130.4 56130.4 56130.4 56130.4 56130.4 56130.4 56130.4 56130.4 56130.4 
Compression Loss distance
11683 11013.7 10695.2 10504.7 10380.1 10294.6 10233.7 10186.8 10149.1 10119.3 10095.2 10075.7 10059.4 10045.5 10033.5 10023.5 10014.6 10007.2 10000.6 9994.59 9989.78 9985.83 9982.18 9978.89 9976.19 9974.01 9972.04 9970.07 9968.25 9966.66 9965.26 9964.08 9962.8 9961.89 9961.27 9960.69 9960.08 9959.65 9959.21 9958.85 9958.46 9958.17 9957.86 9957.56 9957.31 9957.13 9956.98 9956.85 9956.75 9956.69 
result for recall@ 1
68 649 1213 1748 2264 2783 3283 3771 4246 4693 5106 5525 5993 6472 6973 7524 8096 8674 9265 10000 
0 0 0 0 0 0 0 0 0 0 0 0 0 0 0 0 0 0 0 0.66 
result for recall@ 10
68 649 1213 1748 2264 2783 3283 3771 4246 4693 5106 5525 5993 6472 6973 7524 8096 8674 9265 10000 
0 0 0 0 0 0 0 0 0 0 0 0 0 0 0 0 0 0 0 0.747 
result for recall@ 100
68 649 1213 1748 2264 2783 3283 3771 4246 4693 5106 5525 5993 6472 6973 7524 8096 8674 9265 10000 
0 0 0 0 0 0 0 0 0 0 0 0 0 0 0 0 0 0 0 0.8064 
Kmeans with centroids: 200
Base vector - centroid distance
59838.8 57866.6 57098.3 56654.5 56366.7 56149 55975.8 55865.5 55785 55720.2 55677.8 55639.6 55607.4 55576.7 55553.2 55538.2 55525.9 55516.5 55507.4 55501.5 55495.7 55487.5 55482.8 55479.8 55478 55476.8 55476.1 55475.6 55475.2 55474.8 55474.5 55474.1 55473.9 55472.5 55471 55470.2 55468.6 55467.5 55466.9 55465.9 55464.3 55463.3 55462.4 55462.1 55461.4 55460.7 55460 55460 55460 55460 
Compression Loss distance
11639.7 10961.3 10648.8 10461.8 10335 10245 10178.4 10126.6 10086.5 10054.6 10028.9 10006.9 9989.06 9974.63 9962.05 9951.89 9943.08 9935.25 9928.38 9922.08 9916.87 9912.63 9909.24 9905.96 9903.44 9900.98 9898.99 9897.28 9895.79 9894.57 9893.42 9892.19 9891.19 9890.13 9889.23 9888.2 9887.31 9886.75 9886.39 9886.1 9885.84 9885.6 9885.36 9885.21 9884.98 9884.84 9884.79 9884.78 9884.77 9884.75 
result for recall@ 1
59 606 1140 1651 2158 2662 3152 3627 4074 4499 4933 5368 5787 6223 6683 7157 7657 8176 8738 9335 10000 
0 0 0 0 0 0 0 0 0 0 0 0 0 0 0 0 0 0 0 0 0.69 
result for recall@ 10
59 606 1140 1651 2158 2662 3152 3627 4074 4499 4933 5368 5787 6223 6683 7157 7657 8176 8738 9335 10000 
0 0 0 0 0 0 0 0 0 0 0 0 0 0 0 0 0 0 0 0 0.745 
result for recall@ 100
59 606 1140 1651 2158 2662 3152 3627 4074 4499 4933 5368 5787 6223 6683 7157 7657 8176 8738 9335 10000 
0 0 0 0 0 0 0 0 0 0 0 0 0 0 0 0 0 0 0 0 0.81 
