Kmeans with centroids: 100
Base vector - centroid distance
65289.3 63408.7 62630 62168.8 61887.3 61707.7 61587.2 61497.2 61428.1 61373 61336.4 61309.6 61285.9 61266.7 61247.5 61231.9 61219.9 61208.9 61198.5 61192.4 61186.8 61182.4 61180.5 61179 61177.8 61176.7 61174.8 61172.3 61170.6 61169.6 61169.4 61169.1 61169 61169 61169 61169 61169 61169 61169 61169 61169 61169 61169 61169 61169 61169 61169 61169 61169 61169 
Compression Loss distance
12187 11484.9 11143.9 10942 10809.6 10716.5 10645.6 10592.8 10551.7 10519.4 10492.9 10471.7 10454.9 10440.7 10427.8 10416.8 10407.5 10399.2 10392.2 10386.2 10380.9 10376.3 10372.6 10369.2 10366.2 10363.7 10361.7 10359.7 10357.7 10356.3 10355.1 10354 10353.1 10352.3 10351.9 10351.5 10351.3 10351.1 10350.8 10350.6 10350.3 10350.1 10349.9 10349.7 10349.6 10349.5 10349.3 10349.2 10349.1 10348.9 
result for recall@ 1
77 1027 2302 3211 4231 5132 6323 7516 8487 9211 10000 
0 0.08 0.19 0.3 0.32 0.45 0.51 0.61 0.65 0.7 0.69 
result for recall@ 10
154 2054 4604 6422 8462 10264 12646 15032 16974 18422 20000 
0.002 0.095 0.24 0.347 0.413 0.51 0.575 0.672 0.748 0.785 0.81 
result for recall@ 100
231 3081 6906 9633 12693 15396 18969 22548 25461 27633 30000 
0.0078 0.0894 0.2424 0.3423 0.4444 0.5489 0.6462 0.7396 0.823 0.8533 0.8836 
Kmeans with centroids: 110
Base vector - centroid distance
65370.8 62968.9 62026.2 61516.1 61165.1 60879.7 60685.4 60549.1 60460.9 60391.2 60343.3 60314.1 60289.1 60272 60259.9 60247.9 60237.5 60229.9 60224.5 60220.8 60216.9 60213.7 60211.1 60207.8 60204.3 60202.5 60200.8 60199.4 60197.7 60196 60195.1 60194.9 60195 60195 60195 60195 60195 60195 60195 60195 60195 60195 60195 60195 60195 60195 60195 60195 60195 60195 
Compression Loss distance
12127.3 11424.6 11093.3 10893.6 10761.1 10670.6 10604.3 10555.6 10517.6 10487.4 10461.9 10440.9 10422.4 10406.8 10394 10384.1 10375.9 10369.6 10364 10358.8 10354.6 10350.8 10347.3 10344.1 10341 10338.3 10335.7 10333.5 10331.6 10329.8 10328.1 10326.6 10325.4 10324.7 10324 10323.5 10322.9 10322.3 10321.8 10321.5 10321.1 10320.7 10320.4 10320.2 10320.1 10319.9 10319.8 10319.6 10319.4 10319.2 
result for recall@ 1
106 995 1891 2830 3691 4581 5517 6455 7407 8215 9235 10000 
0.01 0.09 0.15 0.22 0.32 0.33 0.37 0.48 0.56 0.63 0.66 0.68 
result for recall@ 10
212 1990 3782 5660 7382 9162 11034 12910 14814 16430 18470 20000 
0.013 0.096 0.205 0.312 0.386 0.416 0.477 0.599 0.671 0.738 0.798 0.831 
result for recall@ 100
318 2985 5673 8490 11073 13743 16551 19365 22221 24645 27705 30000 
0.0113 0.1084 0.2163 0.3255 0.4077 0.4533 0.5195 0.6427 0.7245 0.7824 0.8533 0.8906 
Kmeans with centroids: 120
Base vector - centroid distance
64010.2 62122.8 61338 60872.7 60551.7 60346.6 60197.8 60091.3 60007.2 59940.4 59882.8 59835.9 59794.7 59762.2 59729.9 59703.6 59681.1 59665.4 59651.7 59642.2 59636.3 59632 59628 59626.3 59624.3 59621.8 59620.7 59620.3 59620 59619.8 59619.7 59619.7 59619.7 59619.7 59619.7 59619.7 59619.7 59619.7 59619.7 59619.7 59619.7 59619.7 59619.7 59619.7 59619.7 59619.7 59619.7 59619.7 59619.7 59619.7 
Compression Loss distance
12098.6 11393.1 11056.5 10853.6 10719.9 10621.9 10552.3 10501 10461.2 10429.1 10403.7 10383.1 10364.5 10349 10337.6 10327.6 10319.2 10311.9 10305.6 10300.7 10297 10293.9 10291.5 10289 10287.2 10285.5 10284 10282.6 10281.1 10279.9 10278.9 10278 10277.3 10276.7 10276 10275.1 10274.5 10274 10273.5 10273 10272.5 10272.1 10271.8 10271.5 10271.3 10271 10270.8 10270.7 10270.6 10270.5 
result for recall@ 1
68 915 1671 2415 3235 4147 5075 6115 6675 7468 8218 9051 10000 
0 0.08 0.14 0.21 0.29 0.33 0.43 0.48 0.53 0.56 0.61 0.65 0.72 
result for recall@ 10
136 1830 3342 4830 6470 8294 10150 12230 13350 14936 16436 18102 20000 
0.003 0.094 0.165 0.228 0.291 0.378 0.481 0.548 0.592 0.63 0.689 0.723 0.825 
result for recall@ 100
204 2745 5013 7245 9705 12441 15225 18345 20025 22404 24654 27153 30000 
0.0038 0.1016 0.1732 0.24 0.3272 0.4419 0.5208 0.6129 0.6458 0.6872 0.7447 0.7897 0.8831 
Kmeans with centroids: 130
Base vector - centroid distance
63628.5 61641.3 60779.4 60306.4 60010.3 59806.5 59665.2 59537.1 59435.2 59344.7 59269.4 59211.2 59154.6 59101.5 59065.9 59037.7 59008.4 58985 58961.4 58939.4 58925.3 58917.2 58912.1 58907.9 58904.5 58901.3 58899.5 58898.5 58897.8 58896.5 58895.3 58894.1 58891.8 58889.1 58886.9 58885.8 58885 58884.3 58884 58884 58884 58884 58884 58884 58884 58884 58884 58884 58884 58884 
Compression Loss distance
12015.5 11297.4 10959.7 10763.4 10637.3 10548.9 10482.9 10432 10393 10361.8 10337.6 10317.5 10300.9 10286.7 10274.6 10265 10256.5 10248.9 10241.8 10236.2 10230.9 10226.3 10222.7 10219.7 10217.1 10214.8 10212.9 10211.1 10209.4 10208.3 10207.3 10206.4 10205.7 10205 10204.5 10204 10203.6 10203.2 10202.7 10202.4 10202 10201.8 10201.5 10201.2 10201 10200.8 10200.6 10200.4 10200.2 10200.1 
result for recall@ 1
83 946 1688 2485 3304 4161 4735 5476 6318 7060 7885 8560 9304 10000 
0 0.03 0.09 0.15 0.22 0.24 0.27 0.31 0.42 0.45 0.51 0.6 0.65 0.68 
result for recall@ 10
166 1892 3376 4970 6608 8322 9470 10952 12636 14120 15770 17120 18608 20000 
0.004 0.092 0.153 0.213 0.289 0.338 0.393 0.46 0.558 0.586 0.647 0.72 0.784 0.817 
result for recall@ 100
249 2838 5064 7455 9912 12483 14205 16428 18954 21180 23655 25680 27912 30000 
0.0033 0.1089 0.1817 0.2617 0.3562 0.4464 0.5032 0.5643 0.6638 0.6925 0.7413 0.8041 0.8583 0.8868 
Kmeans with centroids: 140
Base vector - centroid distance
62720 60680.5 59908 59483 59253 59118.2 59032.8 58964.7 58911.9 58862.3 58818.2 58771.6 58731.4 58707.3 58684.9 58668.6 58653.2 58640.3 58630.3 58624.5 58618 58611.3 58603.7 58593.7 58582.6 58572.9 58563.7 58557.9 58551.8 58545.7 58538.5 58529.9 58523.2 58517.1 58510.3 58505.2 58501.3 58499.3 58498.5 58497.8 58497.7 58496.7 58495.7 58495.2 58495 58494.8 58494.7 58494.7 58494.7 58494.7 
Compression Loss distance
11981.1 11273.9 10944.9 10753.8 10630.6 10541 10474.2 10422.4 10382.1 10349.1 10321.9 10300 10282.7 10267 10254.3 10244 10234.6 10226.9 10220.8 10215.6 10211.2 10207.4 10204.1 10200.9 10198 10195.5 10193.5 10191.9 10190.3 10188.8 10187.4 10186.4 10185.4 10184.6 10183.8 10182.9 10182.1 10181.4 10180.6 10180 10179.5 10178.9 10178.4 10178 10177.7 10177.1 10176.8 10176.6 10176.6 10176.5 
result for recall@ 1
46 798 1505 2360 3254 4080 4716 5451 6006 6783 7464 8229 8914 9493 10000 
0.01 0.11 0.2 0.27 0.31 0.34 0.38 0.4 0.47 0.52 0.6 0.65 0.66 0.7 0.71 
result for recall@ 10
92 1596 3010 4720 6508 8160 9432 10902 12012 13566 14928 16458 17828 18986 20000 
0.008 0.115 0.211 0.317 0.357 0.409 0.471 0.53 0.599 0.658 0.714 0.743 0.765 0.809 0.826 
result for recall@ 100
138 2394 4515 7080 9762 12240 14148 16353 18018 20349 22392 24687 26742 28479 30000 
0.0037 0.1055 0.1933 0.3097 0.3723 0.4409 0.5078 0.5792 0.6493 0.7156 0.7717 0.8114 0.8284 0.8746 0.8888 
Kmeans with centroids: 150
Base vector - centroid distance
62573.4 60486.7 59655.5 59197.1 58904.4 58723.2 58603.6 58503.2 58423.1 58361 58313 58262.2 58223 58188.5 58164 58143.5 58121.5 58101.7 58086.6 58073 58058.2 58043.3 58026.1 58015.1 58003.4 57995.7 57989.3 57985.5 57983 57982.5 57982.3 57982.3 57982.3 57982.3 57982.3 57982.3 57982.3 57982.3 57982.3 57982.3 57982.3 57982.3 57982.3 57982.3 57982.3 57982.3 57982.3 57982.3 57982.3 57982.3 
Compression Loss distance
11841.6 11167.5 10856.5 10673.7 10552.5 10469 10406.2 10358.4 10321.1 10291.9 10267.8 10248.4 10231.3 10216.9 10204.7 10194.7 10186.3 10179.2 10173 10167.2 10162.8 10158.9 10155.8 10153.2 10150.6 10148.1 10145.8 10144 10142.4 10141.2 10140.2 10139.2 10138.5 10137.8 10137.1 10136.5 10136 10135.5 10135.1 10134.5 10134 10133.6 10133.3 10132.9 10132.5 10132.2 10131.9 10131.6 10131.3 10131.2 
result for recall@ 1
46 620 1333 2035 2735 3494 4077 4741 5475 5978 6692 7488 8110 8889 9551 10000 
0.01 0.06 0.09 0.12 0.15 0.22 0.25 0.25 0.36 0.4 0.49 0.56 0.59 0.64 0.68 0.67 
result for recall@ 10
92 1240 2666 4070 5470 6988 8154 9482 10950 11956 13384 14976 16220 17778 19102 20000 
0.005 0.08 0.14 0.177 0.226 0.313 0.352 0.386 0.465 0.503 0.606 0.682 0.706 0.768 0.803 0.816 
result for recall@ 100
138 1860 3999 6105 8205 10482 12231 14223 16425 17934 20076 22464 24330 26667 28653 30000 
0.0021 0.0565 0.1369 0.1891 0.2589 0.3427 0.3947 0.45 0.5206 0.5556 0.6386 0.7385 0.77 0.8374 0.8732 0.8907 
Kmeans with centroids: 160
Base vector - centroid distance
61669.3 59705.1 58921.6 58451.8 58153.1 57965.1 57843 57755.3 57689.8 57645.2 57605.8 57568.1 57537.4 57515.5 57495.1 57476.3 57460 57447.3 57432.4 57422.6 57416 57408.9 57404.3 57400.1 57397.8 57395.5 57394.7 57394.1 57393.4 57392.8 57392.6 57392.1 57391.7 57391.1 57390.5 57390.3 57390.3 57390.3 57390.3 57390.3 57390.3 57390.3 57390.3 57390.3 57390.3 57390.3 57390.3 57390.3 57390.3 57390.3 
Compression Loss distance
11878 11188.2 10857.4 10660.5 10530.8 10440.6 10374.1 10322.7 10282.3 10250.3 10224.7 10203.7 10186.8 10172.4 10159.7 10148.8 10138.9 10130.9 10123.7 10117.5 10111.9 10106.7 10102.1 10097.7 10094.2 10091.3 10088.7 10086.7 10084.9 10083.6 10082.3 10081.2 10080.1 10078.9 10077.8 10077 10076.3 10075.6 10075 10074.4 10073.9 10073.4 10072.9 10072.5 10072.2 10071.9 10071.7 10071.5 10071.2 10071 
result for recall@ 1
26 671 1306 1887 2546 3181 3687 4235 4911 5570 6276 6933 7556 8388 8877 9440 10000 
0 0.06 0.11 0.13 0.16 0.19 0.21 0.25 0.28 0.31 0.36 0.39 0.43 0.46 0.49 0.59 0.63 
result for recall@ 10
52 1342 2612 3774 5092 6362 7374 8470 9822 11140 12552 13866 15112 16776 17754 18880 20000 
0.001 0.096 0.147 0.199 0.238 0.315 0.36 0.407 0.453 0.519 0.575 0.6 0.638 0.675 0.712 0.77 0.823 
result for recall@ 100
78 2013 3918 5661 7638 9543 11061 12705 14733 16710 18828 20799 22668 25164 26631 28320 30000 
0.001 0.1086 0.1727 0.2309 0.2771 0.377 0.4216 0.4717 0.5157 0.5983 0.666 0.6881 0.7159 0.7718 0.8045 0.8485 0.8912 
Kmeans with centroids: 170
Base vector - centroid distance
60933.5 59073.9 58323 57925.8 57647 57466.8 57343.3 57243.7 57155.3 57098.8 57059.7 57031 57012.8 56992.3 56972.4 56956.1 56944.9 56933.9 56925.7 56920.1 56918.1 56916.7 56914.7 56914 56913.6 56912.8 56912.1 56912.1 56912.1 56912.1 56912.1 56912.1 56912.1 56912.1 56912.1 56912.1 56912.1 56912.1 56912.1 56912.1 56912.1 56912.1 56912.1 56912.1 56912.1 56912.1 56912.1 56912.1 56912.1 56912.1 
Compression Loss distance
11809.6 11118.3 10787.7 10594.9 10467.4 10377.5 10308.5 10256.4 10218.1 10187.5 10160.6 10139.6 10122.2 10108.4 10096.9 10087.8 10080.2 10073.5 10067.7 10062.6 10058.1 10054.3 10051.5 10048.9 10046.6 10044.9 10043.3 10041.9 10040.5 10039.4 10038.3 10037.3 10036.6 10035.8 10035.1 10034.4 10033.7 10033.1 10032.7 10032.3 10032 10031.7 10031.4 10031.2 10031 10030.8 10030.7 10030.5 10030.4 10030.3 
result for recall@ 1
47 562 1224 1888 2313 2853 3513 3922 4669 5332 5920 6543 7007 7685 8345 8947 9426 10000 
0 0.02 0.07 0.13 0.14 0.21 0.3 0.3 0.38 0.5 0.54 0.57 0.63 0.64 0.67 0.72 0.74 0.76 
result for recall@ 10
94 1124 2448 3776 4626 5706 7026 7844 9338 10664 11840 13086 14014 15370 16690 17894 18852 20000 
0.002 0.045 0.122 0.178 0.204 0.272 0.359 0.376 0.463 0.554 0.586 0.62 0.665 0.702 0.759 0.799 0.807 0.831 
result for recall@ 100
141 1686 3672 5664 6939 8559 10539 11766 14007 15996 17760 19629 21021 23055 25035 26841 28278 30000 
0.004 0.0478 0.1312 0.1984 0.2268 0.3001 0.3774 0.4002 0.5083 0.5842 0.6287 0.671 0.7013 0.7405 0.8142 0.843 0.8528 0.8903 
Kmeans with centroids: 180
Base vector - centroid distance
61292.7 59371.7 58509.4 57998.6 57680.9 57487.2 57350.3 57254.6 57181 57133.8 57094.7 57064.4 57042.1 57022.2 57002.4 56985.3 56966 56953.1 56940.1 56936.2 56932.3 56928 56923 56910.3 56897.8 56887.1 56870.6 56858.3 56846.8 56832.8 56824.8 56819.4 56816.2 56812.1 56804 56798.3 56793.1 56789 56785 56783.1 56782.5 56782.1 56782.1 56782.1 56782.1 56782.1 56782.1 56782.1 56782.1 56782.1 
Compression Loss distance
11756 11074.4 10756 10568.4 10443.5 10357.1 10293.6 10245.3 10208.2 10179.6 10157.4 10139.5 10124.4 10110.5 10098.5 10088.1 10079.2 10072.3 10066.5 10061.1 10056.3 10052.2 10049 10046.6 10044.5 10042.5 10040.7 10038.8 10037.1 10035.6 10034.6 10033.6 10033 10032.3 10031.6 10030.8 10030 10029.5 10029 10028.6 10028.3 10027.8 10027.5 10027.4 10027.2 10027.1 10027 10026.9 10026.8 10026.7 
result for recall@ 1
91 629 1135 1770 2205 2911 3477 4044 4662 5191 5745 6409 6971 7549 8152 8605 9041 9534 10000 
0.02 0.06 0.07 0.11 0.12 0.19 0.22 0.28 0.29 0.32 0.38 0.45 0.5 0.56 0.61 0.66 0.69 0.74 0.74 
result for recall@ 10
182 1258 2270 3540 4410 5822 6954 8088 9324 10382 11490 12818 13942 15098 16304 17210 18082 19068 20000 
0.015 0.066 0.084 0.128 0.136 0.223 0.256 0.33 0.379 0.398 0.453 0.533 0.586 0.649 0.716 0.763 0.789 0.822 0.842 
result for recall@ 100
273 1887 3405 5310 6615 8733 10431 12132 13986 15573 17235 19227 20913 22647 24456 25815 27123 28602 30000 
0.0149 0.0588 0.0934 0.1418 0.1597 0.2529 0.3046 0.3803 0.437 0.4634 0.5117 0.5922 0.6684 0.7219 0.7863 0.8183 0.8361 0.8638 0.8912 
Kmeans with centroids: 190
Base vector - centroid distance
60319.8 58339.5 57556.5 57108.9 56824.5 56629.1 56504.7 56417 56352.9 56301.4 56259.9 56227.8 56199 56174.9 56155.1 56137.6 56127.7 56124.1 56121.5 56119.7 56118.3 56117.5 56116.7 56116.1 56116 56115.9 56115.7 56115.3 56114.6 56113.7 56113.3 56113.3 56113.3 56113.3 56113.3 56113.3 56113.3 56113.3 56113.3 56113.3 56113.3 56113.3 56113.3 56113.3 56113.3 56113.3 56113.3 56113.3 56113.3 56113.3 
Compression Loss distance
11695.1 11035.1 10721.4 10538.3 10414.7 10328.8 10264.9 10214.8 10175.2 10142 10115.4 10093.7 10075.8 10060.5 10048.1 10038.3 10029.8 10022.6 10016.4 10010.8 10006 10002.4 9999.17 9996.14 9993.19 9990.65 9987.98 9985.66 9983.69 9981.99 9980.69 9979.57 9978.7 9977.8 9977.13 9976.54 9975.75 9975 9974.18 9973.64 9973.26 9972.94 9972.58 9972.27 9972.08 9971.95 9971.86 9971.76 9971.65 9971.58 
result for recall@ 1
39 566 1106 1536 2060 2522 3074 3606 4022 4574 5118 5661 6210 6873 7251 7775 8340 8870 9485 10000 
0.01 0.07 0.09 0.12 0.18 0.19 0.23 0.27 0.29 0.36 0.39 0.47 0.48 0.52 0.55 0.6 0.71 0.73 0.74 0.76 
result for recall@ 10
78 1132 2212 3072 4120 5044 6148 7212 8044 9148 10236 11322 12420 13746 14502 15550 16680 17740 18970 20000 
0.011 0.075 0.139 0.181 0.228 0.27 0.312 0.357 0.394 0.447 0.502 0.55 0.594 0.632 0.669 0.698 0.765 0.796 0.809 0.834 
result for recall@ 100
117 1698 3318 4608 6180 7566 9222 10818 12066 13722 15354 16983 18630 20619 21753 23325 25020 26610 28455 30000 
0.0072 0.0578 0.141 0.185 0.2391 0.2981 0.3453 0.386 0.4352 0.4892 0.5428 0.5974 0.6464 0.7043 0.7305 0.7599 0.8144 0.8395 0.8602 0.8921 
Kmeans with centroids: 200
Base vector - centroid distance
59765.1 57804 57080.7 56721.1 56484.8 56317.6 56208.2 56121.5 56062.2 56017.7 55979.2 55946.2 55915.8 55888.6 55859.9 55830.3 55806 55787.8 55774.6 55765.8 55759.9 55754.8 55752.2 55750.9 55750.7 55750.3 55750 55749.7 55749.6 55749.6 55749.6 55749.6 55749.6 55749.6 55749.6 55749.6 55749.6 55749.6 55749.6 55749.6 55749.6 55749.6 55749.6 55749.6 55749.6 55749.6 55749.6 55749.6 55749.6 55749.6 
Compression Loss distance
11649 10987.8 10677.1 10485.9 10357.7 10264.3 10193.4 10140.9 10100.9 10068.2 10043.7 10025 10009.4 9996.58 9986 9976.96 9969.59 9963.83 9957.99 9952.72 9948.45 9944.62 9941.27 9938.22 9935.46 9933.07 9931 9929.49 9928.1 9926.87 9925.71 9924.67 9923.6 9922.76 9922.13 9921.51 9920.89 9920.32 9919.88 9919.39 9918.96 9918.57 9918.13 9917.78 9917.49 9917.21 9916.98 9916.72 9916.46 9916.16 
result for recall@ 1
23 439 933 1408 1906 2430 2921 3462 3913 4401 4901 5468 5955 6441 6980 7456 7920 8364 8837 9531 10000 
0 0 0.02 0.06 0.08 0.13 0.15 0.19 0.26 0.31 0.34 0.37 0.39 0.4 0.48 0.53 0.59 0.62 0.61 0.69 0.73 
result for recall@ 10
46 878 1866 2816 3812 4860 5842 6924 7826 8802 9802 10936 11910 12882 13960 14912 15840 16728 17674 19062 20000 
0 0.015 0.054 0.103 0.158 0.217 0.241 0.299 0.348 0.405 0.449 0.48 0.525 0.546 0.606 0.647 0.675 0.702 0.717 0.783 0.817 
result for recall@ 100
69 1317 2799 4224 5718 7290 8763 10386 11739 13203 14703 16404 17865 19323 20940 22368 23760 25092 26511 28593 30000 
0.0002 0.0228 0.0675 0.1117 0.1702 0.2325 0.2679 0.3354 0.3688 0.4181 0.4731 0.5195 0.5691 0.5952 0.6668 0.7251 0.75 0.773 0.7938 0.8678 0.8883 
